CUS_ID,Ypred
1193,0
1727,0
3293,0
4328,0
5555,0
7193,0
7337,0
8142,0
8531,0
8849,0
9824,0
9861,0
10008,0
10422,0
11066,0
12189,0
12248,0
13554,0
15080,0
18008,0
18155,0
19214,0
19707,0
20867,0
21183,0
21768,0
22893,0
24127,0
25501,0
25529,0
26652,0
26990,0
27320,0
28304,0
28721,0
29077,0
29378,0
33268,0
34225,0
37822,0
39126,0
39475,0
40012,0
40883,0
41844,0
42860,0
42979,0
42989,0
43825,0
43841,0
45681,0
45852,0
48438,0
49628,0
51291,0
51974,0
52677,0
52941,0
53224,0
54118,0
54296,0
55603,0
56660,0
56663,0
58913,0
59326,0
59387,0
60720,0
61305,0
62125,0
64108,0
64217,0
64528,0
66597,0
67648,0
67708,0
68651,0
69755,0
70320,0
70405,0
71274,0
73337,0
73640,0
73875,0
74131,0
74646,0
75581,0
75700,0
77516,0
77948,0
78424,0
79740,0
85095,0
85983,0
86317,0
86629,0
86809,0
86901,0
87355,0
89013,0
90790,0
92313,0
93801,0
94224,0
95200,0
95670,0
95827,0
96410,0
96680,0
96683,0
96751,0
96915,0
96932,0
97314,0
97320,0
97326,0
97745,0
99098,0
99500,0
99928,0
100651,0
101913,0
102732,0
103563,0
105668,0
106207,0
107495,0
111043,0
112297,0
114675,0
115886,0
116494,0
116743,0
117901,0
119545,0
119613,0
119850,0
120956,0
121384,0
121717,0
121867,0
124466,0
125362,0
126717,0
127316,0
127641,0
127680,0
127737,0
129464,0
129556,0
130973,0
131277,0
131727,0
133110,0
133779,0
134514,0
134916,0
135644,0
136795,0
137326,0
137971,0
139417,0
140132,0
141454,0
141457,0
142892,0
143031,0
145557,0
145558,0
145708,0
145898,0
145943,0
146366,0
149101,0
150311,0
151214,0
152206,0
152649,0
152878,0
152913,0
154393,0
155068,0
155711,0
155808,0
157239,0
157687,0
157858,0
158537,0
159218,0
159233,0
159448,0
160587,0
161092,0
161470,0
162655,0
163937,0
166104,0
166203,0
167498,0
168354,0
170320,0
170574,0
170702,0
172337,0
173331,0
174342,0
176155,0
176619,0
176802,0
177800,0
178309,0
179082,0
179234,0
179574,0
180284,0
181741,0
181995,0
182133,0
183511,0
184335,0
184378,0
185938,0
185943,0
186762,0
186799,0
186828,0
186947,0
187520,0
188069,0
188483,0
188791,0
189023,0
189516,0
189737,0
190018,0
192156,0
193303,0
193509,0
193776,0
193941,0
194284,0
195190,0
196065,0
197396,0
197439,0
197680,0
198719,0
199286,0
199817,0
200716,0
200810,0
201421,0
204185,0
204789,0
205713,0
207040,0
207337,0
207561,0
210358,0
211148,0
215331,0
215814,0
217604,0
218637,0
220932,0
221172,0
221828,0
228881,0
228894,0
229861,0
230223,0
231117,0
231243,0
233395,0
233653,0
237996,0
238541,0
239190,0
241991,0
242508,0
245184,0
245215,0
246200,0
246335,0
246370,0
247379,0
248472,0
248617,0
248758,0
251161,0
251408,0
251837,0
252267,0
253248,0
253271,0
254646,0
255620,0
255852,0
256124,0
256488,0
259592,0
259792,0
260310,0
260321,0
262528,0
262687,0
262787,0
265662,0
266114,0
267274,0
269410,0
271508,0
271614,0
273724,0
274306,0
275426,0
275679,0
275711,0
275758,0
275899,0
276019,0
276526,0
276858,0
277206,0
278821,0
281225,0
281452,0
282103,0
283146,0
283857,0
285455,0
286069,0
286558,0
286651,0
286898,0
289830,0
289874,0
290581,0
291318,0
291481,0
291938,0
292395,0
292821,0
293858,0
294042,0
296864,0
297399,0
302361,0
302762,0
302928,0
303814,0
304126,0
306908,0
307572,0
307586,0
309329,0
311137,0
311633,0
312542,0
313218,0
313259,0
313889,0
316520,0
316718,0
320335,0
320868,0
321629,0
323494,0
323968,0
324033,0
324194,0
324394,0
324734,0
329261,0
331153,0
331511,0
332096,0
332792,0
333488,0
333813,0
334917,0
336427,0
337549,0
339726,0
339779,0
340400,0
340803,0
342736,0
344093,0
344492,0
345916,0
346326,0
346901,0
346972,0
347430,0
348292,0
350819,0
351187,0
353048,1
353059,0
354332,0
354385,0
356631,0
356700,0
358086,0
358452,0
358673,0
358735,0
358760,0
359412,0
361507,0
361856,0
365295,0
365327,0
366023,0
366070,0
366180,0
366301,0
367723,0
368265,0
368967,0
369007,0
369988,0
370217,0
370678,0
371915,0
374148,0
376185,0
376454,0
377172,0
378729,0
387862,0
392291,0
393438,0
395514,0
395918,0
397253,0
400396,1
402276,0
403289,0
407454,0
410300,0
414198,0
415853,0
416015,0
416578,0
417106,0
418381,0
420506,0
421264,0
421862,0
421876,0
423010,1
424455,0
425616,0
425743,0
425891,0
426750,0
427578,0
429891,1
429902,0
430854,0
431066,0
431246,0
431853,0
432859,0
433023,0
433770,0
433851,0
435620,0
436301,0
437944,0
438048,0
439249,1
442094,0
442130,0
443281,1
443908,0
443914,0
445023,0
445827,0
446099,0
446600,0
447291,0
447694,0
448835,0
449347,0
449897,0
450853,0
451626,0
451791,0
452125,0
452542,0
454055,0
455932,0
456556,0
458689,0
460024,0
460068,0
462762,0
469416,0
470897,0
471228,0
472231,0
472361,0
476727,0
478031,0
478411,0
478498,0
480861,0
482493,0
485272,0
486458,0
486535,0
486620,0
487357,0
489018,0
491137,0
491330,0
491670,0
492883,0
495943,0
499018,0
499327,0
500152,0
500361,0
500487,0
500735,0
502282,0
502875,0
503652,0
506301,0
506412,0
508999,0
509207,0
510438,0
515250,0
518464,1
519183,0
520309,0
521893,0
527867,0
528068,0
529986,0
533678,0
536916,0
540657,0
540662,0
540966,0
542272,0
543811,0
545071,0
547820,0
549867,0
557533,0
558958,0
559430,0
559886,0
560293,0
562036,0
564698,0
567293,0
575146,0
577664,1
582238,0
586204,0
589071,0
590257,0
591441,0
591786,0
593211,0
593875,0
595222,0
596178,0
598132,0
600496,0
602476,0
603368,0
609081,0
611077,0
611432,0
612534,0
614989,0
616287,0
617491,0
618039,0
619348,0
621119,0
621167,1
627046,0
631218,0
634656,0
638941,0
646008,0
647947,0
649569,0
651954,0
653585,0
655494,0
658645,0
659257,1
660652,0
662265,0
662953,0
663046,0
663371,0
665608,0
665926,0
666413,0
667317,0
672684,0
674584,0
674716,0
680131,0
681214,0
681442,0
681662,0
681869,0
681979,0
683938,0
685079,0
687435,0
688068,0
688152,0
691130,0
692439,0
692881,0
694789,0
695153,0
696048,0
697853,0
698316,0
699483,0
699939,0
701019,0
702027,0
703393,0
703949,0
704501,0
706361,0
708122,0
712093,0
712561,0
713075,0
714012,0
714181,0
714403,0
715758,0
715879,0
716680,0
718294,0
722545,0
724390,0
725352,0
727396,0
728511,0
729166,0
735069,0
736661,0
739543,0
739580,0
740441,0
740497,0
741293,0
743972,0
744378,0
744517,0
746113,0
746758,0
747708,0
749119,0
751052,0
752706,0
753382,1
757054,0
757173,0
758787,0
759182,0
760133,0
760657,0
760719,0
760937,0
761575,0
763096,0
763811,0
763843,0
764076,0
764661,0
766298,0
767237,0
767565,0
768150,0
768186,0
768546,0
770228,0
770860,0
771822,0
773447,0
773625,0
774220,0
774339,0
776241,0
776343,0
777658,0
777827,0
780212,0
781315,0
783448,0
783534,0
784126,0
784212,0
784533,0
787079,0
787103,0
787159,0
787629,0
789112,0
789272,0
792449,0
792822,0
794159,0
794249,0
794523,0
794748,0
796069,0
796073,0
796280,0
797254,0
798545,0
799870,0
800709,0
800878,0
803011,0
803681,0
805414,0
805437,0
806027,0
806169,0
806931,0
807497,0
809072,0
811098,0
811387,0
812106,0
812181,0
812227,0
814435,0
815615,0
816253,0
817062,0
818503,0
819577,0
820556,0
820982,0
821070,0
821440,0
822633,0
823489,0
823913,0
825354,0
825416,0
828989,0
830017,0
830593,0
831354,0
832976,0
833401,0
840292,0
840658,0
841105,0
842032,0
843475,0
844416,0
845820,0
848563,0
849266,0
849365,0
849715,0
850302,0
852271,0
853397,0
854842,0
855619,0
860438,0
863078,0
865211,0
866629,0
867497,0
869327,0
870053,0
871649,0
874246,0
874678,0
877559,0
877565,0
878469,0
878706,0
878731,0
878878,0
879420,0
885162,0
885300,0
885326,0
887462,0
887501,0
888658,0
889248,0
889960,0
890792,0
891054,0
891315,0
892199,0
892790,0
893146,0
893416,0
893520,0
896702,0
897605,0
901943,0
903329,0
903788,0
903937,0
904465,0
905459,0
906861,1
907796,0
908161,0
916377,0
917875,0
918550,0
918715,0
919127,0
919817,0
919912,0
921495,0
924546,0
925035,0
927446,0
927462,0
928848,0
929029,0
932419,0
933265,0
933573,0
939412,0
939981,0
941516,0
942506,0
944365,0
945571,0
946073,1
946309,0
946377,0
947491,0
947527,0
948348,0
949207,0
950605,0
950668,0
951254,0
958144,0
958809,0
959280,0
960118,0
962497,0
962803,0
962901,0
964799,0
965881,0
966764,0
971402,0
973007,0
975924,0
976812,0
976947,0
979496,0
983317,0
983439,0
984241,0
986921,0
987025,0
989864,0
991456,0
992869,0
995084,0
996738,0
1006060,0
1014577,0
1014973,0
1015205,0
1022976,0
1028359,0
1030131,0
1030755,0
1032167,0
1041770,0
1049431,0
1053188,0
1062725,0
1067546,0
1068232,0
1070855,0
1071561,1
1071726,0
1072291,0
1075130,0
1076927,0
1078150,0
1079825,0
1080995,0
1084479,0
1084599,0
1084839,0
1085085,0
1085646,0
1085884,0
1092651,0
1093031,0
1094025,0
1094787,0
1095330,0
1098466,0
1098588,0
1100869,1
1101273,0
1102834,0
1104365,0
1105474,0
1107110,0
1108622,0
1109931,0
1110631,0
1111989,0
1115520,0
1116950,0
1118049,0
1118265,0
1118681,0
1124603,0
1124769,0
1125220,0
1125538,0
1130213,0
1132270,0
1136915,0
1137588,0
1138617,0
1140207,0
1140655,0
1140969,0
1142143,0
1143594,0
1144557,0
1145494,0
1147657,0
1148736,0
1149387,0
1151302,0
1151700,0
1152551,0
1153146,0
1156023,0
1159583,0
1160431,0
1160552,0
1160572,0
1161229,0
1163536,0
1164436,0
1166265,0
1168249,0
1168818,0
1170004,1
1171619,0
1172538,0
1173173,0
1173698,0
1176016,0
1176532,0
1177157,0
1178308,0
1183741,0
1184836,0
1185053,0
1188125,0
1188574,0
1191267,0
1191819,0
1192996,0
1194246,0
1197554,0
1200622,0
1200659,0
1204971,0
1206856,0
1207840,0
1208101,0
1211685,0
1216362,0
1216653,0
1216666,0
1219607,0
1224119,0
1225079,0
1228730,0
1228737,0
1230016,0
1233006,0
1234812,0
1235066,0
1235742,0
1237141,0
1240012,0
1242050,0
1242557,0
1245835,0
1250172,0
1252586,0
1252774,0
1254705,0
1258012,0
1261644,0
1262748,0
1263183,0
1263516,0
1265903,0
1266494,0
1266552,0
1266638,0
1267101,0
1267356,0
1271205,0
1273819,0
1274318,0
1276258,0
1276732,0
1278953,0
1280858,0
1281197,0
1286038,0
1291388,0
1294892,0
1297750,0
1301762,0
1302678,0
1305317,0
1305708,0
1308269,0
1309620,0
1313899,0
1322495,0
1322682,0
1323696,0
1326389,0
1334466,0
1341010,0
1342079,0
1342511,0
1347481,0
1352368,0
1352924,0
1355892,0
1359261,0
1359725,0
1363223,0
1365186,0
1367257,0
1368508,0
1369984,0
1370643,0
1372973,0
1373092,1
1377885,0
1378503,0
1386411,0
1386484,0
1387391,0
1390743,0
1390817,0
1396965,0
1398628,0
1404965,0
1413271,0
1418181,0
1419483,0
1422292,0
1422515,0
1425821,0
1426163,0
1428783,0
1429397,0
1434492,0
1435422,0
1438443,0
1440747,0
1441612,0
1442563,0
1446683,0
1447152,0
1449081,0
1454412,0
1455888,0
1458161,0
1459928,0
1465859,1
1466813,0
1469612,0
1471196,0
1475497,0
1476096,0
1479151,1
1479781,0
1480005,0
1483372,0
1483612,0
1484607,0
1489118,0
1491568,0
1492692,0
1493127,0
1493689,0
1494903,0
1495385,0
1497180,0
1499430,0
1499908,0
1503800,0
1505066,0
1506435,1
1506836,0
1509179,0
1512871,0
1514355,0
1517355,0
1521000,0
1521838,0
1522004,0
1522707,0
1524585,0
1525422,0
1526209,0
1526458,0
1527578,0
1531762,0
1533928,0
1535128,0
1539928,0
1540779,0
1542104,0
1542877,0
1543168,0
1545458,0
1545771,0
1545948,0
1546795,0
1548036,0
1548326,0
1550950,0
1551618,0
1555457,0
1556087,0
1557757,0
1558764,0
1561542,0
1563091,0
1563711,0
1564680,0
1565742,0
1571737,1
1572203,0
1574007,0
1574301,0
1578972,0
1579817,0
1580496,0
1581771,0
1581958,0
1585142,0
1585695,0
1588148,0
1590515,0
1591013,0
1591758,0
1593865,0
1597917,0
1599539,0
1599891,0
1599987,0
1602618,0
1607260,0
1608244,0
1608306,0
1610104,0
1614481,0
1621909,0
1625412,1
1626881,0
1627337,0
1628625,0
1635582,0
1640240,0
1642381,0
1647978,0
1648765,0
1653303,0
1653407,0
1657537,0
1660214,0
1660697,0
1660935,0
1661211,1
1663941,0
1666212,0
1666444,0
1672284,1
1672755,0
1674464,0
1674557,0
1676363,0
1678631,0
1679343,0
1685459,0
1686989,0
1690718,0
1690840,0
1692654,0
1694490,0
1694819,0
1697418,0
1697421,0
1699607,0
1699674,0
1705350,0
1705448,0
1707064,0
1707812,0
1711283,0
1711291,0
1712711,0
1713840,0
1714502,0
1714635,0
1715152,0
1717942,0
1721568,0
1722137,0
1722547,0
1723404,0
1723904,0
1726390,0
1729131,0
1729655,0
1729840,0
1730158,1
1730801,0
1732205,0
1733026,0
1735454,0
1737636,0
1737690,0
1739535,0
1742388,0
1743000,0
1745220,0
1753548,0
1753955,0
1754556,0
1757068,0
1758627,0
1758793,0
1760693,0
1761242,0
1761566,0
1766446,0
1769165,0
1769691,0
1778926,0
1783110,0
1784896,0
1785933,0
1790470,0
1791308,0
1792697,0
1797460,0
1797466,0
1798395,0
1798602,0
1801785,0
1802604,0
1803851,0
1806061,0
1807606,0
1808390,0
1809247,0
1810010,0
1810041,0
1810585,0
1810990,0
1816011,0
1820960,0
1823013,0
1823113,0
1824025,0
1831184,0
1831680,0
1832722,0
1837309,0
1837487,0
1838257,0
1843457,0
1848670,0
1849680,0
1850145,0
1852427,0
1854809,0
1856813,0
1857248,0
1857852,0
1858285,0
1858581,0
1859110,0
1859459,0
1864872,0
1867284,0
1868167,0
1868884,0
1870701,0
1870926,0
1871120,0
1871856,0
1871884,0
1872337,0
1872365,1
1872705,0
1873603,0
1875049,0
1877096,0
1877507,0
1878644,0
1879484,0
1880120,0
1880420,0
1882001,0
1882535,0
1885332,0
1885513,0
1887000,0
1887133,0
1887924,0
1888575,0
1889828,0
1890442,0
1890872,0
1891222,0
1891473,0
1892218,0
1892306,0
1893493,0
1897160,0
1897486,0
1897830,0
1909601,0
1911118,0
1914738,0
1915338,0
1916177,0
1919041,0
1921286,0
1921442,0
1925113,1
1925208,0
1925503,0
1926753,0
1926979,0
1928699,0
1937050,0
1944560,0
1944593,1
1951414,0
1954923,0
1955737,0
1959941,1
1963831,0
1967704,0
1973912,0
1974824,1
1974909,0
1975780,0
1977552,0
1979854,0
1980005,0
1987855,1
1994532,0
1997168,0
2002454,0
2006677,0
2006757,0
2007418,0
2011283,0
2012945,0
2013962,1
2022581,0
2022886,1
2023213,0
2029131,0
2033970,0
2034230,0
2038080,0
2039570,0
2040590,0
2042293,0
2043437,0
2044177,0
2047580,0
2049040,0
2052145,0
2052658,0
2055217,0
2057816,0
2058878,0
2058897,0
2061665,0
2070708,0
2071571,0
2082509,0
2086723,0
2102545,0
2103642,0
2104549,0
2105740,0
2107368,0
2107761,0
2108512,0
2108554,0
2110145,0
2112889,0
2114028,0
2114723,0
2119898,1
2127178,0
2127412,0
2131239,0
2135260,0
2136178,0
2136816,0
2138430,0
2142027,0
2142131,0
2142310,0
2145307,0
2145828,0
2146407,0
2147567,0
2149624,0
2152057,0
2156157,0
2156691,0
2156940,0
2159963,0
2160094,0
2161820,0
2163378,0
2166146,1
2167887,1
2172362,0
2173392,0
2173393,0
2173620,0
2176492,0
2176901,0
2177121,0
2182269,0
2183877,0
2185210,1
2191722,0
2195307,0
2199470,0
2201542,0
2203101,0
2203239,1
2206692,0
2206932,0
2212942,0
2213484,0
2213612,0
2215233,0
2218655,0
2220471,0
2221755,0
2222347,0
2225290,0
2230713,1
2231989,0
2232652,0
2234823,0
2236215,0
2236858,0
2237231,0
2238776,0
2242570,0
2243662,0
2243923,0
2245826,0
2247709,0
2247949,0
2248886,0
2249235,0
2250194,0
2251069,0
2251504,0
2252580,0
2253494,0
2253646,0
2256105,0
2256556,0
2257440,0
2260922,0
2261653,0
2265060,0
2265518,1
2265846,0
2266086,0
2268580,0
2269327,0
2270006,0
2272650,0
2273194,0
2273289,0
2277333,0
2278338,0
2280852,0
2284839,0
2286644,0
2288046,0
2289571,0
2292746,0
2294431,0
2299018,0
2300087,0
2300573,0
2300969,0
2302658,0
2304033,0
2304134,0
2306807,0
2316057,0
2318632,0
2321572,0
2321928,0
2338115,0
2340141,0
2340514,0
2341117,0
2341390,0
2341832,0
2343292,0
2344512,0
2345582,0
2347904,0
2349777,0
2357105,0
2360012,0
2362938,0
2370320,0
2370793,0
2372841,0
2374118,0
2378272,0
2379887,0
2385726,0
2385963,0
2387291,0
2387398,0
2393101,0
2393888,0
2396799,0
2397629,0
2399747,0
2402266,0
2416576,0
2420343,0
2425441,0
2425874,0
2425991,0
2426354,0
2427333,0
2428650,0
2431085,0
2432141,0
2439709,0
2443191,0
2446183,0
2448797,0
2449122,0
2453032,0
2455086,0
2469308,0
2477916,0
2478464,0
2481419,0
2487690,0
2490634,0
2492556,0
2493676,0
2496246,0
2498910,0
2499000,0
2499431,0
2503925,0
2506547,0
2507464,0
2519799,0
2520219,0
2521596,0
2530099,0
2538655,0
2548533,1
2549138,0
2551848,0
2556628,0
2560592,0
2560846,0
2561375,0
2562580,0
2563206,0
2564690,0
2566930,0
2568209,0
2568332,0
2570441,0
2570649,0
2571411,0
2580561,0
1307,0
2672,0
2981,0
5020,0
6353,0
6499,0
7993,0
8291,0
9806,0
10071,0
10283,0
10752,0
11476,0
11835,0
12487,0
12894,0
12947,0
13264,0
13423,0
13822,0
14137,0
14151,0
14797,0
16822,1
18317,0
19561,0
20281,0
21611,0
21658,0
22187,0
22413,0
22985,0
24258,0
25269,0
25377,0
26149,0
26946,0
27190,0
27335,0
27438,0
27802,0
27908,0
28656,1
29748,0
30327,0
30606,1
32187,0
33029,0
33049,0
33754,0
33967,0
34320,0
34942,0
35016,1
35109,0
36469,0
37107,0
37702,0
37866,0
38135,0
38212,0
39088,0
39255,0
39860,0
40246,0
40620,0
40863,0
41167,0
41276,0
41396,0
41824,0
42682,0
43311,1
43630,0
45207,0
45287,0
45301,0
46158,0
46452,0
47428,0
47697,0
48063,0
48416,0
48844,0
50012,0
50189,0
51887,0
52139,0
52473,0
52723,0
53695,0
55253,0
56169,0
56302,0
57984,0
58628,0
59189,0
60026,0
61980,0
63439,0
63584,0
64365,0
65272,0
66178,0
66978,0
67221,0
67965,0
68269,0
68633,0
69330,0
69698,0
69797,0
70311,0
70609,0
71061,0
71148,0
72071,0
73887,0
74128,0
74393,0
74437,0
75664,0
75944,0
76342,0
76829,0
77150,0
77926,0
78050,0
78827,0
79825,0
80083,0
80211,0
81556,0
81679,0
81749,0
82038,0
83126,0
83494,0
84879,0
85340,0
86305,0
87311,0
87426,0
88296,0
88794,0
88992,1
89200,0
90182,0
90725,0
91460,0
91510,0
92501,0
93022,0
95010,0
95689,0
96471,0
96859,0
97356,0
97557,0
99810,0
100012,0
100125,0
100450,0
100469,0
100759,0
101002,0
101049,0
101607,0
101609,0
101886,0
102315,0
102548,0
103134,0
103474,0
104234,0
104733,0
105621,0
106540,0
107640,0
107694,0
107841,0
108027,0
108345,0
109508,0
109729,0
111749,0
112096,0
112866,1
112958,0
113750,0
113831,0
114435,0
116424,0
117509,0
117571,0
117762,0
118160,0
118184,0
121454,0
121879,0
122412,0
122770,0
123546,0
125417,0
125545,1
125810,0
125985,0
126890,0
127559,0
128103,0
128776,0
131908,0
132950,0
134123,0
134638,0
135863,0
136135,0
136232,0
138723,0
138915,0
139498,0
140685,0
141236,1
143061,0
143501,0
143584,0
143715,0
143840,0
144208,0
144820,0
145338,0
146187,0
146382,0
146887,0
147108,0
149119,1
150678,0
151348,0
152933,0
153226,0
154969,0
155401,0
155647,0
155878,0
156382,0
157873,0
158384,0
159047,0
159159,0
160042,0
160355,0
160688,0
162125,0
162177,1
162260,0
164180,0
164942,0
164983,0
165243,0
165283,0
165604,0
166191,0
167060,0
167113,0
169208,0
170534,0
170970,0
171679,0
174193,0
174406,0
175017,0
176246,0
176447,1
177700,0
177979,0
178102,0
179452,0
179498,0
180689,0
180967,0
181130,0
182496,0
182645,0
182784,0
182895,0
183095,0
183365,0
184917,0
185238,0
187273,0
188438,0
189576,0
190142,0
190354,0
190795,0
190860,0
191320,0
191556,0
192169,0
192414,0
192592,0
193055,0
194040,0
194541,0
194758,0
195307,0
195608,0
195638,0
195979,0
196369,0
197087,0
197090,0
197216,0
198388,0
198858,0
199214,0
200382,0
200692,0
201101,0
201424,0
201692,0
201729,0
202830,0
202840,0
203538,0
204820,0
205653,0
206702,0
207181,0
207365,0
207628,0
208439,0
208889,0
209536,0
211198,0
211468,0
212927,0
213043,0
213159,0
213350,0
214148,0
214339,1
215984,0
216471,0
217533,0
217883,0
217903,0
218900,0
220008,0
220238,0
220449,0
221426,0
221639,0
222186,0
223660,0
223845,0
224979,0
227132,0
227139,0
229737,0
229969,0
230795,0
231069,0
231119,0
231166,0
231294,0
231410,0
231426,0
231914,0
232108,0
233615,0
234226,0
234451,0
234517,0
236373,0
236937,0
238034,0
238185,0
239447,0
240218,0
240324,0
242354,1
243976,0
244214,0
244439,0
246721,0
246783,0
247389,0
247586,0
248662,0
248792,0
248832,0
249748,0
249825,0
250027,0
250265,0
251336,0
251419,0
251741,0
251968,0
252369,0
252603,0
253435,0
253816,0
255507,0
256500,0
256563,0
256669,0
257539,0
258329,0
258966,0
260042,0
260272,0
260328,0
260911,0
261681,1
261682,0
262607,0
264352,1
264720,0
264820,0
265103,0
265138,0
265272,0
265686,0
265782,0
265977,0
266113,0
266122,0
266675,1
267119,0
267262,0
267318,0
268336,0
268739,0
269639,1
270509,0
270621,0
270974,0
271036,0
271922,0
272368,0
273371,0
273758,0
274035,0
274766,0
274884,0
276105,0
277534,0
277650,0
277662,0
278004,0
278213,0
278570,0
279156,0
280354,1
280589,0
280985,0
281870,0
283158,0
283423,0
284084,0
284261,0
284369,0
284650,0
285063,1
285550,1
285796,0
286571,0
287073,0
287131,0
287973,0
288100,0
288500,0
288674,0
289348,0
289429,0
290616,0
292730,0
294027,0
295811,0
296723,0
297455,0
297756,0
298065,0
298379,0
298436,0
298972,0
302008,0
303295,0
303474,0
303958,0
304617,0
305157,1
307130,0
307508,0
307682,0
309521,0
310925,0
311575,0
311706,0
312040,0
312492,0
312774,1
313011,0
313446,1
313584,0
313996,0
314707,0
315164,0
315536,0
315730,0
315857,0
316764,0
318078,0
318223,0
318932,0
320453,0
322311,0
323289,0
324077,0
324955,0
325174,0
326526,0
327809,0
328948,0
329558,0
330455,0
330678,0
331245,0
332313,0
334329,0
334374,0
335263,0
335915,0
336286,0
338097,1
338243,0
338659,0
340007,1
340104,0
340436,0
341581,0
342434,0
344691,0
345150,0
345199,0
345776,0
346161,0
347494,0
348630,0
349025,0
349084,0
349665,0
349707,0
350145,0
350251,0
352438,0
353377,0
354122,0
354634,0
355090,0
355322,0
355685,0
356346,0
357772,0
358751,0
359387,0
359421,1
359545,0
360486,0
361137,0
364153,1
365148,0
365377,0
365626,1
367277,0
367348,0
367676,0
367797,0
368557,0
369089,0
369411,0
369830,0
370236,0
370675,0
370931,0
371997,0
372492,0
372579,0
373024,0
374030,0
374810,1
375287,1
375475,0
375562,0
376160,0
377448,0
379676,0
380247,0
380729,0
380992,0
381044,0
381766,0
381962,0
383172,0
383877,0
384573,0
384854,0
388275,0
388422,0
388932,1
389849,0
390744,0
392095,0
392210,0
393757,0
394521,0
394712,0
398190,0
398226,0
400721,0
401431,1
402648,0
403719,0
403962,0
409381,0
410051,0
412184,0
413751,0
414533,0
415009,0
415086,0
415235,0
416141,0
416186,0
416625,1
417189,0
417639,0
417723,0
417774,1
418005,1
418017,0
419964,0
420269,0
422216,0
422511,0
424592,0
424818,0
425867,0
426145,0
426238,0
426362,0
426525,1
427135,0
427151,0
428624,0
429077,0
429797,0
430620,0
430725,0
431264,0
431291,0
431775,0
432177,0
432684,0
433033,0
433100,0
433237,0
433952,0
435044,0
435334,0
436682,0
436805,0
436808,0
438122,0
438238,0
438285,0
438384,0
439086,0
439363,0
439706,0
440050,0
441460,0
441480,0
441734,0
442210,0
443147,0
443418,0
443465,0
443940,0
444351,1
445089,0
445643,0
445840,0
446298,0
446428,0
446473,0
447240,0
447748,0
447943,0
449651,0
450175,0
450480,0
452439,0
453541,0
455758,0
456044,0
457423,0
457425,0
457767,0
458312,0
458813,0
459123,0
459145,0
459453,0
461842,0
461843,0
461892,0
461942,0
462168,0
462649,0
463221,0
463953,0
465565,0
466338,0
469240,0
472390,0
474260,0
474875,0
474922,0
475509,0
476161,0
477501,0
477710,0
478497,0
479965,0
483158,0
484764,0
485112,0
487581,0
487813,0
488601,0
489149,0
489687,0
490163,0
491636,0
492318,0
492727,0
493792,0
494167,0
494562,0
495094,0
495333,0
496000,0
496535,0
497091,0
498274,0
498524,0
498612,0
499484,0
499728,0
504376,0
505045,0
505080,0
506473,0
506691,0
506848,0
508905,0
510176,0
510326,0
510608,0
510680,0
510776,0
510823,0
511420,1
511777,0
512024,0
512403,0
512896,0
513726,0
514514,0
514796,0
514822,0
515251,0
516999,0
518051,0
519205,0
519242,0
519817,0
520944,0
521239,0
521470,0
522384,0
523407,0
525501,0
525605,0
526189,0
527011,0
527346,0
528253,0
528567,0
528801,0
529614,0
530674,0
531620,0
532415,0
532702,0
533155,0
533296,0
534275,0
534681,0
535425,0
535888,0
537447,0
539467,0
541065,0
541736,0
542122,0
542799,0
543245,0
543751,0
545348,0
545749,0
547010,0
548386,0
549407,0
550886,0
551284,0
552451,0
552476,0
552683,0
554266,0
556032,1
557108,0
557675,0
558157,0
559687,0
559703,0
559992,0
560512,0
561423,0
562107,0
563990,0
564684,0
564830,0
564886,0
565512,0
566745,0
567165,0
568064,0
568120,0
569151,0
570269,0
571025,0
571877,0
572126,0
572171,0
572755,0
573104,0
573573,0
574919,0
575162,0
575694,0
575789,0
576468,0
577425,0
577723,0
577941,0
578532,0
579460,0
581442,0
582346,0
583199,1
583581,0
583841,0
583864,0
583926,0
584035,0
584118,0
584250,0
586349,0
586431,0
586738,0
588657,0
588950,0
589339,0
589753,0
590988,0
591060,0
592942,0
593474,0
594984,0
595034,0
596420,0
599287,0
599850,0
599994,0
600123,0
601005,0
601579,0
601985,0
602788,0
604177,0
604376,0
604616,0
604950,0
605881,0
605934,0
606817,0
607616,0
608694,0
609617,0
610209,0
610241,0
610779,0
610878,0
611735,0
611752,0
613006,0
613865,0
614466,0
614471,0
614535,0
615499,0
616135,0
616552,0
616745,0
616932,0
620029,0
623231,0
623284,0
623961,0
624384,0
624911,0
625551,0
627473,0
627964,0
628202,0
629877,0
630155,0
632063,0
632910,0
632943,0
632949,0
633348,0
633742,0
634598,0
638356,0
638808,0
641201,0
641790,0
641977,0
642008,0
642412,0
644156,1
644230,0
645685,0
646401,0
648511,0
649101,0
650055,0
650982,0
652902,0
653438,0
653740,0
653802,0
654782,0
655737,0
656830,0
657047,0
657689,1
658063,0
659363,0
660558,0
661031,0
661255,0
662234,0
662333,0
662606,0
662775,0
663317,0
663507,0
664077,0
664569,0
664937,0
664957,0
666781,0
667315,0
667352,0
667505,0
667519,0
667915,0
668035,0
668229,0
668293,0
669587,0
670351,0
671464,0
672498,0
672815,0
673249,0
673250,0
674675,0
675025,0
675616,0
678876,0
679601,0
679657,0
679903,0
680525,0
680958,0
681088,0
682142,0
682426,0
682506,0
683912,0
685505,0
686555,0
687520,0
687919,0
688209,0
688794,0
689418,0
690029,0
691338,0
691689,0
692836,0
693313,0
695000,1
697180,0
697300,0
697321,0
697585,0
697594,0
698792,1
698880,0
699234,0
699358,0
699435,0
700066,0
700150,0
701265,0
701508,0
704162,0
704727,0
705901,0
706279,0
706436,0
707363,0
708266,0
709520,0
709922,0
713610,0
713764,0
714268,0
714328,0
715350,0
715403,0
715894,0
716267,0
716947,0
718358,1
718936,0
720494,0
720527,0
721165,0
722328,0
723185,0
723530,0
724109,0
724483,0
725469,0
725847,0
726639,0
726932,0
727490,0
727821,0
727975,0
729510,0
730293,0
730401,0
731701,0
732499,0
733109,0
734390,0
735240,0
735838,0
736616,0
737991,0
737998,0
738167,0
739404,0
739526,1
740241,0
743568,0
743764,0
744244,0
744710,0
744852,0
745001,0
745603,0
746439,0
746470,0
747201,0
747332,0
748027,0
749750,0
749782,0
750089,0
750119,0
751083,0
751668,0
752903,0
753087,0
753294,0
753534,0
753580,0
754304,0
754396,0
754456,0
755265,0
757398,0
759418,0
759649,0
761682,0
761971,0
762051,0
762110,0
762379,0
762452,0
762797,0
763321,0
764151,0
764686,0
764789,0
765149,0
765163,0
766289,0
767073,0
767197,0
768632,0
771180,0
771182,0
771974,0
772113,0
772864,0
773039,0
773153,0
773640,0
774441,0
774599,0
774661,0
774994,0
775070,0
777039,0
777564,0
779323,0
782347,0
783124,0
783311,0
784951,0
786738,0
786781,1
787301,0
787406,0
787424,0
789286,0
790518,0
791258,0
792019,0
792265,0
792365,0
792863,0
792964,0
793309,0
793360,0
793627,0
794560,0
794901,0
795421,0
795839,0
796244,0
796617,0
797209,0
797603,0
798267,0
798321,1
798635,0
799359,0
800266,0
800420,0
801482,0
803749,0
803938,0
803976,0
804053,0
804078,0
807892,0
807982,0
808787,0
812759,0
813426,0
813637,0
813947,0
814444,0
815282,0
816493,0
818517,0
819146,0
819184,0
819506,1
819513,0
820079,0
820157,1
820449,0
820924,0
821493,0
821711,0
822543,0
823292,0
823543,0
823597,0
823760,0
824347,0
824838,0
826699,0
826758,0
826929,0
829326,0
829761,0
830293,0
831209,0
831347,0
831495,0
831546,0
832075,0
834128,0
835487,0
836162,0
837751,0
837924,1
838346,0
839192,0
839996,0
840120,0
840360,0
840630,0
840956,0
841221,0
842476,0
843064,0
843260,0
843846,1
844919,0
845723,0
845838,0
846083,0
846868,0
847138,0
847142,1
847355,0
847472,0
848236,0
848891,0
850398,0
851523,0
851681,0
855607,0
855661,0
856600,0
856842,0
859192,0
859414,0
859427,0
860178,0
860377,0
860716,0
862024,0
863263,0
863471,0
863978,0
864087,0
864917,0
865482,0
866965,0
868079,0
868934,0
869709,0
870152,0
871951,0
872264,1
872579,0
873374,0
874057,1
874279,0
874335,0
874812,0
876461,0
877219,0
877387,0
877712,0
878453,0
878549,0
879117,0
880367,0
881378,0
881483,0
882119,0
883560,0
883965,0
888094,0
888338,0
888943,0
889828,0
889931,0
890104,0
890910,0
893311,1
893631,0
894614,0
895213,0
895500,1
897080,0
897400,0
897764,0
897928,0
898187,0
898806,0
899934,0
899978,0
900054,0
900290,0
901574,0
902162,0
902347,0
902698,0
903486,0
903545,0
904248,0
904493,0
905969,0
905980,0
906829,0
906895,0
907627,1
907783,0
908857,0
908928,0
910626,0
911084,0
911723,0
912368,0
912623,0
913308,0
914276,0
915108,0
915447,0
917076,0
917129,0
917804,1
917931,0
919759,0
920451,0
920749,0
922112,0
922358,0
923737,0
924145,0
924327,0
924416,0
924677,0
925011,0
925266,0
925541,0
925738,0
927814,0
927994,0
928337,0
928449,1
931905,0
931991,0
933354,0
934029,0
934836,0
935221,0
936632,0
937492,0
937941,0
938009,0
938659,0
938783,0
939996,0
942092,0
942658,0
943488,0
944631,0
945878,0
946391,0
946520,0
948210,0
948688,0
951045,0
951204,0
951891,0
953410,0
954618,0
955368,0
955890,0
955891,0
955942,0
957414,0
957821,0
958982,0
959947,0
960297,0
960837,0
961216,0
962126,0
962718,0
965051,0
966551,0
966899,0
967364,0
968644,0
970648,0
971801,0
971991,0
972188,0
973600,0
973749,0
973773,0
973895,0
974340,0
974626,0
975067,0
975106,0
975938,0
976650,0
978487,0
978638,1
980647,0
981088,0
981293,0
981493,0
984617,0
985244,0
985401,0
985805,0
986367,0
986649,0
986740,0
987551,0
987958,1
988623,0
989466,0
989625,0
989629,0
989699,0
989720,0
990742,0
992461,0
992465,0
992581,0
993061,0
993603,0
994459,0
994609,0
995885,0
996162,0
996581,0
996844,0
996990,0
997198,0
998711,0
999448,0
999555,0
999908,0
1000395,0
1000427,0
1000605,0
1001818,0
1003096,0
1003529,0
1004212,0
1004657,0
1004764,0
1004782,0
1004819,0
1005047,0
1005254,0
1005482,0
1005753,0
1005969,0
1006151,0
1008177,0
1008195,0
1008343,0
1008503,0
1008540,0
1008780,0
1009153,0
1010079,0
1010253,0
1012264,0
1012455,0
1012609,0
1012822,0
1013079,0
1013129,0
1013130,0
1013143,0
1013889,0
1014266,0
1014874,0
1015193,0
1015689,0
1015818,0
1017566,0
1017660,0
1017906,0
1017963,0
1018795,0
1018891,0
1018931,0
1019463,0
1019878,0
1020232,0
1020869,0
1021444,0
1022300,0
1022360,0
1023190,0
1024313,0
1024729,0
1025682,1
1025953,0
1025980,0
1026005,0
1026365,0
1026447,0
1026526,0
1026752,0
1026843,0
1027212,0
1027728,0
1029012,0
1029013,0
1029038,0
1030406,0
1030699,0
1030800,0
1031264,0
1031904,0
1032438,0
1033430,0
1033776,0
1034320,0
1034584,0
1035565,0
1036409,0
1036793,0
1037401,0
1037812,0
1038336,0
1038892,0
1039308,0
1039801,0
1040505,0
1040868,0
1041410,0
1042858,0
1042988,0
1043030,0
1044425,0
1045189,0
1045433,0
1045834,0
1046347,1
1046484,0
1046967,0
1050100,0
1050693,0
1051294,0
1051548,0
1051847,0
1051946,0
1052254,0
1052509,0
1053726,0
1054219,0
1054641,0
1054666,0
1054744,0
1056220,0
1056517,0
1056597,0
1056649,0
1057362,0
1058058,0
1059500,0
1060068,0
1060503,0
1060956,1
1061996,0
1062257,0
1063051,0
1064134,0
1064411,0
1064734,0
1064862,0
1065923,0
1067783,0
1069069,0
1069374,0
1070173,0
1072040,0
1075698,0
1076773,1
1076858,0
1077274,0
1080260,0
1082384,0
1082622,0
1082856,1
1083067,0
1085059,0
1086215,0
1086237,0
1086494,0
1089012,0
1090138,0
1090810,0
1090933,0
1090957,0
1091197,0
1091340,1
1093137,0
1094612,0
1096668,0
1097572,0
1097737,0
1099006,0
1099516,0
1099767,0
1100281,0
1100339,0
1101045,0
1101056,0
1101601,0
1102298,0
1102694,0
1102988,0
1105626,0
1106229,0
1107298,0
1107374,0
1107664,0
1108332,0
1109569,0
1110120,0
1110382,0
1111028,0
1111884,0
1111930,0
1111975,0
1112610,0
1113787,0
1114575,0
1114937,0
1115672,0
1117207,0
1118392,0
1118706,0
1118886,0
1122284,0
1122603,0
1123925,0
1124030,0
1124328,0
1124519,0
1126630,0
1126716,0
1126840,0
1127107,0
1127837,0
1129199,0
1129436,0
1129520,0
1130015,0
1130121,0
1130165,1
1131010,0
1131175,0
1131868,0
1132175,0
1132201,0
1132889,0
1133823,0
1134105,0
1137769,0
1138115,0
1138575,0
1139057,0
1139625,0
1139762,0
1139799,0
1139852,0
1140800,0
1141215,0
1142298,0
1143287,0
1143368,0
1143801,0
1145648,0
1145693,0
1146037,0
1146290,0
1146296,1
1146449,0
1148167,0
1148838,0
1149945,0
1150027,0
1152023,0
1152737,0
1153503,0
1154467,0
1155350,0
1157111,0
1158115,0
1159023,0
1159050,0
1159286,0
1159307,0
1159685,0
1159965,0
1161658,0
1163645,0
1165729,0
1165960,0
1166781,0
1169186,0
1169782,0
1171153,0
1171578,0
1171583,0
1171667,1
1172278,0
1172577,0
1173074,0
1173197,0
1173241,0
1173366,0
1173472,1
1174629,0
1175769,0
1176607,0
1177610,0
1179484,0
1181117,0
1181935,0
1182107,0
1182218,0
1184185,0
1184774,0
1185493,0
1186333,0
1186978,0
1187017,0
1187069,0
1187328,0
1188205,0
1190091,0
1190197,0
1191767,0
1191910,0
1192421,0
1193933,0
1194076,0
1194771,0
1195629,0
1196752,0
1197079,0
1197535,0
1199727,0
1200128,0
1200426,0
1200886,0
1201023,0
1201683,1
1201713,0
1202673,0
1203262,0
1204608,0
1206288,0
1206382,0
1206638,0
1209576,0
1210292,0
1211341,0
1211393,0
1211501,0
1212373,1
1214156,1
1214257,0
1214743,0
1215645,0
1216251,0
1217560,0
1218221,0
1219329,0
1220233,0
1220264,0
1221040,0
1221044,0
1221158,0
1223200,0
1224913,0
1225336,0
1226821,0
1227643,0
1228059,1
1229548,0
1229664,0
1231002,0
1231304,0
1234542,0
1235364,0
1236158,0
1236212,0
1239076,0
1239313,1
1239780,0
1241424,0
1242535,0
1243269,0
1244723,0
1244900,0
1245433,0
1245834,0
1247478,0
1247745,0
1248320,0
1249232,0
1249417,1
1250359,0
1251224,0
1251405,1
1251598,0
1251991,0
1252162,0
1254085,0
1255982,0
1256991,0
1258409,0
1258665,0
1258744,0
1259641,1
1264781,1
1266137,0
1266175,0
1266212,0
1266408,0
1266467,0
1266541,0
1266851,0
1267522,0
1268100,0
1268457,1
1269576,0
1269896,0
1270221,0
1270536,0
1270916,0
1271139,0
1271265,0
1271389,0
1272118,0
1272180,0
1272698,0
1272742,0
1273150,0
1273404,0
1273605,0
1274745,0
1274951,0
1275038,0
1275251,0
1275446,0
1275711,0
1275713,0
1275901,0
1276726,0
1276921,0
1278567,0
1278593,0
1279122,0
1279177,0
1279821,0
1279841,0
1279858,0
1280108,0
1280353,0
1280778,0
1280880,0
1281188,0
1284231,0
1284300,0
1284384,0
1284844,1
1284878,0
1285499,0
1285821,1
1286079,1
1287073,0
1287897,0
1288292,0
1289964,0
1293922,0
1294258,0
1294338,0
1294511,0
1294918,0
1296280,0
1297200,0
1297344,0
1297482,0
1298258,0
1299609,0
1299907,0
1302098,0
1304382,0
1305448,0
1307747,0
1310305,0
1312517,0
1312850,0
1313708,0
1319207,0
1321034,0
1321498,0
1321691,0
1322748,0
1323108,0
1323530,0
1324092,0
1326819,0
1329195,0
1331061,0
1331146,0
1332903,0
1333485,0
1335394,1
1335483,0
1335750,0
1336776,0
1337804,0
1340514,0
1340576,0
1340882,1
1341912,1
1342805,0
1345593,0
1346015,0
1348653,0
1348989,0
1352002,0
1352139,0
1352686,0
1353179,0
1354580,1
1354994,0
1355889,0
1355891,0
1356021,0
1356783,0
1362789,0
1363403,0
1363717,0
1365461,0
1365573,0
1366044,0
1366440,0
1366977,0
1367278,0
1367695,0
1367718,0
1368692,0
1368840,0
1369694,0
1369782,0
1371192,0
1373078,0
1373342,0
1374350,0
1375366,0
1377422,0
1377720,0
1378080,0
1378363,0
1379199,0
1381390,0
1381476,0
1381575,0
1382231,0
1382314,0
1382944,0
1383096,0
1383578,0
1384194,0
1384882,0
1384934,0
1385588,0
1386318,0
1387047,0
1387956,0
1387985,0
1389666,0
1390038,0
1390276,0
1390516,0
1390640,0
1390702,0
1392373,0
1392730,0
1392928,0
1393064,0
1393113,0
1393445,0
1393911,1
1394201,0
1394211,0
1394540,1
1394871,0
1395218,0
1396131,1
1396175,0
1397112,0
1397595,0
1397977,0
1398250,0
1400307,0
1400510,0
1401301,0
1401536,0
1402499,0
1404739,0
1405263,0
1405543,0
1406144,0
1406788,0
1407998,0
1408309,0
1408398,0
1408993,0
1409261,0
1410366,0
1410821,0
1412527,0
1412528,0
1412699,0
1413998,0
1414386,0
1414391,0
1414925,0
1416015,0
1416086,0
1416494,0
1416584,0
1416980,0
1417151,0
1417275,0
1417581,0
1418035,0
1418556,0
1418848,0
1420766,0
1421476,0
1422074,1
1423449,0
1423591,0
1426236,0
1426250,0
1428741,0
1429237,0
1429513,0
1430663,0
1430728,0
1431057,0
1431240,0
1431410,1
1431946,0
1432806,0
1434141,0
1434924,0
1435117,0
1435268,0
1435533,0
1437266,0
1437454,0
1438153,0
1438615,0
1439389,0
1439406,0
1440766,0
1441387,0
1441598,0
1442716,0
1442934,0
1444946,0
1445058,0
1446368,0
1446843,0
1446994,0
1447021,1
1449669,0
1450401,0
1450901,0
1452987,1
1453066,0
1453868,0
1454517,0
1455881,0
1456242,0
1456320,0
1456336,0
1456495,0
1456534,0
1456931,0
1457072,0
1457770,0
1458332,0
1458646,0
1458981,0
1459538,0
1460324,0
1461777,0
1461969,0
1463810,1
1463884,0
1465470,0
1465740,0
1467513,0
1468098,0
1468221,0
1469199,0
1469583,0
1470627,0
1470843,0
1471094,0
1471337,0
1472108,0
1472309,0
1472573,0
1472639,0
1473242,0
1473503,0
1474117,0
1474571,1
1475334,0
1475581,1
1476236,0
1476291,0
1478700,0
1479145,0
1479707,0
1480094,0
1480260,0
1480266,0
1482421,0
1483404,0
1483832,0
1484224,1
1485422,0
1485953,0
1486609,0
1486631,0
1487413,0
1487886,0
1488835,0
1489285,0
1489440,0
1489706,0
1491461,0
1491518,0
1492209,0
1492338,0
1492826,0
1493028,1
1493549,0
1494391,0
1494826,0
1495606,0
1495799,0
1496510,0
1496586,0
1498681,0
1498688,0
1499119,0
1499766,0
1499985,0
1500396,0
1500743,0
1502084,0
1503249,1
1503395,0
1503667,0
1503728,0
1503838,0
1504498,0
1505729,0
1505746,0
1505793,0
1506971,0
1507173,0
1507963,0
1508366,0
1508595,0
1509474,0
1509487,0
1510263,0
1510265,0
1510427,0
1510750,0
1510894,1
1512909,0
1513410,0
1513437,0
1513870,0
1513971,0
1514242,0
1514643,0
1514648,1
1514812,0
1515014,0
1516158,0
1516448,0
1516523,0
1516848,0
1516976,0
1517038,0
1517394,0
1520260,1
1520481,0
1520582,0
1520641,0
1521064,0
1521171,0
1521260,0
1521332,0
1521535,1
1521541,0
1522185,0
1522319,0
1522768,0
1523003,0
1523082,0
1523286,0
1525398,0
1527033,0
1528949,0
1529527,0
1529802,0
1530806,0
1531292,0
1531424,0
1531453,0
1532911,0
1533121,0
1534257,1
1537616,1
1537682,0
1537809,0
1537836,0
1538173,0
1538595,0
1539270,0
1539582,0
1539925,0
1539970,0
1539997,0
1540481,0
1541324,0
1541409,0
1541670,0
1541885,0
1542576,0
1542588,0
1542647,0
1542650,0
1543078,0
1543095,0
1544723,0
1545062,0
1545277,0
1545671,0
1546504,0
1546655,1
1547077,0
1547960,0
1548355,0
1549678,0
1549818,1
1550633,0
1551371,0
1551614,0
1553050,0
1553192,0
1553602,0
1553917,0
1554686,0
1555355,0
1555370,1
1555539,0
1556677,0
1556887,0
1557001,0
1557856,0
1558186,0
1559594,0
1559671,0
1560040,0
1560045,0
1560311,0
1561119,0
1561128,0
1562429,0
1562433,0
1562735,0
1563670,0
1563749,0
1563819,1
1563877,1
1565166,0
1565738,0
1566486,0
1566686,0
1566750,0
1567223,0
1567271,0
1567366,0
1567437,0
1567903,0
1569080,0
1569172,0
1569453,0
1573149,0
1573298,1
1573369,0
1574180,0
1574553,0
1574821,0
1575360,0
1576069,0
1577114,0
1577372,0
1577729,0
1578192,0
1579809,0
1580111,0
1580712,0
1581133,0
1581558,0
1582523,0
1584085,0
1584415,0
1585362,0
1587109,0
1587585,0
1587606,0
1588371,0
1588712,0
1588862,0
1589085,0
1590520,0
1592282,0
1592679,1
1592815,0
1594381,0
1594892,0
1595152,0
1595765,1
1595766,0
1596080,0
1596600,0
1596735,0
1597225,1
1597353,0
1597583,0
1598002,0
1598008,0
1599234,0
1599481,0
1599875,0
1600263,0
1600513,0
1600534,0
1600629,0
1601394,0
1602365,1
1604397,0
1604904,0
1604989,0
1605361,1
1607354,0
1608317,0
1608457,0
1608749,0
1608921,0
1610007,0
1610016,0
1611029,1
1611159,0
1611886,0
1612164,0
1613334,0
1613852,0
1616363,0
1618381,0
1618447,0
1618830,0
1620385,0
1622901,0
1622934,0
1623803,0
1623858,0
1624170,0
1624706,0
1624784,0
1625060,0
1625182,0
1626106,0
1627318,0
1627375,0
1628417,0
1629337,0
1629436,0
1629865,0
1630102,0
1630191,0
1630414,0
1630851,0
1631405,0
1632225,0
1633093,0
1633381,0
1633828,1
1634411,0
1634784,0
1634872,0
1636106,0
1636586,0
1636593,0
1637234,0
1638004,0
1638575,0
1639940,0
1639967,0
1640186,0
1640201,0
1640448,0
1641277,0
1641710,0
1641823,0
1642503,0
1646059,0
1647105,0
1647725,0
1649045,0
1649248,0
1649370,0
1650395,0
1651070,0
1652737,0
1652740,0
1652981,0
1653492,0
1654296,0
1655004,0
1656291,0
1658371,0
1658393,0
1658654,0
1658794,0
1659210,0
1659253,0
1659949,0
1660145,0
1660351,0
1660913,0
1661900,0
1661910,0
1663188,0
1663334,0
1663434,0
1664462,0
1666509,0
1666939,0
1667124,0
1667973,0
1668814,0
1669159,1
1669480,0
1670432,1
1671605,0
1672737,0
1674222,0
1675322,0
1675473,0
1675583,0
1675684,0
1676038,0
1676501,0
1676886,0
1676984,0
1677177,0
1678704,0
1679208,1
1679447,0
1680521,0
1680638,0
1680773,0
1681139,0
1681366,0
1681837,1
1682113,0
1682407,0
1682661,0
1683674,0
1684630,0
1684959,0
1687206,0
1687452,0
1687665,0
1687690,0
1687934,0
1689726,0
1691504,0
1691681,0
1691694,0
1692527,0
1693017,0
1693103,0
1693165,0
1693339,0
1693374,0
1693600,0
1693720,0
1694244,0
1694601,0
1695547,0
1695744,0
1695773,0
1697195,0
1697670,0
1697968,0
1698615,0
1699363,0
1700965,0
1701642,0
1702718,0
1703744,0
1703893,0
1703988,0
1705098,0
1706030,0
1706218,0
1706711,0
1706722,1
1706800,0
1707427,0
1707787,0
1708784,1
1708885,0
1709169,0
1710104,0
1711050,0
1712945,0
1714826,0
1714868,0
1715245,0
1715645,0
1715808,0
1716106,1
1716173,0
1716880,0
1717005,0
1717176,1
1718109,0
1718935,0
1719245,0
1721204,0
1721827,0
1722675,0
1722687,0
1722777,0
1722796,0
1723206,0
1725422,0
1725592,0
1725789,0
1726631,0
1727241,0
1727332,0
1727353,0
1727846,0
1728024,0
1728029,0
1728197,0
1728902,0
1730366,0
1730637,0
1730819,0
1731311,0
1731653,0
1731731,0
1732153,0
1732550,0
1732867,0
1734370,1
1735835,0
1735857,0
1736772,0
1738242,0
1738509,0
1738866,0
1739296,0
1740122,0
1740342,0
1740793,0
1742185,0
1742390,0
1742975,0
1743826,0
1744390,0
1744616,0
1744734,0
1744838,0
1745789,0
1745903,0
1746433,0
1746776,0
1747211,0
1747491,0
1747519,1
1749719,0
1750392,0
1750646,0
1750924,0
1751012,0
1751622,0
1753478,0
1753917,0
1754945,0
1755031,0
1756148,0
1756574,0
1756582,0
1756894,0
1757233,0
1758801,0
1758925,0
1759061,0
1759633,0
1760532,0
1760650,0
1760710,0
1760987,0
1761274,0
1761348,0
1763617,0
1767096,0
1768220,0
1769129,0
1769254,0
1770370,0
1770686,0
1772026,0
1772090,0
1772564,0
1773266,0
1773451,0
1774571,0
1775011,0
1775361,0
1776031,0
1776176,0
1776639,0
1776763,0
1777195,0
1777277,0
1778610,0
1778732,0
1779076,0
1779188,0
1779787,0
1779917,0
1781001,0
1781342,0
1781572,0
1782632,0
1782729,0
1782781,0
1783760,0
1784981,1
1784984,0
1787962,0
1788365,0
1789341,0
1789345,0
1789352,0
1790242,0
1790834,0
1791517,0
1792181,0
1792288,0
1792562,0
1793781,0
1794096,0
1795081,0
1795145,0
1795364,0
1795890,0
1796737,0
1796850,0
1796968,1
1797682,0
1798126,0
1798199,0
1798344,0
1798436,0
1798749,0
1798785,0
1798891,0
1799027,0
1799899,0
1800661,0
1800838,0
1801417,0
1802065,0
1802542,1
1806779,0
1806909,0
1807213,0
1808423,0
1809075,0
1811440,0
1812147,0
1813065,0
1813074,0
1814113,0
1814460,0
1815506,1
1817721,0
1817961,0
1818165,0
1818191,0
1818673,0
1819140,0
1820765,0
1821091,0
1821169,0
1822117,0
1822777,0
1827352,0
1828241,0
1828706,1
1829040,0
1830467,0
1830587,0
1831251,0
1831361,1
1831506,0
1832002,0
1833433,0
1833892,0
1834766,0
1835791,0
1836351,0
1839704,0
1841859,0
1842309,0
1842820,0
1844408,0
1844930,0
1845559,0
1846054,0
1846187,0
1846923,0
1847197,0
1848117,0
1848896,0
1849164,0
1849219,1
1849677,0
1849756,0
1849781,0
1849883,0
1850031,0
1850237,0
1850845,0
1851243,0
1851257,0
1851297,0
1852029,0
1852819,0
1852839,0
1853718,0
1854052,0
1855053,0
1855119,1
1855128,0
1855388,0
1856166,0
1856452,0
1856887,0
1857153,0
1857309,0
1857616,0
1857730,0
1859741,0
1859793,0
1860420,1
1861097,0
1861201,0
1862388,0
1864535,0
1864741,0
1865094,0
1866033,0
1866312,0
1866650,0
1867287,0
1867361,0
1867496,0
1868579,0
1868680,0
1870262,0
1870325,0
1870332,0
1870847,0
1871200,0
1871484,0
1872472,0
1872696,0
1872996,0
1873563,0
1873844,0
1875461,0
1876108,0
1876692,0
1877801,0
1877936,0
1878118,0
1878393,0
1878949,0
1879178,0
1879545,0
1879978,1
1880528,0
1880537,0
1880729,0
1881326,0
1881659,0
1881786,0
1882028,0
1882565,0
1882765,1
1883495,0
1883789,1
1884797,0
1885302,0
1885617,0
1885732,0
1885832,0
1885916,0
1887079,0
1887868,0
1889244,0
1889298,0
1890166,0
1890201,0
1890350,0
1890727,0
1891374,0
1891817,0
1892485,0
1892557,0
1892575,0
1892676,1
1892727,0
1893673,0
1893758,0
1894295,0
1895434,0
1895993,0
1896071,1
1896403,0
1897016,0
1897071,0
1897157,0
1897412,0
1897814,0
1898080,0
1898173,0
1898351,0
1898510,0
1900550,0
1900609,0
1902009,0
1902359,0
1903524,0
1903690,0
1903943,0
1904482,0
1904755,0
1905210,0
1905799,0
1906246,0
1907000,0
1907322,0
1907349,0
1907498,0
1907840,0
1907962,0
1907984,0
1908511,0
1908548,0
1909506,0
1909857,0
1910137,0
1910140,0
1912896,0
1914515,0
1914788,0
1915541,0
1917874,0
1917928,1
1918228,0
1918347,0
1918885,0
1921095,0
1922276,0
1922400,0
1923239,0
1923287,0
1923567,0
1924325,0
1925084,0
1925645,0
1926057,0
1926382,0
1927107,0
1927241,0
1929770,0
1930558,0
1930568,0
1931049,0
1932291,0
1932539,0
1934467,0
1935667,0
1936511,0
1937633,0
1937775,0
1939890,0
1940066,0
1940282,0
1941065,0
1942211,0
1942838,0
1943231,0
1943971,0
1944642,0
1945270,1
1945664,0
1946385,0
1946576,0
1946981,0
1947071,0
1948392,0
1950093,0
1950178,0
1950495,0
1950994,0
1952866,0
1952885,0
1953184,0
1954075,0
1954580,0
1959168,0
1961019,0
1963395,0
1963627,0
1963992,0
1964086,0
1964286,0
1964445,0
1964668,0
1965520,0
1965932,0
1965976,0
1966505,0
1967190,0
1967676,1
1968841,0
1969362,0
1969861,0
1970545,0
1971978,0
1973043,0
1973096,0
1973832,0
1974121,0
1974451,0
1974527,0
1974851,0
1976176,0
1976247,0
1977380,0
1977692,0
1977757,0
1977987,0
1981256,0
1982240,0
1982658,0
1983413,1
1983827,0
1984116,0
1984704,0
1985468,0
1988309,1
1988331,0
1989801,0
1990315,0
1990355,0
1992008,0
1992826,0
1993145,0
1993392,0
1994603,0
1995599,0
1995915,0
1996067,0
1997225,0
1999690,0
1999795,0
2000201,0
2000916,0
2001170,1
2002011,0
2005079,0
2005216,0
2006744,0
2008037,0
2009547,1
2010332,0
2012203,0
2012474,1
2014453,0
2014492,0
2014901,0
2015364,0
2015487,0
2015986,0
2016420,0
2016597,0
2016738,0
2016895,0
2017732,0
2017751,0
2018707,0
2020133,0
2022078,0
2023024,0
2023068,0
2023328,0
2023723,0
2024140,0
2024326,0
2027018,0
2028877,0
2029562,0
2029846,0
2030093,0
2031559,0
2031697,0
2034118,0
2034845,0
2034890,0
2036413,0
2037218,0
2037808,0
2038221,0
2038865,0
2039821,0
2040373,0
2040717,0
2042449,0
2042677,0
2043286,0
2044700,0
2044711,0
2046141,0
2046214,0
2046276,0
2046932,0
2047590,0
2050969,0
2051836,0
2052688,0
2053219,0
2055363,0
2055489,0
2055935,0
2055988,0
2057754,0
2059719,0
2061369,0
2062313,0
2063016,0
2063206,0
2064017,0
2064068,0
2064428,0
2065029,0
2065276,0
2065617,0
2069316,0
2069678,0
2071392,0
2071707,0
2072730,0
2075545,0
2076105,0
2076431,0
2076671,0
2076743,0
2077324,0
2078724,0
2078801,0
2081710,0
2082324,0
2082540,0
2083874,0
2083972,0
2085153,0
2085476,0
2085513,0
2086142,0
2086179,0
2086619,0
2087489,1
2087532,0
2087542,0
2090937,0
2091405,0
2092447,0
2095199,0
2095826,0
2096612,1
2097103,0
2097767,0
2099206,0
2101419,0
2102107,0
2103045,0
2103357,0
2103521,0
2103885,0
2105268,0
2105738,0
2106339,0
2107103,0
2107622,0
2107871,0
2107918,0
2107964,0
2108062,0
2108471,0
2108640,0
2108949,1
2110307,0
2110326,0
2111548,0
2111825,0
2111923,0
2111972,0
2111981,0
2112817,0
2112932,0
2114635,0
2115881,0
2115957,0
2116548,0
2116783,0
2117966,0
2118085,0
2118504,1
2118529,0
2119844,0
2120384,0
2121264,0
2121828,0
2122476,0
2123037,0
2123053,0
2123447,0
2123887,0
2124021,0
2124355,0
2124733,0
2124954,0
2126549,0
2126943,0
2127369,0
2127379,0
2128185,0
2128320,0
2128529,1
2130212,0
2130930,0
2131236,0
2132186,0
2132190,0
2132386,0
2134885,0
2135005,0
2135394,0
2136047,0
2136124,0
2136316,0
2136685,0
2136815,0
2137165,0
2137937,0
2139034,0
2139074,0
2139178,0
2140217,0
2140218,0
2140539,0
2140674,0
2141095,0
2141115,0
2142032,1
2142150,0
2142572,0
2142814,0
2143211,0
2143578,0
2143971,0
2144350,0
2145083,0
2145232,0
2145677,0
2146998,0
2147364,0
2149681,0
2152661,1
2153144,0
2154076,1
2154353,0
2155133,0
2155158,0
2155256,0
2155547,0
2156106,1
2156224,0
2156880,0
2157364,0
2158376,0
2158806,0
2159029,0
2159155,0
2159324,0
2162228,0
2163136,0
2163975,0
2165175,0
2165432,0
2165726,0
2166486,0
2167125,0
2167162,0
2167847,0
2169391,0
2171423,0
2171909,0
2172464,0
2172694,0
2174948,1
2175157,0
2176555,0
2176717,0
2176728,0
2176738,0
2176975,0
2177277,0
2177440,0
2177492,0
2178957,0
2180768,0
2181063,1
2181732,0
2181781,0
2182509,0
2182808,0
2183604,0
2184190,0
2184355,0
2184402,0
2184671,0
2187475,0
2187562,0
2187814,0
2188014,0
2188775,0
2188900,0
2190410,0
2191045,0
2191368,0
2191568,0
2192742,0
2194566,0
2195015,0
2196186,0
2197607,0
2197729,0
2198019,0
2198214,0
2198643,0
2198995,0
2199391,0
2200514,0
2201349,0
2203599,0
2203926,0
2204299,0
2204511,1
2204882,0
2205067,0
2205541,0
2205744,0
2206848,0
2207330,0
2207573,0
2207712,0
2207980,0
2208082,0
2208418,1
2210842,0
2210893,0
2211261,0
2211645,0
2213726,0
2213728,0
2213883,0
2214075,0
2214098,0
2214537,0
2215455,0
2216464,0
2216568,0
2216612,0
2216956,0
2217773,0
2217833,0
2217857,0
2218565,0
2218758,0
2220028,0
2220207,0
2220279,0
2220970,0
2221099,0
2221507,0
2221558,1
2222580,0
2222956,0
2223360,0
2223650,0
2223911,0
2224545,0
2226262,0
2228062,0
2228543,0
2230559,0
2230728,0
2231653,0
2232760,0
2233659,0
2234256,0
2235621,0
2237515,0
2239017,0
2239057,0
2239883,0
2240584,0
2240972,0
2241227,0
2241491,0
2242799,0
2243126,0
2243961,0
2244038,0
2244178,0
2244308,0
2244347,0
2244554,0
2245332,0
2245479,0
2245797,0
2246415,0
2246805,0
2247938,0
2248700,0
2248917,0
2250550,0
2250751,0
2251555,0
2251977,0
2252227,0
2253383,0
2255232,0
2255423,0
2255645,0
2256233,0
2257089,0
2257573,0
2257917,0
2258962,0
2259044,1
2259214,0
2259300,0
2260116,0
2260174,0
2261182,0
2261391,0
2262509,0
2263388,0
2264563,0
2264571,0
2266207,1
2266599,0
2266698,0
2267473,0
2267663,0
2267741,0
2268503,0
2268872,0
2269148,0
2269389,1
2270667,0
2271584,0
2271811,0
2271958,0
2272255,0
2272291,0
2272657,0
2274387,0
2274609,0
2274632,0
2274671,0
2274705,0
2274891,0
2275516,0
2275556,0
2276374,0
2276379,0
2277583,0
2277885,0
2278788,0
2278927,0
2280137,0
2280945,0
2281215,0
2281335,0
2281442,0
2281577,0
2281660,0
2282023,0
2282279,0
2282305,0
2282777,0
2283449,0
2283655,0
2284984,0
2285838,0
2286112,0
2286379,0
2286658,1
2286684,0
2286827,0
2287283,1
2287537,0
2288551,0
2289173,0
2289610,0
2290314,0
2291096,0
2291450,0
2291759,0
2291896,0
2292338,0
2294436,0
2294479,0
2294716,0
2295680,0
2295730,0
2296694,0
2296803,0
2297791,0
2300156,0
2300576,0
2300988,0
2301371,0
2302333,0
2302381,0
2303774,0
2304179,0
2305045,0
2306244,0
2306576,0
2306582,0
2308261,0
2308450,0
2308693,0
2308937,0
2309665,0
2309984,0
2311526,0
2311768,0
2311824,0
2311877,0
2313679,0
2314202,0
2314537,0
2315793,1
2315853,0
2316668,0
2317314,0
2318245,0
2318304,0
2318465,0
2318573,0
2319463,1
2320331,0
2320763,1
2321182,0
2322046,1
2322484,0
2323237,1
2325142,0
2325650,0
2326663,0
2329373,1
2329811,0
2330012,0
2330026,0
2330310,0
2330490,0
2331162,0
2332502,0
2332975,0
2333624,0
2333733,0
2334537,0
2336000,0
2337068,0
2337194,0
2337203,0
2337319,0
2338495,0
2338757,0
2339071,1
2339589,0
2340074,1
2340281,0
2340424,0
2341389,0
2341827,0
2342815,0
2342842,0
2343572,0
2344130,0
2344722,0
2344981,0
2345633,0
2345814,1
2346695,0
2347737,0
2348209,0
2348317,0
2348580,1
2348633,0
2348870,0
2349104,0
2349320,0
2349508,0
2350934,0
2351500,0
2351795,0
2353181,0
2354068,0
2354704,0
2354847,0
2355456,0
2355789,0
2356396,0
2357678,0
2358564,1
2358788,0
2358950,0
2359208,0
2359383,1
2359557,0
2359649,0
2359678,0
2360960,0
2361076,0
2361503,0
2362107,0
2363252,0
2363261,0
2363330,0
2363365,0
2363373,1
2363675,0
2363732,0
2364219,0
2364332,0
2365463,0
2366367,0
2366567,0
2367169,0
2367424,0
2367753,0
2367946,0
2369227,0
2370057,0
2370395,0
2371584,0
2372329,0
2373262,0
2373883,1
2374008,0
2375496,0
2375631,0
2378120,1
2378280,0
2381145,0
2381265,0
2383573,0
2383837,0
2387423,0
2388809,0
2388978,0
2389109,0
2389412,0
2390068,0
2390078,0
2391021,0
2392862,0
2394657,0
2394857,0
2395017,0
2395064,0
2396380,0
2397476,0
2398535,0
2398587,0
2399144,0
2399180,0
2399310,0
2400213,0
2400235,0
2400390,0
2400397,0
2401432,0
2401649,0
2401935,0
2402487,0
2402574,0
2403670,0
2406277,0
2409055,0
2409409,0
2411236,0
2412024,0
2412321,0
2413087,0
2413317,0
2413914,0
2413957,0
2414189,0
2415809,0
2415815,0
2416181,0
2416906,0
2417143,0
2419367,1
2419714,0
2420234,0
2420512,0
2420847,0
2421220,0
2422606,0
2424275,0
2424536,0
2424604,0
2425031,0
2427256,0
2427459,0
2427584,0
2427721,0
2428210,0
2428369,0
2428707,0
2428883,0
2429922,0
2430736,0
2431766,0
2432026,0
2433187,1
2435456,0
2436076,0
2436186,0
2437365,0
2440000,0
2440213,0
2440451,0
2440826,0
2441378,0
2441932,0
2444962,0
2445678,0
2446487,0
2446637,0
2448444,0
2449182,0
2449881,0
2450193,0
2450199,0
2450322,0
2451203,0
2451969,0
2452523,0
2452693,0
2453442,0
2453484,0
2453753,0
2454193,0
2454606,0
2455045,0
2456349,0
2456627,0
2456671,0
2456699,0
2456892,0
2457024,0
2457632,0
2458399,0
2458954,0
2459038,0
2459216,0
2459566,0
2459590,0
2459954,0
2461081,0
2461857,0
2462247,0
2462459,0
2464273,0
2464897,0
2465985,0
2466615,0
2466940,0
2467253,0
2467285,0
2467868,0
2469538,0
2469692,0
2472611,0
2472756,0
2473474,0
2473776,0
2473966,0
2475235,0
2476072,0
2476960,0
2477107,0
2477859,0
2480308,0
2482639,0
2483237,0
2485754,0
2486740,0
2487200,0
2487778,0
2488798,0
2490248,0
2490694,0
2491824,0
2494262,0
2494720,0
2497517,0
2498306,0
2498999,0
2499648,0
2499986,0
2501780,0
2501955,0
2502643,0
2503287,0
2504376,0
2506205,0
2506684,0
2509908,0
2510083,0
2511077,0
2511273,0
2511925,0
2512929,0
2513647,0
2514063,0
2514291,0
2514371,0
2514563,0
2514939,0
2515633,0
2515700,1
2515945,0
2516142,0
2516281,0
2516980,0
2517044,0
2517233,0
2517659,0
2519224,0
2520013,0
2520236,0
2520585,0
2521834,0
2523739,0
2524795,0
2526679,0
2528206,0
2529359,0
2529697,0
2529754,1
2531067,1
2531364,0
2531550,0
2534891,0
2536627,0
2538599,0
2539927,0
2540482,0
2541716,0
2542270,0
2542754,0
2543719,0
2544885,0
2546309,0
2546310,0
2547803,0
2548328,0
2550074,0
2550715,0
2551524,0
2551856,0
2552013,0
2552789,0
2553107,0
2554378,0
2555682,0
2555963,0
2556075,0
2557047,0
2557391,0
2558742,0
2559155,0
2561014,0
2562857,0
2567662,0
2568193,0
2568474,1
2570749,0
2570804,0
2576282,0
2578365,0
2578980,0
2579233,0
2591003,0
2591602,0
993,0
1699,0
2713,0
2978,0
3083,0
3511,0
3927,0
5378,0
5534,0
5880,0
6565,0
6655,0
8337,0
9958,0
10836,0
10858,1
11017,0
12076,0
12119,0
12669,0
13957,0
14464,0
16076,0
16227,0
16236,0
16247,0
16255,0
16331,0
16381,0
16394,0
16578,0
16600,0
17950,0
19165,0
20057,0
20089,0
20239,1
20759,0
20924,0
21628,0
22539,0
24505,0
24869,0
25475,0
25997,1
26351,0
26601,0
26886,0
27380,0
30323,0
31058,0
31111,0
31247,0
32593,0
32610,0
33115,0
33251,0
33273,0
35344,0
35455,1
35653,0
36520,0
36765,0
37769,0
38927,0
39229,0
40752,0
41318,0
42690,0
43277,0
43756,0
43781,0
44452,0
44705,0
45213,0
46403,0
46496,0
47796,0
48425,0
48683,0
49877,0
50124,0
50295,0
51718,0
51960,0
52102,0
53245,0
54070,0
55355,0
55861,0
56156,0
56633,0
58026,0
59826,0
62419,0
63687,0
63873,0
64279,0
64579,0
66689,0
66985,0
67045,0
67223,0
68300,0
68335,0
68475,0
70047,0
70343,0
70882,0
72512,0
72555,0
73446,0
74680,0
75686,0
76398,0
77280,0
77442,0
77491,0
78587,0
78802,1
79360,1
80645,0
81321,0
81410,0
81490,0
81870,0
82815,0
84206,0
84275,0
85524,0
88081,0
90149,0
90835,0
91115,0
91173,0
91336,0
91532,0
93458,0
94301,0
95093,0
95417,0
95440,0
96629,0
96912,0
97337,0
97970,0
98454,0
99440,0
99808,0
101119,0
102722,0
103687,0
103883,0
104816,0
104979,0
105214,0
105351,0
105663,0
106136,0
107215,0
107332,0
107428,0
108737,0
108822,0
109394,0
110125,0
110848,0
113527,0
113712,0
116388,0
117449,0
119828,0
120412,0
121701,0
121826,0
123611,0
124055,0
124446,0
124450,0
124455,0
124742,0
125508,0
125877,0
127135,0
127163,0
128298,0
129417,0
131359,0
132266,0
136520,0
137164,1
137213,0
140534,0
140594,0
141538,0
141550,0
141923,0
143142,0
143457,0
144094,0
144266,0
144863,0
145289,0
145291,0
145304,0
145877,0
147141,0
147238,0
147430,0
149070,0
149123,0
149281,0
149344,1
149611,0
149628,0
149673,0
150077,0
150581,0
153367,0
153789,0
154705,0
154998,0
158096,0
158457,0
159926,0
161225,0
161813,0
161953,0
162499,0
164382,0
164490,0
166319,0
166906,0
167689,0
167880,0
168379,0
169366,0
170058,0
171165,0
172418,0
173084,0
174351,0
174555,0
175614,0
176387,0
176838,0
176880,0
177247,0
178863,0
179295,0
179505,0
179547,0
179643,0
180664,0
182570,1
184881,0
185267,0
185667,0
186551,0
186683,0
187345,0
188074,0
188372,0
191106,1
192532,0
192555,0
192864,0
194092,0
194218,0
196304,0
196754,0
200135,0
200231,0
200739,0
201200,0
201899,0
202161,1
202346,0
203009,0
204315,0
204918,0
205086,0
205689,0
206304,0
207334,0
207449,0
207525,0
207639,0
208188,0
210099,0
211961,0
212860,0
213182,0
213631,0
213740,1
214433,0
216927,0
217729,0
220245,0
220991,0
221159,0
223007,0
224703,0
228229,0
229459,1
230434,0
232222,0
232317,1
233044,0
233258,1
233338,0
233913,0
234952,0
239435,0
240077,0
240341,0
241055,0
244162,0
245081,0
245421,0
246271,0
247684,0
248041,0
248345,0
248444,0
249457,0
250441,0
250818,0
251953,0
252425,1
252893,0
254519,0
254953,0
256842,0
257564,0
263669,0
263892,0
264828,0
265803,0
266275,0
267890,0
268606,0
269044,0
269078,0
269259,0
269599,0
271125,0
271168,0
271469,0
273851,1
275393,0
276127,0
276914,0
277151,0
278181,0
279011,0
280828,0
282538,0
282698,0
283033,0
283602,1
284118,0
284481,0
284981,0
285072,0
285378,0
285668,0
288514,0
288635,0
288803,0
289419,1
289708,0
291050,0
291386,1
291703,0
292005,0
292257,0
292658,0
292794,0
292974,0
293104,0
293627,0
296768,0
297568,0
297698,0
298083,0
299167,0
299356,0
300368,0
301329,0
301343,0
301880,0
303181,0
303875,0
304964,0
306950,0
308295,0
309315,0
310227,0
310681,0
312150,0
313998,0
314075,0
314647,0
317890,0
318162,0
322336,0
323233,0
324843,0
325213,0
325427,0
326146,0
327464,0
327565,0
327615,0
328545,0
328712,0
329156,0
331580,0
331877,0
332582,0
333083,0
333406,0
334191,0
335251,0
337135,0
337765,0
338327,0
339304,0
340170,0
341873,0
341949,0
342876,0
343988,0
345620,0
348186,0
348725,0
350958,0
351251,0
351702,0
354293,1
354715,0
357125,0
359025,0
360551,0
363400,0
364049,0
365461,0
366792,1
366945,0
367640,0
369246,0
370057,1
371440,0
372837,1
374018,0
374958,0
375498,0
375890,0
375903,0
377565,0
378220,0
380236,0
380894,0
381763,0
382261,0
382879,0
382968,1
384941,0
385617,0
386080,0
386407,0
386598,0
386920,0
387796,0
388657,0
389089,0
389094,0
389101,0
389190,0
389199,0
389785,0
390091,0
390647,0
391285,0
391308,0
392202,0
396507,0
397145,0
398710,0
401181,0
403243,0
403640,0
403843,0
404537,0
405128,0
405565,0
405950,1
406185,0
408721,0
409189,0
410167,0
410714,0
412292,0
412295,0
412952,0
413882,0
413981,0
414432,0
414836,0
416528,0
418688,0
419644,0
419792,0
420023,1
421457,0
422334,0
423282,0
423615,0
423837,0
424371,0
424428,0
425280,0
425378,0
425535,0
426554,0
427955,0
429078,0
429495,0
429553,0
430831,0
432540,0
433935,0
434227,0
434432,0
435394,0
435548,0
435940,0
436999,0
437480,0
437788,0
438159,0
438190,0
438333,0
439755,0
440285,0
440944,0
441092,0
441223,0
441314,1
441757,0
442748,0
443643,0
444909,0
445412,0
445843,0
447112,0
447797,0
448247,0
448561,0
449015,0
449027,0
449660,0
449836,0
450205,0
451248,0
451855,0
452516,0
453382,0
453775,0
453801,0
454135,0
454759,0
454863,0
456190,0
456250,0
457285,0
457417,0
457688,0
457943,0
458503,0
459701,0
461910,0
463117,0
463228,0
464058,0
466098,0
466385,0
468475,1
471241,0
473512,0
476223,0
476967,0
477214,0
477545,0
477797,0
478204,0
478856,0
478866,0
480274,0
480281,0
480903,0
482145,0
483284,0
485290,0
485935,0
486506,0
486530,1
486767,0
487362,1
488222,0
489230,0
489807,0
490758,1
491886,0
492992,0
493469,0
493893,1
494088,0
495624,0
497890,0
498059,0
498179,0
498674,0
501273,1
501527,0
501561,0
501667,0
502118,0
503807,0
504850,0
506228,0
506430,0
506569,0
506760,0
506866,0
507241,0
508269,1
508399,0
509187,0
509998,0
510852,0
512377,0
512423,0
513171,0
514466,0
514810,0
515275,0
516255,0
517610,0
518187,0
518630,0
519634,0
519768,0
520096,0
520586,0
520640,0
520648,0
522868,0
523305,0
524111,0
524256,0
524809,0
525401,1
526354,0
526655,0
527447,0
528140,0
530113,0
530313,0
531469,0
531604,0
531640,0
531776,0
532348,0
532988,0
533696,0
534353,0
534432,0
536627,0
538291,0
538649,0
539852,0
540880,0
540885,0
541262,0
541618,0
542155,0
542467,0
543084,0
543762,0
544083,1
544162,0
544847,0
544869,0
545511,0
545855,0
546020,1
546189,0
546306,0
546710,0
548453,0
550118,0
550148,0
552539,0
552706,0
552950,0
553270,0
555900,0
555953,0
555964,0
556843,0
558380,1
559224,0
559394,0
559411,0
560245,0
561674,0
562530,0
562569,0
563173,0
564415,0
564895,0
565575,0
565654,0
566332,0
566859,0
567492,0
567645,0
567710,0
571030,0
571279,0
571293,0
571738,0
571843,0
572298,0
575099,0
575427,0
577059,0
577276,0
578566,0
578698,0
579111,0
581208,0
581628,0
582596,0
584425,0
584567,0
584813,0
585693,0
585951,0
586286,0
587958,0
588112,0
588479,0
589843,0
590322,0
590932,0
591703,0
592744,0
592819,0
593618,0
594966,0
595380,0
595697,0
596381,0
596701,0
597574,0
599619,0
601079,0
602392,0
603154,0
605454,0
606260,0
609004,0
610076,0
611084,0
612028,0
612620,0
612887,0
614094,0
614137,0
614294,0
615592,0
617341,0
617352,0
617506,0
618914,0
619286,0
619977,0
621818,0
622347,0
623836,0
624208,0
625501,0
625528,0
626537,0
628041,0
628174,0
628633,0
629166,0
632818,0
638839,0
638891,0
638927,0
639364,0
639964,0
641921,0
643059,0
644193,0
644691,0
644848,0
645328,0
645551,0
645648,0
647557,0
647876,0
647893,0
647930,1
648752,0
648780,0
650161,0
650311,0
650504,0
651438,0
651533,0
653985,0
654210,0
655974,0
657040,0
657388,0
657717,0
658780,0
659143,0
659410,1
664573,0
664674,0
664963,0
665146,0
665650,0
666319,0
666417,0
666461,0
666925,0
667120,0
668002,0
668415,0
668426,1
668841,0
669903,0
670064,0
673366,0
674389,0
674429,0
678412,0
678801,1
678986,1
679017,0
679282,0
679308,0
679555,0
679683,0
679831,0
682260,1
682365,0
682403,0
682828,0
683239,0
683757,0
684291,0
685525,0
686019,0
686163,0
686175,0
686254,0
687159,0
687365,0
687947,0
689905,0
690638,0
691061,0
691102,0
691574,0
691962,0
695225,0
696319,0
696374,0
696740,0
698285,0
698436,1
699030,0
701055,0
702537,0
703702,0
704136,0
708032,0
708058,0
709690,0
710005,0
711210,0
711475,0
712037,0
712466,0
713396,0
713890,0
714629,0
714736,0
716027,0
716095,1
717195,0
717301,0
718310,0
718848,0
718960,0
719050,0
720090,0
720951,0
721369,0
721512,0
721820,0
722366,0
722631,0
723078,0
723961,0
724240,0
724820,1
725066,0
725793,0
726804,0
727561,0
728292,0
728455,0
728846,0
729603,0
729988,0
731079,0
732612,0
733257,0
734168,0
734863,0
735039,0
735905,0
736187,0
736650,0
736720,0
736982,0
737025,0
737027,0
737071,0
738485,0
739562,0
739904,0
740355,0
741660,0
743074,0
743554,0
745607,0
747253,0
747490,0
748473,0
748791,0
749299,0
751100,0
751379,0
751894,0
752816,0
753547,0
754261,0
754902,0
755073,0
755095,0
755238,0
755240,0
756440,0
757275,0
757936,0
759742,0
761622,0
763097,0
763713,0
764339,0
764406,0
764561,0
765710,0
766205,0
766593,0
766750,0
767690,0
769419,0
773599,0
774125,0
775348,0
775610,0
777757,0
779570,0
780773,0
781139,0
781691,1
782144,0
782219,0
782432,0
782552,0
782604,0
785365,0
786480,0
787367,0
787700,0
788082,0
789068,0
791412,0
791890,0
796075,1
796238,0
800890,0
801546,0
801684,0
803460,0
804239,0
804384,0
804711,0
804889,0
805188,0
805346,0
806494,0
806578,0
809217,0
809420,0
810040,0
811742,0
812229,0
817318,0
817934,0
820350,0
822143,0
824993,0
827607,0
828449,0
829608,1
829944,0
830001,0
834624,0
835288,0
837663,0
838644,0
839396,0
839576,0
839716,0
839812,0
840991,1
841899,0
844713,0
844819,0
847520,0
847820,0
853838,0
854825,0
855236,0
856116,0
857455,1
857553,0
858783,0
859994,0
860203,0
860918,0
861358,0
863174,0
863730,0
866785,0
868204,0
868265,0
868822,0
870386,0
870515,0
871433,0
872549,0
872752,0
873036,0
875064,0
875100,0
875251,0
877444,0
877529,0
878993,0
880765,0
883613,0
887390,0
887545,0
889032,0
891351,0
891677,0
891801,0
893195,0
894044,0
895477,0
897032,0
897105,0
897330,0
901600,0
901924,0
902004,0
902714,0
903266,0
905597,0
906997,0
907761,0
908275,0
909454,0
911535,0
915022,0
915904,0
917342,0
917537,0
918140,0
919748,0
919760,0
920309,0
920952,0
921569,0
922397,0
923044,0
924226,0
924571,0
926059,0
927376,0
928891,0
929287,0
930188,0
930829,0
932581,0
933105,0
934153,0
935503,0
936002,1
936040,0
936485,0
936492,0
936853,0
938213,0
938367,0
938458,0
939075,0
939079,0
940942,0
941993,0
942328,0
942502,0
942696,0
942790,0
943622,0
945045,0
946306,0
946815,0
947917,0
948634,0
950667,0
954501,0
956227,0
957231,0
957458,0
958282,0
958335,0
958352,0
960252,0
962475,0
964652,0
967897,0
968229,0
968304,0
969742,0
969746,1
971134,0
973230,0
974798,0
975582,0
980077,0
981623,0
981900,0
981959,0
983158,0
983163,0
983695,0
984043,0
988028,0
988438,0
988992,0
989014,0
990741,0
991166,0
991258,0
992126,0
992277,0
993820,0
994162,0
994305,0
995498,0
996203,0
996316,0
999790,0
1003232,0
1003390,0
1003492,0
1003791,0
1003914,0
1006324,0
1006362,0
1006747,0
1006951,0
1007249,0
1007561,0
1007725,0
1007987,0
1008229,0
1008285,0
1008332,0
1008469,0
1008644,1
1008948,0
1009441,0
1009765,0
1010950,0
1011207,0
1011473,0
1012399,0
1012622,1
1013213,0
1013353,0
1013842,0
1014844,0
1015345,0
1016840,0
1017125,0
1017275,0
1017992,0
1018614,0
1018638,0
1018927,0
1020058,0
1020072,0
1020079,0
1020660,0
1021225,0
1021585,0
1021740,0
1022348,0
1022891,0
1023126,0
1023278,0
1023643,0
1023743,0
1023971,0
1024302,0
1025041,0
1025356,0
1026460,0
1026916,0
1027749,0
1028242,0
1028304,1
1028541,0
1029068,0
1029771,0
1030817,0
1030838,0
1032296,0
1032333,1
1032977,0
1033654,0
1034453,0
1034896,0
1035137,0
1035757,0
1036190,0
1039410,0
1040865,0
1040873,0
1040916,0
1042195,0
1042283,0
1043099,0
1043518,0
1044706,0
1044721,0
1045181,1
1045323,0
1046227,0
1047753,0
1048208,0
1049356,0
1049752,0
1049879,0
1050718,0
1052154,0
1052810,0
1053621,0
1054045,0
1054811,0
1055728,0
1056823,1
1057158,0
1057809,0
1057922,0
1058234,0
1058790,0
1059404,0
1059412,0
1061133,1
1061385,0
1063331,0
1063979,0
1064580,0
1065016,0
1065911,0
1066112,0
1068794,0
1070135,0
1070589,0
1071638,0
1072700,0
1072737,0
1073438,0
1073479,0
1073705,0
1074233,0
1074673,0
1077103,0
1077939,0
1078128,0
1078248,0
1079116,0
1079877,0
1080472,0
1080479,0
1081723,0
1082697,0
1082712,0
1083238,0
1084725,0
1084813,0
1085149,0
1086638,0
1088189,0
1088488,0
1088594,0
1089127,1
1090404,0
1091895,0
1093405,0
1093953,0
1095092,0
1096371,0
1097540,0
1098136,0
1098571,0
1098712,0
1099634,0
1099769,0
1102293,0
1103839,0
1106594,0
1108901,0
1109151,0
1109560,0
1109946,1
1110008,0
1110267,0
1110541,0
1111391,0
1112090,0
1112373,0
1112858,0
1113658,0
1114569,0
1114957,0
1116249,0
1117061,0
1117958,0
1118216,0
1118305,0
1118943,0
1119071,0
1122791,0
1122846,0
1123364,0
1124827,0
1125111,0
1125373,0
1125944,0
1127043,0
1127283,0
1128418,0
1129092,0
1129444,0
1129951,0
1130732,0
1130766,0
1131357,0
1131562,1
1131565,0
1132598,0
1133124,0
1133541,0
1133648,0
1134421,0
1136748,1
1136882,0
1137845,1
1138029,0
1138904,0
1139720,0
1141226,0
1141671,0
1142338,0
1143204,0
1143535,0
1144244,0
1144326,0
1144397,0
1144550,0
1148110,0
1148173,0
1148648,0
1148770,0
1148893,0
1148908,0
1150715,0
1151617,0
1152557,0
1152716,0
1153155,0
1153399,0
1153813,0
1154298,0
1155099,0
1156351,0
1160515,0
1163430,0
1164987,0
1166430,0
1166681,0
1166711,0
1167757,0
1167875,0
1168553,0
1169205,0
1170536,0
1170542,0
1171697,0
1172130,0
1172686,0
1173014,0
1173867,0
1175654,0
1176814,1
1176925,0
1177482,0
1178429,0
1178682,0
1180020,0
1180299,0
1180318,0
1181078,0
1181334,0
1182030,0
1182552,0
1183203,0
1184713,0
1187526,0
1188716,1
1188762,0
1190365,0
1192234,0
1195476,0
1197018,0
1198863,0
1199567,0
1199655,0
1201136,0
1201280,0
1203114,0
1203219,0
1204117,0
1205118,0
1205501,0
1205821,0
1208360,0
1209687,0
1209977,0
1210608,0
1210953,0
1211396,0
1211887,0
1212716,0
1212954,0
1213398,0
1214122,0
1215405,0
1217199,0
1218341,0
1220532,0
1220555,0
1221138,0
1222027,0
1222315,0
1223844,0
1224249,0
1224256,0
1224826,0
1227481,0
1229110,0
1230283,0
1231333,0
1231980,0
1232971,0
1233770,0
1234727,0
1235565,0
1237538,0
1239311,0
1239552,1
1240002,0
1240798,0
1243047,0
1243666,0
1243967,0
1247541,0
1250775,0
1251838,0
1253392,1
1255094,0
1255310,0
1255864,0
1255905,0
1258841,0
1259904,0
1262050,0
1263780,0
1281577,0
1283057,0
1283673,0
1283679,0
1283758,0
1283953,0
1284759,0
1285088,0
1285168,0
1285280,0
1286114,0
1286430,0
1286766,0
1286767,0
1287127,0
1287157,0
1287752,0
1288047,0
1288055,0
1288291,0
1288866,0
1290335,0
1291034,0
1291438,0
1291692,0
1292266,0
1292436,0
1293013,0
1293114,0
1293360,0
1294929,0
1295031,0
1295071,0
1295133,0
1296165,0
1297173,0
1297386,0
1297645,0
1298249,0
1299005,0
1300318,0
1301114,0
1302125,0
1302706,0
1303162,0
1303579,0
1304335,0
1304578,0
1305454,0
1305532,0
1306735,0
1306801,0
1307027,0
1307351,1
1307652,1
1308390,0
1308421,0
1309726,0
1310282,0
1310571,0
1310665,0
1310713,0
1310730,0
1311022,0
1311104,0
1312402,0
1313077,0
1313220,0
1313255,0
1313648,0
1313751,0
1314811,0
1315081,0
1315662,0
1316406,0
1316407,0
1316684,0
1317196,0
1317260,0
1317715,0
1317801,0
1318141,0
1319051,0
1319176,0
1319940,0
1320031,0
1320444,0
1321798,0
1322474,0
1322862,0
1323406,0
1323498,0
1324335,0
1324884,0
1326072,0
1327038,0
1327160,0
1328629,0
1330787,0
1330892,0
1331169,0
1332520,0
1332648,0
1332752,0
1332768,0
1332856,0
1333242,0
1333621,1
1333936,0
1333980,0
1334168,0
1334604,0
1336391,0
1337091,0
1337259,0
1338121,0
1338154,0
1338507,0
1339159,0
1339227,0
1339340,0
1339353,0
1339817,0
1340310,0
1340622,0
1341315,0
1343620,0
1344621,0
1344980,0
1347355,0
1347556,1
1348775,0
1348957,0
1349114,0
1350672,0
1351823,0
1352226,0
1354497,0
1354807,0
1354819,0
1354976,0
1355626,0
1356493,0
1356806,0
1357645,0
1359403,1
1359630,0
1359728,0
1360082,0
1360567,1
1362118,0
1362611,0
1363260,0
1363284,0
1364719,0
1364811,0
1364942,0
1365538,0
1366258,0
1367013,0
1367019,0
1367889,0
1367922,0
1368652,0
1369887,0
1370190,0
1371158,0
1371536,0
1372948,0
1373005,0
1373323,0
1373363,0
1373928,1
1374214,0
1374758,0
1374796,1
1375627,0
1376480,0
1378248,1
1378311,0
1380129,0
1382207,0
1382593,0
1383171,0
1383217,0
1383984,0
1385702,0
1386512,0
1388395,0
1388668,0
1388739,0
1390224,0
1390294,0
1390328,0
1390818,0
1390946,0
1391739,0
1392270,0
1392305,0
1393493,0
1393955,0
1394012,0
1394064,0
1394506,1
1394536,0
1394681,0
1395450,0
1396533,0
1397066,0
1397881,0
1398207,0
1398726,0
1399091,0
1399780,0
1399802,0
1400463,0
1400527,0
1401102,1
1401282,0
1401378,0
1402007,0
1402054,0
1402554,0
1403044,0
1403920,0
1404268,0
1404573,0
1405583,0
1405628,0
1406042,0
1408477,0
1409044,0
1409279,0
1409498,0
1409504,0
1409993,0
1410624,0
1413355,0
1413901,0
1416230,0
1417760,0
1417835,0
1417886,0
1420991,0
1422303,0
1423588,0
1424844,0
1425302,0
1425663,0
1426150,0
1427441,0
1427796,0
1428148,0
1428731,0
1428740,0
1429315,1
1430769,0
1431311,0
1431757,0
1431780,0
1432142,0
1432535,0
1433954,0
1435250,0
1435259,0
1436940,0
1437371,1
1437430,0
1437840,0
1438114,0
1439177,0
1440001,0
1440004,0
1442184,0
1442219,0
1443255,0
1443592,0
1443814,0
1444782,0
1446527,0
1446592,1
1446649,0
1446678,1
1446724,0
1446923,0
1446962,0
1447287,0
1448554,0
1449577,0
1449710,0
1449870,0
1450541,0
1450719,0
1450895,0
1451968,1
1453162,0
1454084,0
1454741,0
1454893,0
1455126,0
1455470,1
1456647,0
1457477,0
1457839,0
1457935,0
1457982,0
1458787,0
1459113,0
1459254,0
1460442,0
1460653,0
1461007,0
1461251,0
1461791,0
1462232,0
1462259,0
1462434,0
1462470,0
1462500,0
1462920,0
1463611,0
1463975,0
1464171,0
1464368,0
1464860,0
1465087,0
1465606,0
1466239,0
1466409,0
1467055,0
1467313,0
1467325,0
1467449,0
1467826,0
1468193,0
1469253,0
1469257,0
1469741,0
1469827,0
1470269,0
1470602,0
1470806,0
1470896,0
1470966,0
1471549,0
1473310,0
1474537,0
1475375,0
1475438,0
1476009,0
1476130,0
1476392,0
1477302,0
1478086,0
1478525,0
1480015,0
1480462,0
1480614,0
1481562,0
1481601,0
1481748,0
1483051,0
1483167,0
1484497,0
1484632,0
1484940,0
1485205,0
1485685,0
1486278,0
1486848,0
1487127,0
1488514,0
1488541,0
1488777,0
1490129,0
1490620,0
1490806,0
1491001,0
1491167,0
1492442,0
1493256,0
1493573,0
1494335,0
1494694,0
1496430,0
1496502,1
1497104,0
1497273,0
1498453,0
1498760,0
1498967,0
1499550,0
1499585,0
1499743,0
1500085,0
1500433,0
1500632,0
1501046,0
1501288,0
1501367,1
1502014,0
1502431,0
1502700,0
1502741,0
1502813,0
1504447,0
1505774,0
1506643,0
1506949,0
1507453,0
1507723,0
1507992,0
1508423,0
1508504,0
1508979,0
1509306,0
1509563,0
1512399,0
1513191,0
1513260,0
1516954,0
1517196,0
1517773,0
1517934,0
1518119,0
1518445,0
1519795,0
1521648,0
1522744,0
1523367,0
1524187,0
1524479,0
1525303,0
1526709,0
1529082,0
1529104,0
1530605,0
1530688,0
1534869,0
1536090,0
1537393,0
1537613,0
1538552,0
1538679,1
1539053,0
1539167,0
1539310,0
1539650,0
1539834,0
1540611,0
1541079,0
1542875,0
1543291,0
1543371,0
1545229,0
1545438,0
1545726,0
1546105,0
1546219,0
1546515,0
1546604,0
1547158,0
1548097,0
1548193,0
1548617,0
1549363,0
1551149,0
1553029,0
1554068,0
1554771,0
1556028,0
1557797,0
1558905,0
1559405,0
1560163,0
1561971,0
1562707,0
1563416,0
1565715,1
1567477,0
1570503,0
1571143,0
1571268,0
1571873,0
1572326,0
1572598,0
1572683,0
1572768,0
1572784,0
1573663,0
1573924,0
1574193,0
1574941,0
1575463,0
1576004,0
1576753,0
1577295,0
1577352,0
1578027,0
1578295,0
1578934,0
1579433,0
1579822,0
1580300,0
1581909,0
1581940,0
1582554,0
1582764,0
1583500,0
1583699,0
1583791,0
1586873,0
1587822,0
1588216,0
1588236,0
1588401,0
1589168,0
1589675,0
1590022,0
1592846,0
1592956,0
1594203,0
1596129,0
1596632,0
1597581,0
1599268,0
1600980,0
1602193,0
1602734,1
1603688,0
1605003,0
1605213,0
1607119,0
1608782,0
1609035,0
1609223,0
1609548,0
1609648,0
1610462,0
1611067,0
1611279,0
1611835,0
1611883,0
1612000,0
1612587,0
1613685,0
1613778,0
1614706,0
1615379,0
1615752,0
1616649,0
1617043,0
1617338,0
1617437,0
1617889,0
1618132,0
1620210,0
1620242,0
1620277,0
1621014,0
1621560,0
1621986,0
1622849,0
1622961,0
1623131,0
1623455,0
1624199,0
1624549,0
1627362,0
1627892,0
1628034,0
1628202,0
1628314,0
1628757,0
1629347,0
1629692,0
1629731,1
1629959,0
1630309,0
1631231,0
1631378,0
1631801,0
1631851,0
1632126,1
1632666,0
1632740,0
1634123,0
1634643,0
1635116,0
1635305,0
1636504,0
1636697,0
1636997,0
1637032,0
1640071,0
1640329,0
1641275,0
1642483,0
1642893,0
1644146,0
1644407,0
1644559,0
1646545,0
1647005,0
1648016,0
1648740,0
1648814,0
1649772,0
1651823,0
1652041,0
1652574,0
1652578,0
1652636,0
1654519,0
1654834,0
1655745,0
1656411,0
1658291,0
1658408,0
1658560,0
1658736,0
1659334,0
1660962,0
1660983,0
1661078,0
1661199,0
1661844,1
1662659,0
1662979,0
1665899,1
1666078,0
1667647,0
1668327,0
1669841,0
1669914,0
1670884,0
1671534,0
1672019,0
1672070,1
1673023,0
1673384,1
1673701,0
1674245,0
1674935,1
1675105,0
1675605,0
1675835,0
1676823,0
1677359,0
1678282,0
1679075,0
1681011,0
1682006,0
1682994,0
1684900,0
1686916,0
1687859,0
1689300,0
1690380,0
1690731,0
1690964,0
1691822,0
1693019,0
1694097,0
1694237,0
1694337,0
1695032,0
1696062,0
1697014,0
1697078,0
1697503,0
1697698,0
1697823,0
1698442,0
1698879,0
1699938,0
1700050,0
1700202,0
1700963,1
1700972,0
1701005,0
1701148,0
1701264,0
1701454,0
1702609,0
1703737,0
1703836,0
1704393,0
1704882,0
1704977,0
1705376,0
1706309,0
1706437,0
1706646,0
1707728,0
1707841,1
1708322,0
1709630,0
1709704,0
1710022,0
1710152,0
1710156,0
1710607,0
1710956,0
1711222,0
1712244,0
1712468,0
1712533,0
1712759,0
1715328,0
1716048,0
1716096,0
1716290,0
1716703,0
1717560,0
1717732,0
1718076,0
1718433,0
1719352,0
1719594,0
1719801,0
1721908,0
1722517,0
1722562,0
1722622,0
1722944,0
1727189,0
1727771,0
1728909,0
1729099,0
1730611,0
1730734,0
1731163,0
1731861,0
1732431,0
1732437,0
1732576,0
1733475,0
1733912,0
1736065,0
1736267,0
1737078,0
1737270,0
1739179,0
1739731,0
1740470,0
1740530,0
1742468,0
1742691,0
1743519,0
1744362,0
1744418,0
1744727,0
1745155,0
1745812,0
1746389,0
1746617,0
1747886,0
1748291,0
1748561,0
1748715,0
1749191,0
1749472,0
1749987,0
1750336,0
1750451,0
1751405,0
1752157,0
1752259,0
1753254,0
1754182,0
1754510,0
1754721,0
1755525,0
1755606,0
1755884,0
1756353,0
1756784,0
1756961,0
1759045,0
1759207,0
1759412,0
1759630,0
1760911,0
1760947,0
1761026,0
1761626,0
1762096,0
1762321,0
1762547,0
1763082,0
1763675,0
1763872,0
1763940,0
1764410,0
1766744,0
1767315,0
1767653,0
1767925,0
1768331,0
1771206,0
1771615,0
1772338,0
1772779,0
1773042,0
1776625,0
1777462,0
1779257,0
1779317,0
1780123,0
1780501,0
1781440,0
1782765,0
1782973,0
1783880,0
1785438,0
1785791,0
1786147,0
1786242,0
1786344,0
1786509,0
1786617,0
1787866,0
1788828,0
1790042,0
1790966,0
1791553,0
1793772,0
1795717,0
1797740,0
1798515,0
1798796,0
1799727,0
1800136,0
1800284,0
1800709,0
1801873,0
1802684,0
1802953,1
1803024,0
1803377,0
1804878,0
1805746,0
1806278,0
1806441,0
1807384,0
1808966,0
1809209,0
1809305,0
1812962,0
1814748,0
1816144,0
1816961,0
1817633,0
1819090,0
1819538,1
1820560,0
1820885,1
1821288,0
1821760,0
1823585,0
1824962,0
1825522,0
1825918,0
1825976,0
1826144,0
1826210,0
1827050,0
1828964,0
1833069,0
1833448,0
1833808,0
1834118,0
1835508,0
1835520,0
1836120,0
1836132,0
1836182,0
1836393,0
1836568,0
1836858,0
1837027,0
1837320,0
1838330,0
1838425,0
1838732,0
1838938,0
1841373,0
1841558,0
1842929,0
1843061,0
1843591,0
1844189,0
1844530,0
1845458,0
1845855,0
1846847,0
1847200,0
1847381,0
1847925,0
1847976,0
1848439,0
1848559,0
1850190,0
1851507,0
1852387,0
1853777,0
1854758,0
1856646,0
1857648,0
1858093,0
1860654,0
1861734,0
1863116,0
1863186,0
1863404,0
1863506,0
1872396,0
1874626,0
1898940,0
1899237,0
1902771,0
1902942,0
1903207,0
1906012,0
1906900,0
1908299,0
1908755,0
1912029,0
1912459,0
1914006,0
1914980,0
1915357,0
1915684,0
1915753,0
1916178,1
1917398,0
1917456,0
1917594,0
1917748,0
1917830,0
1917854,0
1919290,0
1919808,0
1919821,0
1920274,0
1920295,0
1920524,0
1921645,0
1922357,0
1922626,0
1922640,0
1924190,0
1924280,0
1925684,0
1928236,0
1929480,0
1929519,0
1929546,0
1929968,0
1931288,0
1931306,0
1931319,0
1932794,0
1932834,0
1934066,1
1935352,0
1935511,0
1935549,0
1936298,0
1936637,0
1936944,0
1937194,0
1937351,0
1938808,0
1938982,0
1939294,0
1940129,0
1941502,0
1945112,0
1946310,0
1947236,0
1948234,0
1948325,0
1948856,0
1949863,0
1949991,0
1952427,0
1956337,0
1957249,0
1958502,0
1960836,0
1960931,0
1963937,0
1964568,0
1965643,0
1966091,0
1966973,0
1967562,0
1967649,0
1968830,0
1968955,0
1969344,0
1969779,0
1970092,0
1971268,0
1972684,1
1974482,0
1975071,0
1979333,0
1980273,0
1980826,0
1981308,0
1983846,0
1984557,0
1987044,0
1987633,0
1987770,0
1991081,0
1995098,0
1995431,0
1998522,0
1999428,0
1999463,0
2002652,0
2003255,0
2004826,0
2006747,0
2007285,0
2007705,0
2008613,0
2008809,0
2009144,0
2009634,0
2010831,0
2011348,0
2011917,0
2012242,0
2012372,0
2013806,0
2014442,0
2014886,0
2015337,0
2015352,0
2015677,0
2017250,0
2017737,0
2018352,0
2019004,0
2019041,0
2019060,0
2019196,0
2019597,0
2020074,0
2021088,0
2021772,0
2021898,0
2022547,0
2023890,0
2024846,0
2024881,0
2025172,0
2026148,0
2026251,0
2026946,0
2027436,0
2028204,0
2028598,0
2029110,0
2029168,0
2029593,0
2029903,0
2030150,0
2030452,1
2030889,0
2031590,0
2032674,0
2032870,0
2034539,0
2034863,0
2035110,0
2035680,0
2037506,0
2038823,0
2039161,0
2039293,0
2039544,0
2039920,0
2041138,0
2042278,0
2042766,0
2043116,0
2045235,0
2045590,0
2047030,0
2050262,0
2052548,0
2052761,0
2052789,0
2053655,0
2054182,0
2054563,0
2055244,0
2060886,0
2061110,0
2061786,1
2062868,0
2065860,0
2066984,0
2067421,0
2067608,0
2067793,0
2068739,0
2069765,0
2070870,0
2072802,1
2073101,0
2073270,0
2074783,0
2076771,0
2077518,0
2077727,0
2082191,0
2083203,0
2083211,0
2085178,0
2086646,0
2087440,0
2087448,0
2087802,0
2089220,0
2089915,0
2092156,0
2092236,0
2094027,0
2095389,0
2095485,0
2095991,0
2097959,1
2099668,0
2099883,0
2102218,0
2102294,1
2102650,0
2102674,0
2102737,0
2103692,0
2103961,0
2104020,0
2104262,0
2104488,0
2104871,0
2104874,0
2105165,0
2106216,0
2106455,0
2106466,0
2108487,0
2108504,0
2108665,0
2108730,0
2111294,0
2113258,0
2113379,0
2113571,0
2113795,0
2113825,0
2113989,0
2114552,0
2115259,0
2115444,0
2115674,0
2116564,0
2116968,0
2117025,0
2117620,0
2118814,0
2118958,0
2120216,0
2120548,0
2120983,0
2121648,0
2121669,0
2121680,0
2121782,0
2121868,0
2122379,1
2122769,0
2123004,0
2123043,0
2123989,0
2124080,0
2124560,0
2125465,0
2126647,0
2128472,0
2128578,0
2129070,0
2129075,0
2129730,1
2129866,0
2129916,0
2130292,0
2130941,0
2133168,1
2133664,0
2133985,0
2135204,0
2135314,0
2135381,0
2135486,0
2135902,0
2135963,0
2136200,0
2136339,0
2138024,0
2138161,0
2138690,0
2138855,0
2139430,0
2139780,0
2139944,0
2141007,0
2141715,0
2141935,0
2142533,0
2142858,0
2142879,0
2142989,0
2143162,0
2143243,1
2143312,0
2143577,0
2143841,0
2144632,0
2144706,0
2145220,0
2145622,0
2146242,0
2146625,0
2148617,0
2148901,0
2149126,0
2149223,0
2149475,0
2149480,0
2149598,0
2149622,0
2150218,0
2150503,0
2150506,0
2150778,0
2151303,0
2151552,0
2151640,0
2151664,0
2152411,0
2153095,0
2153410,0
2154496,0
2155108,0
2156423,0
2156474,1
2158824,0
2159864,0
2160018,0
2160451,0
2161021,0
2162025,0
2162138,0
2162647,0
2162717,0
2168152,0
2169022,0
2169404,0
2169729,0
2170663,0
2170740,0
2170756,0
2170921,0
2170936,0
2171044,0
2173391,0
2174871,0
2174919,0
2175264,0
2176607,0
2177689,0
2178209,0
2180613,0
2180778,0
2181075,0
2182143,0
2182346,0
2182657,0
2183943,0
2184250,0
2184674,0
2185472,0
2185607,0
2186294,0
2187010,0
2187696,0
2189638,0
2189802,0
2190037,0
2192708,0
2193367,0
2193691,0
2194797,0
2195034,1
2195437,0
2196503,0
2196660,0
2197589,0
2197713,0
2198068,0
2199972,0
2200300,0
2200677,0
2201602,0
2201649,0
2201666,0
2201905,0
2203041,0
2203306,0
2205426,0
2205727,0
2206012,0
2207657,0
2208136,0
2209270,0
2209769,0
2209844,0
2209959,0
2210190,1
2210454,0
2211196,0
2211974,0
2212166,0
2212681,0
2212863,0
2213617,0
2213734,0
2213994,0
2214649,1
2214862,0
2215128,1
2215988,0
2216668,0
2217090,0
2217150,0
2217997,0
2218282,0
2219305,0
2219355,0
2219615,0
2219846,0
2220045,0
2220976,0
2221412,0
2222630,0
2222971,0
2223800,0
2223924,0
2223985,0
2224132,0
2224161,0
2225482,0
2225603,0
2225762,1
2226354,0
2228604,0
2228699,0
2228736,0
2228964,0
2229379,0
2229838,0
2229893,0
2230000,0
2230269,0
2230866,0
2231518,1
2232019,0
2232410,0
2233920,0
2234451,0
2235704,0
2236586,0
2237103,0
2237105,1
2237810,0
2238965,0
2239413,0
2239471,0
2239910,0
2240077,0
2240124,0
2240963,0
2241316,0
2241512,0
2241662,0
2241850,0
2242111,0
2242129,0
2243256,0
2243310,0
2243466,0
2243514,0
2243934,0
2244210,0
2244356,0
2245036,0
2246695,1
2246766,0
2247049,0
2248149,0
2249465,0
2249938,0
2250093,0
2250342,0
2250350,0
2250454,0
2252224,0
2252401,0
2252705,0
2253045,0
2254482,1
2254605,0
2255160,0
2255353,0
2255435,0
2256226,1
2257175,0
2257735,0
2258124,0
2258541,0
2258956,0
2260424,0
2260805,0
2262114,0
2263415,1
2264886,0
2265294,0
2265832,0
2266126,0
2268063,0
2268229,0
2269429,0
2269560,0
2269958,1
2270125,0
2271072,0
2271541,0
2272316,0
2272400,0
2272611,0
2273388,0
2273407,0
2274118,0
2274590,0
2275602,0
2276572,0
2277084,0
2277163,1
2278393,0
2278796,0
2280509,0
2280533,0
2280601,0
2281101,0
2281211,0
2281592,0
2281992,0
2283913,0
2285192,1
2285259,0
2287982,0
2289111,0
2289406,0
2289564,0
2289816,0
2290552,0
2291063,0
2291280,0
2291515,0
2293152,0
2293853,0
2295259,0
2295343,0
2296917,0
2298190,1
2299785,0
2301089,0
2301368,0
2301713,0
2303870,0
2303962,0
2304153,0
2305221,0
2305406,0
2306246,0
2306404,0
2306688,0
2307107,0
2307487,0
2308545,0
2309070,1
2309718,0
2309892,0
2311293,0
2312178,0
2313784,0
2314857,0
2315691,1
2316227,0
2316532,0
2317742,0
2318313,0
2318849,0
2319404,0
2320761,0
2321065,1
2322133,0
2322204,0
2322690,0
2323038,0
2323202,0
2324127,0
2324706,0
2324970,0
2326143,0
2328557,0
2329416,0
2332343,0
2333005,0
2333988,0
2334075,0
2334094,0
2335226,0
2337039,0
2337347,0
2337377,0
2337643,1
2340237,0
2340828,0
2341468,0
2341722,0
2342630,0
2342752,0
2342958,0
2343145,0
2343895,0
2344725,0
2345570,0
2346150,1
2346536,0
2346647,0
2346650,0
2347205,0
2347428,0
2347511,0
2347721,0
2349450,0
2349958,0
2350751,0
2350763,0
2351549,0
2352687,0
2353026,0
2353467,0
2354397,0
2354877,0
2355340,0
2355364,0
2355874,0
2356634,0
2356893,1
2356898,0
2356968,0
2358115,0
2359650,0
2359723,0
2359788,0
2359791,0
2359876,0
2361621,0
2362049,0
2363032,0
2363584,0
2364248,0
2365222,0
2366494,0
2368538,0
2368603,0
2368902,0
2369768,0
2370823,0
2371155,0
2372443,0
2372766,0
2372946,0
2374278,0
2374441,0
2374805,0
2375577,0
2375692,1
2375908,0
2376602,0
2376645,1
2376808,0
2378309,0
2378884,0
2379000,0
2379857,0
2381828,0
2382011,0
2383035,0
2383046,0
2383547,1
2383605,0
2384324,0
2384699,0
2384891,0
2385025,0
2385300,0
2386113,0
2387001,0
2387678,0
2387901,0
2388873,0
2389556,1
2390241,0
2391315,0
2391433,0
2392093,0
2392502,0
2393188,0
2393895,0
2393938,0
2394175,0
2395457,0
2395516,0
2396224,0
2396720,0
2397509,0
2398058,0
2398186,0
2398835,0
2399777,0
2400797,0
2401102,0
2401427,0
2401925,0
2403280,1
2403539,0
2404878,0
2404997,0
2405319,0
2405488,0
2406146,0
2406218,0
2406632,0
2406822,0
2406833,0
2407259,0
2407604,0
2408346,0
2408713,0
2408960,0
2410005,0
2411394,0
2413100,0
2413127,0
2413261,0
2413968,0
2414110,0
2415693,0
2416403,0
2417230,0
2417578,0
2417804,0
2418360,0
2419319,0
2420300,0
2421884,1
2424819,0
2427016,0
2427402,0
2427502,0
2427577,0
2428179,0
2428725,0
2428947,0
2428985,0
2431689,0
2433675,0
2434254,0
2435128,0
2435403,0
2435655,1
2436565,0
2438379,0
2439122,0
2441778,0
2442117,0
2443538,0
2444016,0
2444326,0
2444364,0
2444806,1
2445463,0
2446178,0
2446798,0
2447121,0
2448867,0
2449625,0
2450015,0
2450729,0
2451979,0
2453351,0
2453512,0
2454049,0
2455143,0
2456283,0
2456876,0
2456951,0
2457153,0
2457933,0
2458049,0
2458599,0
2460081,0
2460248,0
2460630,1
2460835,0
2461037,0
2462669,1
2462778,0
2462822,0
2464200,0
2464295,0
2464505,0
2464615,0
2464714,0
2465828,0
2466104,0
2466461,0
2467095,0
2469078,1
2469702,0
2470608,0
2471555,0
2472523,0
2472938,0
2473032,0
2474180,0
2474507,0
2474822,0
2475753,0
2475870,0
2477374,0
2478499,0
2478712,0
2479128,0
2480202,0
2480386,0
2482898,0
2483078,0
2485634,0
2486046,0
2486390,0
2486697,0
2487734,0
2488149,0
2489985,0
2491088,0
2491495,0
2491863,0
2492270,0
2492636,0
2492900,0
2493411,0
2493515,0
2493667,0
2494953,0
2495285,0
2495864,0
2496088,0
2496706,0
2498399,0
2498735,0
2498940,0
2499289,0
2499349,0
2499988,0
2499989,0
2500049,0
2500482,0
2500500,0
2501091,0
2501355,0
2501874,0
2502066,0
2502131,0
2502476,0
2503479,0
2504484,0
2504747,0
2504969,0
2505620,0
2505813,0
2506444,0
2507392,0
2509804,0
2511112,0
2511308,0
2512003,0
2512062,0
2513559,0
2513780,0
2513928,0
2514020,0
2514849,0
2515818,0
2516052,0
2516190,0
2518133,0
2518195,0
2520623,0
2526533,0
2527664,0
2528025,0
2528831,0
2528974,0
2529003,0
2530697,0
2530745,0
2531191,0
2533205,0
2533414,0
2533504,0
2536163,0
2536473,0
2538035,0
2538439,0
2539556,0
2539813,0
2540426,0
2541221,0
2541242,0
2541514,0
2541649,0
2541710,0
2541866,0
2542244,0
2543281,0
2543743,0
2544581,0
2545909,0
2546281,0
2547015,0
2547131,0
2549999,0
2553522,1
2554728,0
2555566,0
2556558,0
2557551,0
2561221,0
2563267,0
2564718,0
2565897,0
2566953,0
2567274,0
2567452,0
2567461,0
2567897,0
2568393,1
2570859,0
2573010,0
2574176,0
2576475,0
2576756,0
2577276,0
2578422,0
2578440,0
2578675,0
2580066,0
2580869,0
2581620,0
2581973,0
2581995,0
2582013,0
2583325,0
2583379,0
2583775,0
2585186,0
2585776,0
2586612,0
2586811,0
2587174,0
2588126,0
2589161,0
2591160,0
430,0
833,0
1218,0
1420,0
1582,0
1805,1
1841,0
2137,0
2418,0
2648,0
2761,0
3295,0
3875,0
3929,0
4133,1
4314,0
4602,0
4708,0
5099,0
5127,0
5181,0
6037,0
6122,0
6337,0
6513,0
6587,1
6732,0
6887,0
6941,0
7238,0
7545,0
8091,0
8655,0
8927,0
8987,0
8996,0
9366,0
10011,0
10054,0
10107,0
10247,0
10893,0
11303,0
11370,0
11593,0
11700,0
11996,0
12044,0
12062,0
12123,0
12830,0
13011,0
13043,0
13310,0
14171,0
14537,0
14633,0
14735,0
14808,0
15199,0
15518,0
15532,0
15580,0
15702,0
16944,0
17002,0
17930,0
18253,0
18689,0
18732,0
19424,0
19628,0
19690,0
19951,0
20051,0
20171,0
20425,0
20908,0
21024,0
21121,0
21304,0
21657,0
22058,0
22409,0
22526,0
22683,1
23422,0
23553,0
23630,0
23708,0
23927,0
24246,0
24439,0
24528,0
24587,0
24879,0
24903,0
25117,0
25231,0
25863,0
25986,0
26355,0
26417,1
26571,0
26837,0
27249,0
27670,0
27735,0
28149,1
28249,0
28353,0
28730,0
28761,0
28809,0
28953,0
29628,0
29689,0
29727,0
29747,0
29998,0
30146,0
30201,0
30304,0
30535,1
30864,0
31278,0
31311,0
31584,0
31851,0
32125,0
32596,0
32768,0
32901,0
33007,0
33012,0
33335,0
33398,0
33732,0
33781,0
33954,0
34316,0
34317,0
34373,0
34664,1
34685,0
34949,0
35073,0
35098,0
35862,0
37664,0
37809,0
37851,0
37957,0
38165,0
38301,0
38316,0
38536,0
38587,0
38680,1
39316,0
40002,0
40028,0
40063,0
40320,0
40397,0
40696,0
41127,0
41412,0
41717,0
42261,0
42473,0
42531,0
42615,0
42769,0
43543,0
43699,0
43998,0
44019,0
44232,0
44276,0
44476,0
44642,0
44793,0
44878,0
45385,0
45641,0
45814,1
46215,0
46998,0
47033,0
47111,0
47193,0
47204,0
47787,0
48209,0
48257,0
48415,0
48640,0
48784,0
48793,0
49293,0
49737,0
49768,0
50466,0
50721,0
51130,0
51224,0
51238,0
51266,0
51420,0
51474,0
51764,0
51774,0
52098,0
52539,0
52554,0
52833,0
52923,0
52939,0
53813,0
54497,0
54523,0
54644,0
54936,0
55023,0
55034,0
55180,1
55181,0
55275,0
55660,0
55973,0
56307,0
56665,0
56888,0
57210,0
57760,0
57781,0
57947,0
58069,0
58130,0
58319,0
58347,0
58495,0
58696,0
58769,0
59165,0
59415,0
59631,0
59638,0
59873,0
59921,0
59966,0
60011,0
60106,0
60389,0
60781,0
61168,0
61681,0
61963,0
62066,0
62073,1
62310,0
63556,0
63943,0
64071,0
64105,0
64317,0
64644,0
65263,0
65375,0
65389,1
65451,0
65623,0
65874,0
66298,0
66638,0
66646,1
66874,0
67119,0
67205,0
67429,0
67948,0
68081,0
68614,0
68720,0
69526,0
69611,0
70386,0
71007,0
71595,0
71984,0
71995,0
72017,0
72226,0
72274,0
72275,0
72468,0
72626,0
72993,0
73128,0
73532,0
74014,0
74067,0
74142,0
74143,0
74797,0
75106,0
75706,0
75733,1
76449,0
76583,0
76666,0
76973,0
77549,0
77803,0
78102,0
78442,0
78443,0
78598,0
78963,0
79002,0
79454,0
80182,0
80241,0
80365,0
80460,0
81060,0
81075,0
81082,0
81368,0
81535,0
81574,0
81714,0
81875,0
82065,0
82069,0
82309,0
82482,0
83003,0
83270,0
83553,0
83613,0
84405,0
84422,0
84500,0
84789,0
85509,0
85685,1
85726,0
85773,0
85852,0
85870,0
85907,0
86163,0
86222,0
86374,0
86826,0
86973,0
87843,0
88094,0
88440,0
88519,1
88684,0
88776,0
89000,0
89321,0
89361,0
90581,0
90955,0
91028,0
91323,0
91762,0
92088,0
92288,0
92664,0
92686,0
92829,0
93224,0
93640,0
93683,0
93960,0
94330,0
94345,0
94443,0
94771,0
94818,1
94858,0
94963,0
95185,0
95321,0
95748,0
96500,0
96834,0
97033,0
97272,0
97293,0
97397,0
98102,1
98268,0
98332,0
98574,0
98902,0
99064,0
99256,0
99713,0
99893,0
99978,0
100362,0
100375,1
101099,0
101174,0
101421,0
101444,0
101601,1
101858,0
101958,0
102210,0
102538,0
102589,1
102604,0
102657,0
103006,0
103322,0
103471,0
103674,0
104006,0
104161,0
104338,0
104672,0
104834,1
105558,0
106122,0
106557,0
106594,0
106870,0
107474,1
107502,0
107551,1
107681,0
107736,0
107994,0
108552,0
108651,0
108683,0
108776,0
109028,0
109212,0
109470,0
109587,0
109639,0
109683,1
109822,0
109868,0
109876,0
109906,0
110047,0
110159,0
111060,1
112253,0
112661,0
112663,0
112687,0
112851,0
112919,0
112956,0
113435,0
114474,0
115226,1
115395,1
115485,0
115516,0
115780,0
115821,0
115839,0
115858,0
116131,0
116197,0
116329,0
116921,0
117136,0
117153,0
117442,0
117541,0
117555,0
117586,0
118004,0
118387,0
118508,0
118538,0
118678,0
118894,0
119515,0
119601,0
120086,0
120815,0
120817,0
121231,0
121463,0
121584,0
121869,0
121968,0
122082,0
122605,0
122606,0
122873,0
122893,0
122930,0
123001,0
123165,0
123438,0
123601,0
123627,0
123662,0
123984,0
124264,0
125062,0
125080,0
125339,0
125621,0
125785,0
125926,0
126070,0
126394,0
126428,0
126556,0
127127,0
127286,1
127355,0
127452,0
127612,0
127718,0
128255,0
128694,0
128732,0
129067,0
129438,0
129584,1
129593,0
129779,0
130066,1
130339,0
130343,0
130371,0
130844,0
130970,0
131082,0
131314,0
131631,0
131635,0
131780,0
131791,0
131890,0
132521,0
132645,0
133032,0
133044,0
133057,0
133681,0
133791,0
133954,0
134044,0
134165,0
134251,0
134400,0
134419,0
134469,0
134770,0
134878,0
135170,0
135206,0
135240,0
135544,0
135557,0
135595,0
135601,0
136617,0
136713,0
137254,0
137375,0
137603,0
138128,0
138177,0
138469,0
138987,0
139429,0
139430,0
139485,0
139812,0
139961,0
140327,0
140491,0
140723,0
140738,0
140744,0
140853,0
141064,0
141092,0
141250,0
141460,0
141706,0
141709,0
142801,0
142826,0
142877,0
143128,0
143184,0
143340,0
143357,0
143416,0
143541,0
143781,0
143879,0
144015,0
144042,0
144406,0
144446,0
144527,0
144637,0
144692,0
144777,0
144854,0
144860,0
145549,0
145651,0
145701,0
145732,0
146013,0
146171,0
146313,0
146405,0
146413,0
146505,0
146615,1
146637,1
146776,0
146970,0
147043,0
147245,0
147286,0
147326,0
147396,0
147415,0
147450,0
147732,0
147863,0
147877,0
147927,1
148019,0
148080,0
148577,0
148583,0
148590,1
148747,0
148763,0
148764,0
149411,0
149704,0
149856,0
149949,0
150175,0
150263,0
150551,0
151138,0
151313,0
151565,0
151577,0
151723,0
152014,0
152533,1
152739,0
153372,0
153550,0
153608,0
153688,0
153747,0
154213,0
154261,0
154433,0
154520,0
154539,0
155316,0
155527,0
155596,0
155627,0
155922,0
156036,0
156171,0
156400,0
156500,0
156694,0
156726,0
156843,0
156880,0
157078,0
157356,0
157443,0
157462,0
157554,1
158012,0
158132,0
158273,0
158446,0
158540,0
158683,0
158801,0
158839,0
159073,0
159358,0
159382,0
159447,0
159855,0
159863,1
160162,0
160305,0
160588,0
160733,0
160827,0
160861,0
161492,0
161538,0
161561,1
161619,0
161856,0
162420,0
162545,0
162641,0
162736,0
162777,0
162817,0
162896,0
163360,0
163771,0
163815,0
164131,0
164438,0
164485,0
164525,0
164602,1
164828,0
164902,0
164996,0
165362,0
165582,0
165600,0
165614,0
165944,0
166082,0
166377,0
166761,0
166999,0
167239,0
167328,0
167358,0
167544,0
167591,1
167679,0
168294,0
168691,0
169010,0
169040,0
169387,0
169451,0
169565,0
169665,0
170172,0
170365,0
172015,0
172072,0
172118,0
172378,0
172469,0
172707,0
172947,0
173711,0
173946,0
174031,0
174049,0
174520,0
174573,0
174624,0
174641,0
174785,0
174923,0
174947,0
175117,0
175365,0
175437,0
175448,1
175504,0
175519,0
175532,0
175621,0
175696,1
175813,0
176312,0
176558,0
176667,0
176820,0
176829,0
177208,0
177242,0
177453,0
177570,0
178092,0
178377,0
178614,0
178665,0
178697,0
178921,0
178990,0
179633,0
180050,0
180697,0
180761,0
180894,0
181056,0
181128,0
181620,0
181819,0
181888,1
182086,0
182379,0
182427,0
182518,0
182857,0
183220,0
183855,0
183918,0
183935,0
184262,0
184292,0
184609,0
185031,1
185195,0
185571,0
185716,0
185876,0
186085,0
186266,0
186400,0
186426,0
186696,0
186748,0
187460,0
187890,0
187941,0
188017,0
188046,0
188259,0
188424,0
188430,0
188465,0
188541,0
188895,0
188933,0
189078,0
190509,0
190530,0
190551,0
190590,0
190737,0
190815,0
191229,1
191555,0
191811,0
191891,0
192011,0
192086,0
192124,0
192675,0
193466,0
193692,0
194155,0
194255,0
194258,0
194405,0
194639,0
194673,0
194816,0
195259,0
195387,0
195440,0
195478,0
195986,0
196255,0
196423,0
196569,0
196583,0
196590,0
196702,0
196823,0
196923,0
196997,0
197202,0
197306,0
197373,0
197429,0
197902,0
198068,0
198105,0
198107,0
198716,0
198757,0
199020,0
199110,0
199111,0
199441,0
199659,0
199727,0
199880,1
199909,0
200604,0
200610,0
200761,0
200833,0
201102,0
201414,0
201417,0
201425,0
201859,1
202383,0
202433,0
202796,0
202807,0
203553,0
203605,0
203695,0
203911,0
203934,0
204101,0
204255,0
204792,0
205072,0
205121,0
205531,0
205699,0
206078,0
206368,0
206671,0
207018,0
207129,0
207439,0
207526,0
207562,1
207630,0
207641,1
207726,0
208212,0
208310,0
208459,0
208707,0
208962,0
208995,0
209159,0
209479,0
209539,0
210180,0
210630,0
211145,0
211370,0
212347,0
212809,0
212956,0
212991,0
213005,0
213121,0
213200,0
213221,0
213941,0
214224,0
214426,0
214752,0
214795,0
215095,0
215410,0
215544,0
215727,0
215902,0
215904,0
216068,0
216112,0
216141,0
216895,0
217097,0
217322,0
217404,0
217653,0
217899,0
217923,0
217969,0
218067,0
218083,0
218314,0
218472,0
218807,1
219116,0
219533,0
219618,0
219623,0
219711,0
219777,0
219935,0
220004,0
220013,0
220036,0
220217,0
220262,0
220281,0
220494,0
221377,0
221472,0
221504,0
221858,0
222085,0
222148,0
222565,0
222880,0
222984,0
223074,0
223131,0
223363,0
223583,0
224042,0
224221,0
224518,0
224672,0
224800,0
224846,0
225019,0
226468,0
226482,0
226527,0
226639,0
226709,0
226777,0
227047,0
227206,0
227307,0
227513,0
227586,0
227608,0
227712,0
227717,0
227856,0
227925,0
228324,0
228500,0
228511,1
228602,0
228870,0
229007,0
229653,0
229787,0
230100,0
230107,0
230893,0
231163,0
231237,0
231253,0
231362,0
231517,0
231689,0
231754,0
231846,0
232091,0
232111,0
232431,0
232596,0
232676,0
232833,0
233318,0
233400,0
233413,0
233574,0
233938,0
234141,0
234260,0
234403,0
234714,0
234777,0
235882,0
235956,0
236026,0
236292,1
236325,0
236329,0
236410,0
236531,0
236615,0
236689,0
237343,0
237648,0
237698,0
237786,0
237852,0
237983,0
237991,0
238510,0
238529,0
238555,0
238897,0
238912,0
239265,0
239400,0
239742,0
239860,0
239982,0
240058,0
240163,0
240344,0
240689,0
240728,0
240828,0
241456,0
241782,0
241983,0
242068,0
242388,1
243049,0
243220,0
243226,0
243376,0
243618,0
244026,1
244108,0
244110,0
244122,0
244330,0
244460,0
244826,0
245331,0
245890,0
246453,0
246518,0
246522,0
246532,0
246691,0
246838,0
246925,0
247113,0
247206,0
247242,0
247254,0
247561,0
247615,0
248164,0
248359,0
248599,0
248657,0
249516,0
249595,1
249783,0
250107,0
250165,0
250387,0
250531,0
250583,0
250689,0
250721,0
250860,0
250952,0
251005,0
251145,0
251324,0
252105,0
252151,0
252248,1
252366,0
252687,0
252818,0
252985,0
253027,0
253199,0
253371,0
253617,0
254110,0
254133,0
254549,1
254625,0
254696,0
254891,0
255491,0
255716,0
255890,0
256180,0
256375,0
256530,0
256630,0
256673,0
256801,0
256822,0
256847,0
257031,0
257068,0
257268,0
257371,0
257824,0
258002,0
258075,0
258197,0
258317,0
259206,0
259326,0
259912,0
260225,0
260299,0
260370,0
260418,0
260455,0
260504,0
260672,0
260690,0
260874,0
261016,0
261454,0
261595,0
262559,0
262613,0
262857,0
263064,0
263208,0
263652,0
263694,0
264026,0
264260,0
264404,0
264714,0
265198,0
265499,0
266036,0
266121,0
266556,0
266801,0
267116,0
267139,0
267854,0
268050,1
268462,0
268616,0
268832,0
268870,0
269465,0
269746,0
269762,0
269782,0
269841,0
270108,0
270164,0
270347,0
270516,0
272037,0
272958,0
273005,0
273052,0
274020,0
274176,0
274366,0
274719,0
275326,0
275541,0
275614,0
275641,0
275869,0
275995,0
276118,0
276839,0
276877,0
276928,0
277224,0
277919,0
277933,0
278410,0
278938,0
279638,0
280033,0
280107,0
280381,0
280437,0
280857,0
281030,0
281167,0
281673,0
282252,0
282260,0
282581,0
282602,0
282859,0
282975,0
283039,0
283248,0
283585,0
283838,1
284350,0
284439,0
284476,1
284623,0
284990,0
285419,0
285466,0
285549,0
285774,0
285843,0
286042,0
286534,0
286686,0
286729,0
287444,0
287461,0
287567,0
287734,0
287840,0
287989,0
288178,0
288563,0
290064,0
290252,0
290839,0
291097,0
291163,0
291582,0
291799,0
291860,0
291929,0
291996,1
292125,0
292603,0
292744,0
292870,0
292950,0
293902,0
293942,0
294096,0
294244,0
294309,0
294662,0
295083,0
296061,0
296136,0
296180,0
296593,0
296651,1
296792,0
296875,0
297879,0
298362,0
298413,0
298721,0
298785,0
298824,0
299137,0
299278,0
299796,0
299859,0
300250,1
300285,0
300484,0
300753,0
300936,0
300997,0
301324,0
301915,0
302194,0
302805,0
302848,0
303823,0
303865,0
304301,0
305418,0
305602,0
306220,0
306301,0
306870,0
308192,0
309330,0
309331,0
309662,0
309666,0
309834,0
309835,0
310397,0
310617,0
311109,0
311347,0
311610,1
312348,1
312412,0
312508,0
312692,0
313535,0
313874,0
314107,0
314149,0
314260,0
315059,0
315071,0
315310,0
315453,0
315695,0
315744,0
315792,0
316016,0
316937,0
317381,0
318193,0
318898,0
319193,0
319334,0
319581,0
319854,0
319947,0
320109,0
320781,0
321101,0
321192,1
321446,0
321698,0
321780,0
323005,0
323357,1
323428,0
323546,0
323563,0
323928,1
323984,0
324058,0
324153,0
324158,0
325094,0
325305,0
325661,0
326058,1
326135,0
327730,0
328114,0
328177,0
328447,0
328588,0
328692,0
328882,0
329238,0
329270,0
329355,0
329572,0
329739,0
330075,0
330122,0
330242,0
330252,0
330296,0
330474,0
330612,0
330708,0
330741,0
330748,0
330763,0
330980,0
331072,1
331490,0
332082,0
332245,0
332430,0
332765,0
332839,0
333574,0
333790,0
334259,0
334261,0
334635,0
334762,0
334787,0
335524,0
335617,1
336120,0
336489,0
336735,0
337242,0
337623,0
337632,0
337737,1
337872,0
338323,0
338470,0
338736,0
338747,0
338770,0
338884,0
339251,0
339272,0
339408,0
339696,0
339715,0
339740,0
339957,0
340451,0
340823,0
341144,0
341398,0
341554,0
341829,0
341878,0
342045,0
342097,0
342140,0
342475,0
342674,0
343093,0
343355,0
343524,0
344012,0
344331,0
344510,0
344650,0
344925,0
345088,0
345380,1
345525,0
345713,0
346230,0
346382,0
347016,0
347229,0
347799,0
347821,0
348511,0
348590,1
348707,0
349091,0
349399,1
349732,0
349825,0
350299,0
350379,0
350659,0
350785,0
350787,0
350881,0
351296,0
351459,0
351560,0
351796,0
351994,0
352071,0
352103,0
352937,0
353061,0
353292,0
353603,0
354160,0
354228,0
354296,0
354651,0
354666,0
354667,0
354990,0
355033,0
355149,0
355162,0
355177,0
355645,0
355717,0
356151,0
356541,0
356676,0
356855,0
357098,0
357217,0
357454,0
357515,0
357541,0
357760,0
357871,0
357967,0
358516,0
358726,0
359352,0
359538,0
359691,0
359963,0
360053,0
360754,0
361043,0
361336,0
362028,0
362208,0
362408,0
362920,0
362932,0
363158,0
363344,0
363932,0
364421,0
364467,0
364641,0
364709,0
364827,0
365083,0
365121,0
365158,0
365182,0
365479,0
365889,0
366095,0
366233,0
366704,0
366706,1
366876,0
367064,0
367096,0
367372,0
367518,0
367634,0
368019,0
368056,1
368395,0
368518,0
368957,0
369151,0
369312,0
369374,0
369794,0
369838,0
369872,0
371048,0
371237,0
371610,0
371614,0
372041,0
372072,0
372090,0
372174,0
372230,0
372534,0
372784,0
372905,0
372917,0
373102,0
373576,0
373751,0
374301,0
374493,0
374495,0
374939,0
375016,0
375062,0
375087,0
375212,0
375351,0
375457,0
375638,0
375796,0
376072,0
377028,0
377705,0
377797,0
378055,0
378119,0
378210,0
378370,0
378740,0
378776,0
379046,0
379154,0
379500,0
379797,0
379926,0
380224,0
380565,0
381099,0
381294,0
381523,0
381658,0
381667,0
381732,0
382008,0
382034,0
382178,0
382463,0
382572,1
382793,0
383036,0
383057,0
383102,0
383624,0
383855,0
384283,0
384385,0
384783,0
384875,0
385083,0
385107,0
385214,0
385348,0
386119,0
386203,0
386318,0
386665,0
386847,0
387133,0
387238,0
387356,1
387376,0
388089,0
388221,0
388222,0
388558,0
388914,0
389212,0
389369,0
389563,0
389580,0
389639,0
389826,0
390310,0
390529,0
391527,0
391553,0
391814,0
391913,0
392025,0
392440,0
392664,0
392779,0
392898,0
393016,0
393214,0
393335,0
393447,0
393870,0
393913,0
394054,0
394108,0
394109,0
394181,0
394624,0
394793,0
394951,0
395046,0
395160,0
395202,0
395262,0
395317,0
395337,0
395599,0
395757,0
395882,0
396101,0
396365,0
396424,0
396445,0
396690,0
396754,0
396842,0
396907,0
397019,0
397063,0
397664,1
398627,0
399287,0
399451,0
399461,1
399467,0
399604,0
400052,0
400212,0
400257,0
400450,0
400462,0
400652,0
400706,0
400768,0
401229,0
401323,0
401326,0
401397,0
401436,0
401761,0
402124,0
402425,0
402819,0
402940,0
403050,0
403098,1
403444,0
403528,0
403709,0
403863,0
403932,0
403995,0
404512,0
404966,0
404967,0
404981,0
405059,0
406174,0
406383,0
406593,0
406776,0
406859,0
407110,0
407235,0
407302,0
407891,0
408713,0
408796,0
408839,0
409668,0
409819,0
409884,1
409935,0
409982,0
409983,0
410407,0
410545,0
410568,0
410970,0
411086,0
411188,0
411199,0
411395,0
411646,0
411822,0
411871,0
412138,0
413397,0
413478,0
413910,0
413942,0
413972,0
414423,0
415271,0
416041,0
416102,0
416428,0
416521,0
416767,1
416818,0
417138,0
417216,0
417243,0
417931,0
418968,0
418973,0
419211,0
419387,0
419775,0
419902,0
419924,0
420199,0
420289,0
420295,0
420599,0
420859,0
421099,0
421118,0
421775,0
421932,0
422261,0
422528,0
422550,0
422868,0
422958,0
423089,0
423374,0
423538,0
423565,0
424198,0
424286,0
424574,0
424771,0
424979,0
425231,0
425423,0
425548,0
425629,0
425776,0
425870,0
426009,0
426429,0
426846,0
427022,0
427425,0
427821,0
428282,0
428304,0
428507,0
428537,0
428935,0
428999,0
429528,0
429898,0
430125,0
430144,0
430149,0
430396,0
430650,0
430760,0
430905,0
431341,0
431822,1
432711,0
433202,0
433306,0
433323,0
433372,0
433392,0
433661,0
433855,0
433954,0
434918,0
435018,0
435040,0
435282,0
435329,0
435563,0
435707,1
435921,0
436533,0
436866,0
437399,0
438015,0
438189,0
438269,0
438710,0
438744,1
438952,0
439060,0
439111,0
439704,0
440363,0
440442,0
440918,0
440974,0
441053,0
441358,0
441463,0
441822,0
441823,0
441831,0
441882,0
442411,0
442883,0
442950,0
443385,0
443401,0
444033,0
444154,0
444205,0
444227,0
444610,0
444711,0
444772,0
444940,0
445139,0
445195,0
445323,0
445624,0
445689,0
445751,0
445784,0
445816,0
445992,0
446292,0
446574,0
446784,0
446992,0
447016,0
447122,0
447142,0
447871,0
448236,1
448298,0
448383,0
448417,0
448440,0
448796,0
449002,0
449295,0
449467,0
449484,0
449552,0
449587,0
449664,0
449708,0
450013,0
450253,0
450860,0
451227,0
451285,0
451304,0
451334,0
451745,0
451814,0
452109,0
452150,1
452243,0
453081,0
453409,0
453616,0
453884,0
454166,0
454304,0
454393,0
454583,0
454679,0
454696,0
454875,0
455441,0
455553,0
455684,0
456471,0
456554,0
456918,0
456992,0
457256,0
457377,0
457525,0
457619,0
457858,0
457910,0
457923,0
458039,0
458170,0
458294,0
458316,0
458486,0
458541,0
458643,0
458675,0
458881,0
458951,0
459369,0
459610,0
459918,0
460164,0
460300,0
460405,0
460511,0
460514,0
460663,0
461230,0
461286,0
461324,0
461361,0
461366,0
461593,0
461622,0
461661,0
461694,0
461769,0
461885,0
462277,0
462409,0
462820,0
462837,0
462959,0
463197,0
463461,0
463542,0
463599,0
463941,1
463990,0
464136,0
464168,1
464414,0
464854,0
464903,0
464960,0
465021,0
465326,0
467033,0
467297,0
467815,0
468197,0
468353,0
468644,0
468744,0
469283,0
469326,0
469336,0
469577,0
470102,0
470300,0
470321,0
470557,0
470875,0
470905,0
470911,0
470916,0
471240,1
471278,0
471347,0
471644,0
471755,0
472084,0
472172,0
472537,0
472710,0
472939,0
473161,0
473447,0
473587,1
474042,0
474238,0
474261,0
474407,0
474778,0
474877,0
475211,0
475234,0
475342,0
475650,0
476178,0
476791,1
477061,0
477358,0
477786,0
477828,0
477889,0
477930,0
478049,0
478183,0
478210,0
478375,0
479614,0
479759,0
480045,0
480235,0
480422,0
480470,0
480659,0
480796,0
481343,0
482082,0
482325,0
482805,1
482927,0
483125,0
483221,0
483402,0
483417,0
483421,0
483629,0
483840,0
484045,0
484127,0
484211,0
484291,0
484455,0
484615,0
484772,0
484819,0
484889,0
485488,0
485538,0
485734,0
486475,0
487037,0
487177,0
487232,0
487430,0
487800,0
487968,0
488146,0
488872,0
488940,0
489729,0
489870,0
489967,0
490981,0
491384,0
491596,0
492192,0
492640,0
493346,0
493431,0
493502,0
493564,0
493851,0
493928,0
493980,0
494318,0
494418,0
494440,0
494578,0
494848,0
495071,0
495552,0
495560,0
496100,0
497046,0
497129,0
497199,0
497209,0
497459,0
497529,0
497635,0
497967,0
497968,0
498156,0
498495,0
498527,0
498650,0
499298,0
499324,0
499378,0
499431,0
499491,0
499911,0
500080,0
500208,0
500492,0
500622,0
500817,0
500907,0
500927,0
500963,0
501023,0
501231,0
501291,0
501295,0
501321,0
501480,0
501577,0
501759,0
501794,0
501927,0
502164,0
503059,0
503314,0
503331,0
503430,0
503543,0
503680,0
503761,0
503861,0
503901,0
504281,0
504290,0
504632,0
504722,0
505123,0
505300,0
505707,0
506351,0
506481,0
506605,0
506874,0
507088,0
507126,0
507636,0
507973,0
508008,1
508654,0
508967,0
509393,0
509849,0
509861,0
509921,0
510188,0
510614,0
510744,0
511066,0
511177,0
511249,0
511296,0
511677,1
512134,0
512692,0
512796,0
512942,0
513008,0
513172,0
513254,0
513546,0
513670,0
513905,0
513997,0
514225,0
514314,0
514362,0
514543,0
514866,0
514869,0
514957,0
515344,0
515541,0
515904,0
516075,0
516568,0
517229,0
517875,0
517928,0
518127,0
518265,0
518321,0
518587,0
518989,0
519455,1
519603,1
519642,0
519686,0
519688,0
520036,0
520190,0
520439,0
520671,0
521003,0
521095,0
521115,0
521593,0
521710,0
521930,0
522421,0
522541,0
522744,0
522747,0
522790,0
522818,0
522886,0
523021,0
523566,0
523905,0
524268,0
524461,0
524938,0
525073,0
525398,0
525585,0
525594,0
525879,0
526470,0
526661,0
526680,0
526729,0
527134,0
527189,0
527231,0
527395,0
527564,0
527614,1
527799,0
527891,0
528069,0
528338,0
528509,0
528750,0
529110,0
529433,0
529671,0
530084,0
530533,0
531036,0
531627,0
531651,0
531853,0
531889,1
532757,0
532793,0
533162,0
533807,0
533944,0
534115,0
534337,0
534444,0
534455,0
534518,0
534572,0
534817,0
535124,0
535378,0
535567,0
535805,0
535903,0
536323,0
536351,0
536396,0
536444,0
536520,0
536529,0
536814,0
536966,0
536981,0
537145,0
537293,0
537732,0
537882,0
538152,0
538334,0
538491,0
538813,0
538816,0
539232,0
539299,0
539554,0
539602,0
539783,0
540529,1
540775,0
541351,0
541416,0
541760,0
541824,0
542060,0
542067,0
542323,0
542909,0
543009,0
543451,0
543482,0
544081,0
544156,0
544351,0
544468,0
544921,0
545068,0
545245,0
545319,0
545376,0
545813,0
545890,0
545953,0
546547,0
546572,0
546580,0
546674,0
547105,0
547429,0
547462,0
547616,1
548052,0
548661,0
548756,0
548954,0
549356,0
549733,0
550532,0
550647,0
550864,0
550969,0
551040,0
551146,1
551409,0
551549,0
552224,0
552308,0
552897,0
552933,0
553053,0
553078,0
553385,0
553699,0
555269,0
555575,0
555665,0
555808,0
556180,0
557385,0
557434,0
557575,0
557602,0
557651,0
557721,0
558100,0
558136,0
558307,0
559188,0
559264,0
559572,0
560030,0
560276,0
560472,0
560529,0
561015,0
561452,0
561463,0
561627,0
561844,0
562131,0
562324,0
562390,0
562838,0
563011,0
563018,0
563064,0
563975,0
563979,0
564234,0
564292,0
564310,0
564353,0
564595,0
564621,0
564904,0
564927,0
565217,0
565319,0
565332,0
565633,0
565710,0
565723,0
565842,0
565879,0
566238,0
566814,0
567116,0
567401,0
568367,0
568960,0
569407,0
569822,0
569845,0
569906,0
570020,0
570022,0
570174,0
570729,0
570871,0
570947,0
571122,0
571330,0
571550,1
571562,0
571610,0
571744,0
572534,0
572701,0
573090,0
573144,0
573217,0
573227,0
573345,0
573946,0
574032,0
574882,0
575048,0
575503,0
575889,0
575898,0
576033,0
576104,1
576258,0
576278,0
576616,0
576618,0
577193,0
577714,0
577773,0
578347,0
578411,0
578795,0
579176,0
579651,0
579855,0
580186,0
580344,0
580363,1
580407,0
580968,0
581245,0
581866,0
582186,0
582538,0
582579,0
582708,1
582745,0
582833,0
582886,0
582911,0
582916,0
583011,0
583055,0
583351,0
583377,0
583576,0
583602,0
584034,0
584103,0
584532,0
584742,0
584897,0
584923,0
585307,0
585355,0
585388,0
585416,0
585449,0
585472,0
586102,0
586488,0
586949,0
587140,0
587328,0
587352,0
587505,0
587515,0
587631,0
587886,0
587938,0
587983,0
588472,0
588503,0
588579,0
588596,0
588980,0
589046,0
589172,0
589350,0
589520,0
589702,0
590097,0
590287,0
590390,0
590394,0
590478,0
590779,1
591022,0
591137,0
591395,0
591640,0
592176,0
592309,1
592374,0
592389,0
592496,0
592538,0
592561,0
592730,0
592756,0
592935,0
593195,0
593460,0
593649,0
593820,0
594278,0
594575,0
594995,0
595004,0
595151,0
595192,0
595279,0
595429,0
595465,0
595790,0
596173,0
596214,0
596394,0
596592,0
596875,0
596925,0
596931,0
597103,0
597389,0
597442,0
597631,0
598112,0
598231,0
598541,0
599054,0
599142,0
599310,0
599527,0
599939,0
600012,0
600279,0
600325,0
600383,0
600517,0
600945,0
601162,0
601983,0
602090,0
602105,0
602625,0
602639,0
602727,0
602773,0
602866,0
602906,0
603234,0
603750,0
603872,0
604087,0
604113,0
604410,0
604469,0
604505,0
604672,0
604803,0
605271,0
605328,0
605586,0
605597,1
605863,0
605933,0
606760,0
606787,0
606797,0
607553,0
607785,0
607844,0
608126,0
608362,0
608546,1
608573,0
609160,0
609201,0
609218,0
609220,0
609522,0
609538,0
610093,0
610272,0
610423,0
610465,0
611025,0
611099,0
611163,0
611173,0
612474,0
612733,0
612900,0
613058,0
613267,0
613268,0
614181,0
614259,0
614495,0
614541,0
614630,0
614930,0
615211,0
615409,0
615478,0
615784,0
615984,0
616000,1
616197,0
616300,0
616521,0
616962,0
617098,0
617138,0
618063,0
618196,0
618234,0
618334,0
618681,0
618904,0
619048,0
619598,0
619622,0
620101,0
620510,0
620913,0
621244,0
621310,0
621400,0
621809,1
621811,0
622023,0
622411,0
622858,0
623053,0
623275,0
623324,0
623362,0
623478,0
623751,0
623795,1
623838,0
623949,0
623955,0
624018,0
624110,0
624492,0
624544,0
624592,0
624641,0
624942,0
624972,0
625119,0
625506,0
625581,0
625756,0
626065,0
626123,0
626322,0
626363,0
626475,1
626485,0
626828,0
627028,0
627044,0
627133,0
627477,0
627581,0
627899,0
627988,0
628064,0
628152,0
628972,0
629079,0
629113,0
629729,0
630002,0
630206,0
630412,0
630430,0
630595,0
630896,0
631180,0
631255,0
631422,0
631799,0
632012,0
632031,0
632419,0
632703,0
632841,0
632911,0
633119,0
633696,0
633751,0
633792,0
633926,0
634087,0
634398,0
634532,0
634579,0
634693,0
634904,0
634928,0
634929,0
634945,0
635045,0
635489,0
635682,0
635803,0
635964,0
636152,0
636195,0
636262,0
636528,1
636586,0
636608,0
636681,0
637276,0
637356,0
637488,0
637540,0
637669,0
637815,0
638116,1
638141,0
638171,0
638225,0
638282,0
638400,0
638913,0
639017,0
639032,0
639282,0
639285,0
639506,0
639924,0
640058,0
640062,0
640182,0
640458,0
640476,0
640934,1
640955,0
641308,0
641518,0
642380,0
642927,0
643091,0
643839,0
644075,0
644198,0
644263,0
645481,0
646131,0
646192,0
646286,0
646303,0
646535,0
646630,0
646921,0
647185,0
647581,0
647809,0
647906,0
648142,0
648310,1
648598,0
648634,0
648848,0
649179,0
649500,0
649592,0
649593,0
649782,0
649946,0
649978,0
650315,0
650658,0
651043,0
651134,0
651264,1
651555,0
651880,0
652499,0
653082,1
653314,0
653356,0
653430,0
653713,0
653869,0
654101,0
654146,0
654821,0
654933,0
655054,0
655157,0
655274,0
655348,0
655371,0
655510,0
655621,0
655779,0
656462,0
656552,0
656707,0
657317,0
657501,0
657564,0
657629,0
657694,0
657883,0
658191,0
658553,0
658651,0
658804,0
658895,0
658955,0
659245,0
659438,0
659647,0
660154,0
660351,0
660755,0
660814,0
661039,0
661269,0
661365,0
661397,0
661710,0
661763,0
661863,0
661924,0
662545,0
662635,0
662642,1
662767,0
663097,0
663212,0
663216,0
663219,0
663502,0
663559,0
663718,0
663739,0
663867,0
663922,0
664013,0
664732,0
664789,0
664852,0
665076,0
665416,0
665901,0
666070,0
666125,0
666863,0
667239,0
667316,0
667358,0
667385,0
667438,0
667445,0
667784,0
668114,0
668157,1
668331,0
668574,0
668724,0
669669,0
669914,0
669927,0
670022,0
670509,1
670551,0
670597,0
670662,0
671032,0
671061,0
671628,0
671781,0
672279,0
672344,0
673272,0
673360,0
673575,0
673672,0
673940,0
673966,0
674051,0
674890,0
675337,0
675532,0
675540,0
675573,0
675650,0
675679,0
675959,0
676000,0
676010,0
676255,0
676535,0
676578,0
677005,0
677037,0
677128,0
677464,0
677495,0
677858,0
677869,0
677903,1
678073,0
678516,0
678620,0
678665,0
678726,0
678907,0
679217,0
679346,0
679540,0
679615,0
679711,0
680112,0
680302,0
680308,0
681254,0
681262,0
681278,0
681279,0
681625,0
681739,0
681852,0
681879,0
682095,0
682590,0
682593,0
682679,0
682969,0
683278,0
683407,0
683516,0
684195,0
684369,0
684649,0
684711,1
684903,0
685016,0
686309,0
686428,0
686630,1
686912,0
686975,0
687357,0
687461,0
687804,0
687900,0
688255,0
688447,0
689028,0
689131,0
689193,1
689773,0
689999,0
690306,0
690680,0
691103,0
691767,0
691859,0
692101,0
692281,0
692351,0
692413,0
692942,0
693976,0
693979,1
694227,0
694343,0
694590,0
694659,0
694909,0
695159,0
695172,0
695376,0
695436,0
695438,1
695580,1
695851,0
695977,0
696263,0
696266,0
696449,0
696497,0
696562,0
697684,0
697992,0
698009,0
698092,0
698152,0
698341,0
698424,0
698541,0
698617,0
698720,0
698879,0
698957,0
699343,0
699387,0
699774,0
699960,0
700036,1
700089,0
700283,0
700503,0
700595,1
700882,0
701003,0
701049,0
701270,0
701291,0
701358,0
701756,0
701775,0
701982,0
702138,0
702250,0
702401,0
702483,0
702518,0
702623,0
702771,0
703386,0
703674,0
703736,0
703868,0
703875,0
704043,0
704352,0
704385,0
704434,0
704444,1
704675,0
705119,0
705322,1
705355,0
705392,0
705705,0
706147,0
706229,0
706356,0
706470,0
706556,0
706773,0
707110,0
707118,0
707361,0
707474,0
707523,0
707902,0
708103,0
708240,0
708336,0
708497,0
708913,0
709071,0
709140,0
709495,0
709670,0
710046,0
710258,0
710320,0
711225,0
711264,1
711272,0
711411,0
711530,0
711551,1
711586,0
711952,0
712014,0
712047,0
712197,0
712579,0
712581,0
712947,0
713215,0
713615,0
713807,0
714000,0
714151,1
714262,0
714274,0
714340,0
714579,0
714992,0
715503,0
715558,1
715947,0
716323,0
716549,0
716906,0
717029,0
717100,0
717101,0
717470,0
717540,0
717574,0
717586,0
717915,0
718089,1
718849,0
718919,0
718986,0
719016,0
719311,0
719423,0
720555,0
720796,0
720803,0
720937,0
721267,0
721351,0
721375,0
721489,0
721518,0
721677,0
721741,0
722040,0
722063,1
722217,0
722488,0
722733,0
723300,0
723460,0
723480,0
723553,0
723622,0
723960,0
724243,1
724460,0
724743,0
725121,0
725442,0
725834,0
725869,0
725931,0
726356,0
726569,0
727095,0
727333,0
727618,0
727752,0
727868,0
727907,1
728242,0
728299,0
728401,1
728516,0
728774,0
728823,0
728875,1
729130,0
729177,0
729475,1
729531,0
729733,1
729785,0
729902,0
729913,0
730236,0
730388,0
730408,0
730466,0
730877,0
730993,0
730997,0
731426,0
731443,0
731447,0
731889,0
732924,0
733182,0
733506,0
733522,0
733662,0
733908,0
734042,0
734267,0
734432,0
734442,0
734618,0
734622,0
734679,0
734727,0
734862,0
734913,0
734985,0
734988,0
735019,0
735110,1
735362,0
735369,0
735405,0
735518,0
735576,1
735677,1
735777,0
735959,0
735961,0
736039,0
736342,0
736484,0
736741,0
736864,1
737466,0
737962,0
737978,0
738145,0
738259,0
738325,0
738663,0
738890,0
739227,0
739338,0
739349,0
739637,0
739827,0
739845,0
740085,0
740119,0
740166,0
740379,0
740542,0
740648,0
740724,1
740857,0
740904,0
740944,0
741074,0
741215,0
741727,0
741772,0
741834,0
742401,0
742784,0
742929,0
742979,0
743012,0
743017,0
743111,0
743206,0
743449,0
743473,1
743750,0
743819,0
743899,0
744898,0
745250,0
745451,0
745520,0
745534,0
745539,0
745788,0
745789,0
746572,0
746616,0
746648,0
746921,0
747182,0
747190,0
747265,0
747313,0
747509,1
747764,0
747887,0
747929,0
748360,0
748508,0
748755,0
748883,0
749198,0
749501,0
749566,0
749621,1
749734,0
750367,0
750416,0
750457,0
750541,0
750570,0
750626,0
750701,0
751104,0
751546,0
751558,0
752163,0
752872,0
752997,0
753059,0
753264,0
753292,0
753343,0
753367,0
753513,0
753749,0
754072,0
754426,0
754731,0
754820,0
755115,0
755710,0
755798,0
756491,0
756547,0
756677,0
756910,0
757002,0
757111,0
757484,0
757642,0
758589,0
758652,0
758704,0
758856,0
758892,0
758932,0
759015,0
759057,0
759497,0
759602,0
760306,0
760373,0
760615,0
760911,0
761088,0
761453,0
761474,0
761576,0
761930,0
762000,0
762058,0
762137,0
762368,0
762640,0
762858,1
763281,0
763311,0
763515,0
763583,0
763926,0
764282,0
764291,0
764378,0
764653,0
764772,0
765006,0
765111,0
765239,0
765315,0
765578,0
765719,0
765720,0
765735,0
765782,0
765784,0
766322,0
766435,0
766644,0
767021,0
767069,0
767343,0
767440,0
767705,0
767738,0
768182,0
768331,0
768484,0
768573,1
768702,0
768962,0
769084,0
769119,0
769433,0
769489,1
769516,0
769843,0
770099,0
770290,0
770352,0
770570,0
770654,0
771508,0
771787,0
771959,0
772436,0
772539,0
772745,0
773091,0
773157,0
773444,0
774337,0
774398,0
774474,0
774495,0
774543,0
774782,0
774916,0
775058,0
775096,0
775179,0
775877,0
776020,0
776117,0
776276,0
776423,0
776480,0
776536,0
776624,0
776852,0
776858,0
776905,1
776975,0
778816,0
778912,0
779190,0
779283,0
779577,0
779601,0
779653,0
779850,0
780204,0
780920,0
780974,0
781243,0
781430,0
781470,0
781552,0
782112,0
782408,0
782459,1
782525,0
783617,0
783793,0
784017,0
784157,1
784364,0
784720,0
784782,0
784848,0
784992,0
785028,0
785656,0
785948,0
786086,0
786121,0
786129,0
786357,0
786496,0
786608,1
786717,1
787414,0
787423,0
787716,0
787964,0
788258,0
788331,0
788481,0
788599,0
788649,0
788835,0
788979,0
789246,0
789326,0
789775,0
790287,0
790529,0
790575,0
790936,1
790978,0
791206,0
791279,0
791347,0
792210,1
792356,0
792516,0
792518,0
793067,0
793068,0
793146,0
793223,0
793389,1
793713,0
793932,0
793974,0
794188,0
794307,0
794654,0
795199,0
795258,0
795416,0
795657,0
795787,0
795874,0
796074,0
796199,0
796362,0
796482,0
796618,0
796755,0
796890,0
797046,0
797726,0
797755,0
798023,0
798050,0
798055,0
798095,0
798203,0
798409,0
798863,0
798960,0
798998,0
799152,0
799552,0
799792,0
799798,0
799851,0
800472,0
800545,0
800555,0
801150,0
801251,0
801467,0
801726,0
802195,0
802344,0
802617,0
802860,0
803133,0
803195,0
803218,0
803437,0
803866,0
804029,0
804058,0
804150,0
804344,0
804362,0
804606,0
804615,0
804935,0
804988,0
805035,0
805556,0
806045,0
806083,0
806464,1
806501,0
806879,0
807128,0
807489,0
807812,0
807878,0
808329,0
808427,0
808704,0
808825,0
808902,0
809066,0
809095,0
809567,0
809571,0
809743,0
809775,0
809811,0
809821,0
809906,0
810017,0
810138,0
810142,0
810584,0
810970,0
811035,0
811486,0
811799,0
812170,0
812246,0
812696,0
812722,0
813060,0
813249,0
813394,0
813670,0
813932,0
814040,0
814229,0
814325,0
814727,0
814755,0
814871,0
814906,0
814952,0
815163,0
815212,0
815351,0
815354,0
815742,0
815879,0
816139,0
816184,0
816201,0
816469,0
816813,0
817526,0
818394,0
818452,0
818623,0
818655,0
818838,1
818957,0
819235,0
819419,0
819470,0
819857,0
819934,0
819974,0
820076,0
820254,1
820546,0
820592,0
820765,0
820807,0
820866,0
820934,0
821324,0
821859,0
821904,0
821995,0
822004,0
822368,0
822540,0
823183,0
823418,0
823949,0
824097,0
824232,0
824327,0
824487,0
824705,0
824788,0
825012,0
825816,0
825898,0
825924,0
826046,0
826135,0
826260,0
826377,0
826599,0
826763,0
826780,0
826787,0
826862,0
826990,0
827264,0
827300,0
827315,0
827371,0
827879,0
827938,0
828102,0
828296,0
829094,0
829142,0
829356,0
829442,0
829454,0
829633,0
829946,0
829982,0
830099,0
830308,0
830323,0
831023,0
831163,0
831192,1
831371,0
831482,0
831526,0
831551,0
831835,0
831902,0
832538,0
832598,0
832978,0
833246,0
833356,0
833538,0
833583,0
833813,0
833972,0
834061,0
834120,0
834430,0
834808,0
835527,0
835545,0
835949,0
836137,0
836364,0
836517,0
836563,0
836798,0
836944,0
837064,0
837120,0
837174,0
837539,0
837665,0
837866,0
838065,0
838079,0
838134,0
838235,0
838274,0
838716,0
838791,0
838958,0
839127,0
839210,1
839418,0
839459,0
839500,0
839561,0
840025,0
840133,0
840138,0
840487,0
840556,0
840591,0
840752,0
840853,0
840884,0
841348,0
841564,0
841606,0
841956,0
842171,0
842221,0
842230,0
842365,0
842470,0
842523,0
842594,0
842763,0
842828,0
842897,0
842911,0
843158,0
843230,0
843309,0
843361,0
843399,0
843471,0
843907,0
844248,0
844420,0
844513,0
844553,0
844777,0
845119,0
845157,0
845240,0
845266,0
845457,0
845624,0
846114,0
846337,0
847180,0
847194,0
847209,0
847574,0
847703,0
847805,1
847833,0
847952,0
848079,0
848193,0
848204,0
848287,0
848322,0
848370,0
848397,0
848407,0
848599,0
848601,0
848686,0
848820,0
848884,0
849022,0
849038,0
849289,0
849830,0
850087,0
850290,0
850516,0
850622,0
850827,0
850859,0
851177,0
851257,0
851538,0
851581,0
851706,0
851784,0
851963,0
852457,0
852472,0
852753,0
852808,0
852857,0
852924,0
853191,0
853236,0
853308,0
853316,0
853559,0
853703,0
853823,1
853859,0
853978,0
854092,0
854307,0
854313,0
854316,0
854355,0
854653,0
854771,1
854882,0
854956,0
854959,0
855017,0
855442,0
855513,0
855524,0
855797,0
855815,0
855944,0
856399,0
856578,0
856666,0
856829,0
856869,0
857000,1
857075,0
857130,0
857151,0
857435,0
857472,0
857716,1
857885,0
858815,0
858959,0
859255,0
859548,0
859992,0
860149,0
860162,0
860538,0
860668,0
860691,0
860699,0
860725,0
861048,0
861420,0
861434,0
861553,0
861611,0
861650,1
861738,0
861831,0
861838,0
861872,0
861973,0
862097,0
862157,0
862204,0
862289,0
862423,0
862667,0
862770,0
862861,0
862953,0
863156,0
863243,0
863326,0
863578,0
863678,0
863852,0
864059,0
864169,0
865090,0
865188,0
865189,0
865224,0
865342,0
865634,0
865714,0
865743,0
865808,0
865982,0
866006,0
866103,1
866377,0
866383,0
866497,1
866818,0
867549,0
867665,0
867675,0
867713,0
868095,0
868177,0
868442,0
868719,0
868764,0
868821,0
869086,0
869847,0
870615,0
870702,0
870709,0
871055,0
871255,0
871293,0
871526,0
871689,0
872461,0
872536,0
872634,0
872801,0
873388,0
873451,0
873537,0
873657,0
874094,1
874113,0
874398,0
874757,0
874825,0
874863,0
875054,0
875218,0
875618,0
875771,0
876021,0
876109,0
876350,0
876415,0
876686,0
876857,0
877025,0
877040,0
877064,0
877427,0
877507,0
877568,0
877997,0
878083,0
878573,0
878685,0
878735,0
878781,0
878799,0
879140,0
879157,0
879166,0
879392,0
879539,0
879884,0
880117,0
880483,0
880544,0
880624,0
881021,0
881144,0
881174,0
881179,0
881568,0
881935,0
882067,0
882349,0
882396,0
882502,0
882889,0
883059,0
883085,0
883171,0
883319,0
883400,0
883502,0
883936,0
884543,0
884587,0
884867,0
885383,0
885420,0
885614,0
886058,0
886289,0
886562,0
886890,0
887078,0
887250,0
887359,0
887780,0
887825,0
888009,0
888553,0
888841,0
888950,0
889163,0
889272,0
889498,0
889616,0
889777,0
889816,0
889902,0
890012,0
890190,0
890350,0
890390,0
890604,0
890652,0
891185,0
891445,0
891527,0
891529,0
891584,0
891865,1
891951,0
892033,0
892312,0
892383,0
892584,1
892965,0
893203,0
893401,0
893554,0
893576,0
893620,0
893677,0
893771,0
893938,0
894506,0
894598,0
894633,0
894932,0
894986,0
894999,0
895064,0
895207,0
895210,0
895361,0
895647,0
895802,0
895899,0
896460,0
896649,0
896762,0
896858,0
897180,0
897253,0
897535,0
897538,0
897584,0
897721,0
897782,1
897829,0
898238,0
898341,0
898444,0
898793,0
899210,0
899302,0
899514,0
900101,0
900236,0
900361,0
900378,0
900692,1
900891,0
901188,0
901256,0
901521,0
902061,0
902290,0
902434,0
902460,0
902468,0
902611,0
903055,0
903202,0
903363,0
904300,0
904619,0
904946,0
905041,0
905050,1
905099,1
905261,0
905427,0
905647,0
905884,0
905918,0
905936,0
906132,1
906197,0
906240,0
906574,0
906609,0
906708,0
906720,0
906950,0
907771,0
908399,0
908761,0
908861,0
908977,0
909047,0
909221,0
909429,0
909440,0
909559,0
909845,0
909934,0
909967,0
910242,0
910548,0
910549,0
910768,0
910945,0
911277,0
911579,0
911644,0
911837,0
911838,0
912334,0
912505,1
912777,0
912844,0
912967,0
913365,0
913432,0
913853,0
914344,0
914393,0
914490,0
914501,0
914549,0
914595,0
914951,0
915018,0
915054,0
915239,0
915852,0
915974,0
916433,0
916658,0
916721,0
916831,0
917190,0
917264,0
917364,0
917810,0
918373,0
918508,0
918630,0
918632,0
918844,0
919069,0
919224,0
919521,0
919703,0
919764,0
919862,0
919889,0
920068,0
920688,0
920761,0
920943,0
921003,0
921071,0
921172,0
921185,0
921288,0
921390,0
921534,0
921740,0
921760,0
922421,0
922465,0
922622,0
922658,0
922714,0
922869,0
923527,0
923967,0
924048,0
924303,0
924458,0
924797,0
924910,0
924928,1
925171,0
925204,0
925486,0
925718,0
925930,0
926271,0
926429,0
926671,0
926844,0
926941,0
927307,0
927367,0
927526,0
927797,0
928132,0
928340,0
928389,0
928398,0
928436,1
928488,0
929239,0
929431,0
929655,0
929981,0
930225,1
930286,0
930680,0
931012,0
931077,0
931140,0
931378,0
931952,0
932128,0
932515,0
932633,0
932780,0
932791,0
933254,0
933474,0
933572,0
933661,0
933703,0
934229,0
934292,0
934310,0
934392,0
934503,0
934590,0
934628,0
934647,1
934677,0
935028,0
935405,0
935531,0
935668,0
935670,0
935677,0
935847,0
936548,0
936656,1
936665,0
936730,0
936743,0
936846,1
936917,0
937021,0
937089,1
937216,0
937323,0
937814,0
938032,0
938062,0
938147,0
938373,0
938695,0
938713,0
938810,0
938819,1
939285,0
939707,0
940097,1
940227,0
940271,0
940282,0
940701,0
941000,0
941307,0
941329,0
941436,0
941532,0
941538,0
941551,0
941613,0
941691,0
941805,0
941878,0
941881,0
942137,0
942169,1
942216,0
942360,0
942403,0
942445,0
942741,0
942829,0
942931,0
943339,0
943353,0
943430,0
943611,0
943717,0
944060,0
944073,0
944160,0
944185,0
944188,0
944403,0
944487,0
944517,0
944523,0
944966,0
945196,0
945554,0
945642,1
945721,0
945842,0
945959,0
946168,0
946609,0
946665,0
946668,0
946747,0
946790,0
947105,0
947375,0
947751,0
947897,0
948328,0
948762,0
948835,0
948898,0
948910,0
948957,0
949188,0
949219,0
949349,0
949359,0
949500,0
949562,0
949725,0
950222,0
950256,0
950258,0
950812,0
950872,0
951020,1
951148,0
951490,0
951597,0
951715,1
951725,0
951951,0
951972,0
951982,0
952187,0
952231,0
952328,0
952412,0
952579,0
952639,0
952721,0
952953,0
953425,0
953753,0
953847,0
953865,0
954031,1
954770,0
954886,0
954946,0
955006,0
955041,0
955105,0
955284,0
955350,0
955438,0
955846,0
955984,0
956124,0
956273,0
956402,0
956616,0
956639,1
956750,0
956957,0
957341,0
957342,0
957838,0
957901,0
957926,0
957965,0
958073,0
958166,0
958574,0
958634,0
958978,0
959202,0
959206,0
959363,0
959393,0
959411,0
959444,0
959607,0
959664,0
959870,0
960064,0
960125,0
960167,0
960236,0
960344,0
960359,0
960921,0
960983,0
961276,0
961407,0
961485,1
961737,0
961763,0
962036,0
962046,0
962086,0
962128,0
962202,0
962616,0
962801,0
962852,0
962944,0
962968,0
963075,0
963120,0
963585,0
963737,0
964194,0
964332,0
964578,0
964612,0
964769,0
965390,0
965470,1
965652,0
965817,0
965930,0
966019,0
966035,0
966149,0
966273,0
966509,0
966563,1
966684,0
966909,0
967034,0
967373,0
967657,0
967877,0
968104,0
968270,0
968307,0
968380,1
968518,0
968671,0
968776,0
968835,0
968912,0
969667,0
969843,0
970144,0
970313,0
970323,0
970413,0
970416,0
971156,0
971289,0
971535,0
972057,0
972075,0
972347,0
972407,0
972547,0
972726,0
972852,0
972878,0
972934,0
973088,0
973505,0
973925,0
973936,0
974024,0
974199,0
974265,0
974303,0
974392,0
974442,0
974720,0
974864,0
974882,0
975001,0
975091,1
975226,0
975369,0
975551,0
975562,0
975572,0
975895,0
976065,0
976089,0
976260,0
976312,0
976563,0
976631,0
976669,0
976772,0
976780,0
977086,0
977106,0
977232,0
977327,0
977366,0
977383,0
977799,0
977951,0
978029,0
978128,0
978214,0
978298,0
978333,0
978712,1
978761,0
979316,0
979689,0
980110,1
980155,0
980208,0
980482,0
980621,0
980971,0
981120,0
981263,1
981271,0
981371,0
981429,0
981440,0
981545,0
981569,0
981587,0
982391,0
982485,0
982499,0
982505,0
982914,0
982942,0
982960,0
983219,0
983450,0
983467,0
983549,0
983882,0
983898,0
984506,0
984548,0
984646,0
984775,0
984813,0
984902,0
984941,0
985128,0
985144,0
985161,0
985624,0
985630,0
985743,0
985924,0
986008,0
986190,0
986779,0
986909,0
986927,0
986989,0
987140,1
987382,0
987506,0
987768,0
987783,0
988107,0
988250,0
988747,0
988832,0
988985,0
989259,0
989415,0
989520,1
989710,0
989768,0
989892,0
990058,0
990129,0
990464,0
990628,0
990738,0
990833,0
990963,0
991035,0
991460,0
991481,0
991670,0
991695,0
991789,0
992101,0
992199,0
992406,0
992680,0
992727,0
992735,0
993368,0
993689,0
993693,0
994190,0
994551,0
994591,0
994910,0
994963,1
995009,0
995133,0
995298,0
995670,0
995796,0
996056,0
996123,0
996310,0
996351,0
996720,0
996751,0
996854,0
997195,0
997301,0
997307,0
997318,0
997417,0
997602,0
997647,0
997669,0
997889,0
998060,0
998388,0
998470,0
998560,0
998754,0
998909,0
998957,0
998968,0
999103,0
999151,0
999185,0
999913,1
999950,0
1000094,0
1000474,0
1000768,1
1000934,0
1001016,0
1001058,0
1001139,0
1001222,0
1001320,0
1001405,0
1001608,0
1001646,0
1001830,0
1003257,0
1003301,0
1003549,0
1003943,0
1004358,0
1004418,0
1004459,0
1004486,0
1004512,0
1004549,0
1004598,0
1004908,0
1005218,0
1005329,0
1005374,0
1005660,0
1005997,0
1006236,1
1006246,0
1006267,0
1006442,0
1006881,0
1006946,0
1007009,0
1007045,0
1007155,0
1007342,0
1007366,0
1007550,0
1007600,0
1007908,0
1008027,0
1008232,0
1008276,0
1008538,0
1008558,0
1008625,0
1008747,0
1009343,0
1009602,0
1009893,0
1010022,0
1010232,0
1010239,0
1010312,0
1010377,0
1010378,0
1010504,0
1010637,0
1010996,0
1011044,0
1011118,0
1011373,1
1011481,0
1011546,0
1011651,0
1012192,0
1012360,0
1012533,0
1013291,0
1013466,0
1013577,0
1013665,0
1013693,1
1013712,0
1013797,0
1013991,0
1014064,0
1014071,0
1014209,1
1014513,0
1014545,0
1014612,0
1014634,0
1014705,0
1014970,0
1015108,0
1015257,0
1015568,0
1015792,0
1016370,0
1016646,0
1016690,0
1016863,0
1016896,0
1017212,1
1017225,0
1017778,0
1017980,0
1018074,0
1018387,0
1018486,0
1018516,0
1018858,0
1018913,0
1019078,0
1019233,0
1019277,0
1019282,0
1019828,0
1019976,0
1020166,0
1020588,0
1020924,0
1020947,0
1021315,0
1021360,0
1021441,0
1021724,0
1022019,0
1022061,0
1022317,0
1022422,1
1022695,0
1022780,0
1022831,0
1022914,0
1022964,0
1022985,1
1023025,0
1023165,0
1023283,0
1023989,0
1024003,0
1024081,0
1024638,0
1024652,0
1025264,1
1025574,0
1025709,0
1025720,0
1025956,0
1025959,0
1026105,0
1026136,0
1026147,0
1026292,0
1026453,0
1026957,0
1027023,0
1027236,0
1027277,0
1027475,0
1027776,0
1027972,0
1027986,0
1028372,1
1028394,0
1028530,1
1028676,0
1029006,0
1029118,0
1029146,0
1029554,0
1029581,1
1029960,0
1030005,0
1030061,0
1030293,0
1030821,0
1030862,1
1031029,0
1031320,0
1031455,0
1031464,0
1031591,1
1031629,0
1031642,0
1032087,0
1032306,1
1032348,1
1032485,0
1032580,0
1032664,0
1033375,0
1033573,0
1033964,0
1034042,0
1034099,0
1034166,0
1034206,0
1034360,0
1034394,0
1034427,0
1034467,0
1034717,0
1034721,0
1034807,0
1035064,0
1036144,0
1036401,0
1036404,0
1036669,0
1036802,0
1036982,0
1037175,0
1037278,0
1037501,0
1037521,0
1037610,0
1038121,0
1038258,0
1038338,0
1038488,0
1039141,0
1039154,0
1039315,0
1039604,0
1039647,0
1039660,0
1039670,0
1039799,0
1040197,0
1040290,0
1040574,0
1040623,0
1040647,0
1040968,0
1041058,0
1041085,0
1041138,0
1041447,0
1041672,0
1041704,0
1041857,0
1042090,0
1042366,0
1042676,0
1042812,0
1042827,0
1043598,0
1043812,0
1043838,0
1043955,0
1044043,0
1044380,0
1044516,0
1044621,0
1044820,0
1045116,0
1045262,0
1045543,0
1045763,0
1046713,0
1046843,1
1047034,0
1047280,0
1047281,0
1047345,0
1047453,0
1047585,0
1047874,0
1047880,0
1048170,1
1048204,0
1048304,0
1049112,0
1049136,0
1049332,0
1049489,0
1049499,0
1049626,0
1049812,0
1049817,0
1049878,0
1049901,1
1050020,0
1050055,1
1050136,1
1050324,0
1050354,0
1050445,0
1050468,0
1050596,0
1050779,0
1050858,0
1050934,0
1050974,0
1051358,0
1051393,0
1051550,0
1051568,0
1051592,0
1051673,0
1051860,0
1051910,0
1051971,0
1052008,0
1052050,0
1052256,1
1052433,0
1052523,0
1052556,0
1052805,0
1052939,1
1052955,0
1053068,0
1053100,0
1053342,0
1053958,0
1054076,0
1054232,0
1054583,0
1054800,0
1054902,0
1055214,0
1055236,0
1055269,0
1055516,0
1055622,0
1055747,0
1055893,0
1056007,0
1056218,0
1056294,0
1056398,0
1056572,0
1056925,0
1057238,0
1057264,0
1057370,0
1057557,0
1057612,0
1057751,0
1057754,0
1057819,0
1057886,0
1057982,0
1058164,0
1058453,0
1058836,0
1059307,0
1059645,0
1059681,0
1059887,0
1060247,0
1060290,0
1060312,0
1060319,0
1060422,0
1060709,0
1060794,0
1060949,0
1060990,0
1061375,0
1061644,0
1061720,0
1062028,0
1062215,0
1062244,0
1062478,0
1062506,1
1062806,0
1062855,0
1063169,0
1063348,0
1063643,0
1063935,0
1063976,0
1064021,0
1064092,0
1064224,0
1064547,0
1064562,0
1064655,0
1064962,0
1065206,0
1065389,0
1065454,0
1066016,0
1066333,0
1066398,0
1066710,0
1066755,0
1067029,0
1067074,0
1067157,0
1067185,0
1067770,0
1067919,0
1067971,0
1068167,0
1068306,0
1068531,0
1068717,0
1068767,0
1068917,0
1069128,0
1069167,1
1069205,0
1069349,0
1069535,0
1069580,0
1069670,0
1069871,0
1070017,0
1070039,0
1070439,0
1070764,1
1070917,0
1071068,0
1071108,0
1071578,0
1071669,0
1071813,0
1071835,0
1072049,0
1072315,0
1072535,0
1073186,0
1073336,0
1073557,0
1073577,0
1073634,0
1073826,0
1073839,0
1073855,0
1073951,0
1073965,0
1074090,0
1074544,0
1074554,0
1074619,1
1074707,0
1074765,0
1074963,0
1074971,0
1075310,0
1075686,1
1076137,0
1076435,0
1076677,0
1076969,0
1077477,0
1078052,0
1078228,0
1078773,0
1078877,0
1079059,0
1079257,0
1079402,0
1079440,0
1079548,0
1079695,0
1079876,0
1080340,0
1080386,0
1080395,1
1080498,0
1080555,0
1080784,0
1080840,0
1080908,0
1080968,1
1081226,0
1082063,0
1082084,0
1082137,0
1082708,0
1083259,0
1083272,0
1083737,0
1083749,0
1083840,0
1084192,0
1084447,0
1084802,0
1085169,0
1085301,0
1085350,0
1085493,0
1085563,0
1085941,0
1086002,0
1086005,0
1086256,0
1086463,0
1087095,0
1087381,0
1087418,0
1087446,0
1088141,0
1088229,0
1088795,0
1088862,0
1089047,0
1089265,0
1089299,1
1089481,0
1089564,0
1089608,0
1089794,0
1089829,0
1089994,0
1090604,0
1090782,0
1091000,0
1091062,0
1091175,0
1091394,0
1091421,0
1092134,0
1092360,0
1092473,0
1092542,0
1092574,0
1092596,1
1092726,0
1092848,0
1092916,0
1092977,0
1092987,0
1092994,0
1093001,0
1093032,0
1093118,0
1093123,1
1093158,0
1093252,1
1093270,0
1093302,0
1094226,0
1094270,0
1094324,0
1094854,0
1095020,1
1095147,0
1095413,0
1095425,0
1095566,0
1095783,0
1095944,0
1096400,0
1096458,0
1096673,0
1096756,0
1096759,0
1096909,0
1097131,0
1097196,0
1097260,0
1097309,0
1097362,0
1097507,0
1097509,0
1097623,0
1097630,0
1097899,0
1098047,0
1098416,0
1098451,0
1098470,0
1098492,0
1098636,0
1098642,1
1098925,0
1099087,0
1099234,0
1099254,0
1099771,0
1100115,0
1100134,0
1100147,0
1100155,0
1100214,0
1100216,0
1100262,0
1100285,0
1100566,0
1100581,0
1100889,0
1101219,0
1101262,0
1101327,0
1101711,0
1101803,0
1101934,0
1101967,0
1102646,0
1102669,0
1102788,0
1102838,0
1102857,0
1103017,0
1103208,0
1104180,0
1104387,0
1104468,0
1104942,0
1104944,0
1105567,0
1105624,0
1105682,0
1105690,0
1105699,0
1105986,0
1105989,0
1106109,0
1106172,0
1106446,0
1106670,0
1106696,0
1106836,0
1107013,0
1107048,0
1107696,0
1107788,0
1107933,0
1108063,0
1108439,0
1108889,0
1108899,0
1109596,0
1109804,0
1109935,0
1109999,0
1110174,0
1110343,0
1110587,0
1110684,0
1110742,0
1111371,0
1111406,0
1111441,0
1111458,0
1111788,0
1111983,0
1112506,0
1112705,0
1112767,0
1113213,0
1113225,0
1113850,0
1113894,0
1113951,0
1114301,0
1114431,1
1114443,0
1114728,0
1114882,0
1114905,0
1115028,0
1115111,0
1115825,0
1115997,0
1116227,0
1116258,0
1116309,0
1116378,0
1116730,0
1116759,0
1116884,0
1116892,0
1117109,0
1117209,0
1117714,0
1118269,0
1118301,0
1118432,0
1118563,0
1118568,0
1118570,0
1118636,1
1118695,0
1118848,0
1118898,0
1119277,0
1119599,0
1119888,0
1120674,0
1120683,0
1120776,0
1120794,0
1120802,0
1120959,0
1121069,0
1121141,0
1121168,0
1121218,0
1121405,0
1122308,0
1122370,0
1122486,0
1122547,0
1123029,0
1123228,0
1123271,0
1123294,0
1123413,0
1123438,0
1123965,0
1123990,0
1124229,0
1124268,0
1124384,0
1124387,0
1124494,0
1125308,0
1125360,0
1125408,0
1125606,0
1125616,0
1125799,1
1125822,0
1126016,0
1126028,0
1126377,0
1126789,0
1127012,1
1127022,0
1127395,0
1127442,0
1127530,0
1127572,0
1127639,0
1127731,0
1127900,0
1128071,0
1128090,0
1128414,0
1128592,0
1128599,0
1128660,0
1128743,0
1128987,0
1129076,0
1129102,0
1129187,0
1129610,0
1129758,1
1129851,0
1129953,0
1130044,0
1130269,0
1130274,0
1130633,1
1131073,0
1131736,0
1131904,0
1131946,0
1132390,0
1132494,0
1132663,0
1132914,0
1133165,0
1133253,0
1133283,0
1133809,0
1134261,0
1134582,0
1134648,0
1135144,0
1135156,0
1135180,0
1135459,0
1135596,0
1135741,0
1135852,0
1135889,0
1136169,0
1136453,0
1136739,0
1137064,1
1137543,0
1137612,0
1137676,0
1137802,0
1137835,0
1138130,0
1139118,0
1139253,0
1139356,0
1139615,0
1139844,0
1139859,0
1139861,0
1139989,0
1140073,0
1140250,0
1140490,0
1140641,0
1140650,0
1141014,0
1141018,0
1141252,0
1141414,0
1141490,0
1141564,0
1141661,0
1142347,0
1142537,0
1142713,0
1142731,0
1143377,0
1144723,0
1145154,0
1145480,0
1146079,0
1146284,0
1146636,0
1146749,0
1147077,0
1147119,0
1147376,0
1147540,0
1147920,0
1147947,0
1147965,0
1148233,0
1148676,0
1148735,1
1148790,0
1148819,0
1149386,0
1149744,0
1150356,1
1150616,0
1151045,0
1151637,0
1152282,0
1152378,0
1152700,0
1152762,0
1152779,0
1152825,0
1152869,0
1153130,0
1153293,0
1153512,0
1153667,0
1153694,0
1153702,0
1153721,0
1154182,0
1154197,0
1154203,0
1154231,0
1154928,0
1155074,0
1155919,0
1156139,0
1156228,0
1156235,0
1156421,0
1156431,0
1157177,0
1157393,0
1157920,0
1158056,0
1158146,0
1158205,0
1158380,0
1158382,0
1158833,0
1158986,0
1159063,0
1159078,0
1159158,0
1159660,0
1159844,0
1159848,0
1159879,0
1160103,0
1160244,0
1160659,0
1160679,0
1161199,0
1161427,0
1161437,0
1161466,0
1161487,0
1161703,0
1161773,0
1161802,0
1162186,0
1162215,0
1162333,0
1162396,0
1162521,0
1162631,0
1162817,0
1162977,0
1163000,0
1163169,0
1163282,0
1163538,0
1163548,0
1163697,0
1164012,0
1164174,0
1164234,0
1164382,0
1164451,0
1164489,0
1164754,0
1164869,0
1165098,0
1165458,0
1165631,0
1166033,0
1166453,0
1166542,0
1166618,0
1166884,0
1166954,0
1167102,0
1167205,1
1167207,0
1167219,0
1167406,0
1167740,0
1167759,0
1167810,0
1167833,0
1168093,0
1168404,0
1168572,0
1168668,0
1168670,0
1169034,0
1169142,0
1169207,0
1169356,0
1169428,0
1169513,0
1170087,0
1170130,0
1170204,0
1170244,0
1170287,0
1170394,0
1170400,0
1170595,0
1170671,0
1170786,0
1170850,0
1170879,0
1170919,0
1171124,0
1171160,0
1171247,0
1171451,0
1171762,0
1172043,0
1172053,0
1172324,0
1172501,0
1172764,0
1172791,0
1172849,0
1173098,0
1173135,0
1173509,0
1173568,0
1173697,0
1173991,1
1174255,0
1174401,0
1174708,1
1174774,0
1174859,0
1174959,0
1175175,0
1175193,0
1175390,0
1175488,0
1175704,0
1175738,0
1175795,0
1175883,0
1176068,0
1176182,0
1176185,0
1176347,0
1176394,0
1176483,0
1176591,1
1176928,0
1177002,0
1177059,0
1177530,0
1177731,0
1177892,0
1177947,0
1178011,0
1178131,0
1178154,0
1178307,0
1178323,0
1178670,0
1178879,0
1178885,0
1178920,0
1179078,0
1179139,0
1179322,0
1179513,0
1179587,0
1179601,0
1179614,0
1179635,0
1179721,0
1179737,0
1179838,0
1179907,0
1179960,1
1180011,0
1180211,0
1180432,0
1180536,0
1180744,0
1181100,0
1181474,0
1181488,0
1181874,0
1182139,0
1182330,0
1182687,0
1182723,0
1182934,0
1182946,0
1183029,0
1183730,0
1183763,0
1183903,0
1184165,0
1184224,0
1184363,1
1184394,0
1184403,0
1184492,0
1184898,0
1185173,0
1185879,0
1185969,0
1186058,0
1186294,0
1186746,0
1186896,0
1187177,0
1187207,0
1187384,0
1187881,1
1187923,0
1187970,0
1188021,0
1188103,0
1188162,0
1188175,0
1188226,0
1188361,0
1188380,0
1188387,0
1188765,0
1188830,0
1189006,0
1189210,0
1189229,0
1189245,0
1189694,0
1189711,0
1189888,1
1190184,0
1190336,0
1190657,0
1190672,0
1190797,0
1191505,0
1191739,0
1191784,0
1191823,0
1191918,0
1192349,0
1193003,0
1193016,1
1193111,0
1193218,0
1193735,0
1193945,0
1193985,0
1194197,0
1194302,0
1194384,1
1194955,0
1195240,0
1195346,0
1195465,0
1195647,0
1195670,0
1195762,0
1195813,1
1195985,0
1196131,0
1196291,0
1196371,0
1196579,0
1196623,0
1196737,1
1196766,0
1196870,0
1197280,0
1197409,0
1197438,0
1197693,0
1197717,0
1197881,0
1198121,0
1198162,0
1198374,0
1198386,0
1198546,0
1198574,0
1198903,0
1199023,0
1199073,0
1199180,0
1199275,0
1199380,1
1199469,0
1199576,0
1199583,0
1199611,0
1199985,0
1200091,0
1201556,0
1201753,0
1201767,0
1201819,0
1202018,0
1202032,0
1202136,0
1202255,0
1202350,0
1202361,0
1202413,0
1202461,0
1202606,0
1203143,0
1203185,0
1203340,0
1203642,0
1204008,0
1204036,0
1204054,0
1204200,0
1204230,0
1204278,0
1204380,0
1204500,0
1204644,0
1204978,0
1205022,0
1205039,0
1205207,0
1205675,0
1205721,0
1205729,1
1205738,0
1205825,1
1206010,0
1206071,0
1206118,0
1206122,0
1206225,0
1206230,0
1206697,0
1206728,0
1206971,0
1207301,0
1207414,0
1207491,0
1207559,0
1207728,0
1208092,1
1208347,0
1208357,0
1208586,0
1208623,0
1208652,1
1208909,0
1209159,0
1209287,0
1209740,0
1209838,0
1209931,0
1209947,0
1210011,0
1210053,0
1210093,0
1210133,0
1210150,0
1210231,0
1210291,0
1210369,0
1210489,0
1211855,0
1212337,0
1212488,0
1212505,0
1212864,0
1213090,0
1213512,0
1213637,0
1213740,0
1213762,0
1213763,0
1213795,0
1213913,0
1213915,1
1213964,0
1214160,0
1214221,0
1214280,1
1214332,0
1214412,0
1214415,0
1214528,0
1214808,0
1214933,0
1215166,0
1215342,0
1215393,0
1215481,0
1215661,0
1215815,0
1215908,0
1216150,0
1216203,0
1216245,0
1216551,0
1216893,0
1217123,0
1217157,1
1217232,0
1217592,1
1217594,0
1217722,0
1217786,0
1217857,0
1218022,0
1218048,0
1218327,0
1218443,1
1218586,0
1218587,0
1218697,0
1218811,0
1218842,0
1218914,0
1219454,0
1219459,0
1219524,0
1219588,0
1219737,0
1220238,0
1220304,0
1220372,0
1220614,0
1220668,1
1220833,0
1220869,0
1220870,0
1221066,0
1221178,0
1221834,0
1222290,0
1222377,0
1222487,0
1222610,0
1223013,0
1223061,0
1223143,0
1223273,0
1223505,0
1223508,0
1223550,0
1223567,0
1223576,0
1223622,0
1223698,0
1223900,1
1224263,0
1224591,0
1224615,0
1225034,0
1225075,0
1225122,0
1225574,1
1225797,0
1226076,0
1226142,0
1226161,0
1226233,0
1226563,0
1226598,0
1226601,0
1226611,0
1226777,0
1226839,0
1226907,0
1226920,0
1227161,0
1227431,0
1227531,0
1227768,0
1227797,0
1227806,0
1227932,0
1227998,0
1228075,0
1228176,0
1228362,0
1228476,0
1228549,0
1228552,0
1228895,0
1229160,0
1229213,0
1229219,0
1229304,0
1229623,0
1229624,0
1229652,0
1229722,0
1229798,0
1229802,0
1229928,0
1229934,0
1230129,0
1230442,0
1230519,1
1230587,0
1230621,0
1230647,0
1230739,0
1230816,0
1231150,0
1231176,0
1231799,0
1231842,0
1232121,0
1232168,1
1232304,1
1232341,0
1232752,0
1233109,0
1233175,0
1233291,0
1233479,0
1233661,0
1233723,0
1234081,0
1234308,0
1234316,0
1234577,0
1234611,0
1234831,0
1234890,0
1235127,0
1235159,0
1235247,0
1235280,0
1235317,0
1235335,0
1235513,0
1235813,0
1236251,0
1236307,0
1236660,0
1236835,0
1236982,0
1237012,0
1237105,0
1237309,0
1237321,1
1237590,0
1237877,0
1237953,0
1237967,0
1238093,0
1238114,0
1238659,0
1238700,0
1238740,0
1238785,0
1238897,0
1238921,0
1239124,0
1239139,0
1239346,0
1239627,0
1239666,0
1239684,0
1239957,0
1240413,0
1240637,0
1240793,0
1240903,0
1241360,0
1241426,0
1241517,0
1241685,0
1241749,1
1241809,0
1241996,0
1242037,0
1242067,0
1242303,0
1242409,0
1242670,0
1242942,0
1243063,0
1243223,0
1243287,0
1243357,0
1243395,0
1243443,0
1243564,0
1243702,0
1243782,0
1243817,0
1243911,0
1244043,0
1244131,0
1244156,0
1244515,0
1244540,0
1244719,0
1245163,0
1245296,0
1245381,0
1245436,0
1245517,0
1245566,0
1245918,0
1246244,0
1246410,0
1246499,0
1247358,0
1247457,0
1247474,0
1248038,0
1248714,0
1248774,0
1248843,1
1249148,0
1249334,0
1249339,0
1249497,0
1249625,0
1249817,0
1249844,0
1250146,0
1250433,0
1250438,0
1250759,0
1251126,0
1251146,0
1251213,0
1251285,0
1251301,0
1251893,0
1252076,0
1252124,0
1252218,0
1252409,0
1252562,0
1252581,0
1252690,0
1253104,0
1253255,0
1253440,0
1253529,0
1253634,0
1253841,0
1253984,0
1254313,0
1254662,0
1255173,0
1255336,0
1255492,0
1255655,0
1255714,0
1256170,0
1256184,0
1256302,1
1256362,0
1256400,0
1256524,0
1256537,0
1257063,0
1257089,0
1257181,0
1257193,0
1257235,0
1257320,0
1257668,0
1257827,0
1258040,0
1258217,0
1258584,0
1258627,0
1258921,0
1258972,0
1259322,0
1259338,0
1259374,0
1259765,0
1259885,0
1259897,0
1259926,0
1260331,0
1260413,0
1260464,0
1260551,0
1260634,0
1261007,0
1261085,0
1261141,0
1261194,0
1261297,0
1261308,0
1261473,0
1261485,0
1261723,0
1261940,0
1262133,0
1262186,0
1262339,0
1262380,0
1262761,0
1262798,0
1263018,0
1263249,0
1263332,0
1263348,0
1263472,0
1263728,0
1263787,0
1264025,0
1264486,0
1264511,0
1264610,0
1264870,0
1264987,0
1266079,0
1266272,0
1266474,0
1266502,0
1266615,0
1266619,0
1266627,0
1266698,0
1266727,1
1266884,0
1266896,0
1266936,0
1267026,0
1267172,0
1267256,0
1267455,0
1267714,0
1267913,0
1268391,0
1268520,0
1268696,0
1268698,0
1268861,0
1268956,0
1268957,0
1268966,0
1269126,0
1269268,0
1269341,0
1269522,1
1269648,0
1269665,0
1270087,0
1270140,0
1270231,0
1270475,0
1270518,0
1270683,1
1270804,0
1270806,0
1270996,0
1271295,0
1271325,0
1271554,0
1271695,0
1271928,0
1272022,0
1272031,0
1272066,0
1272076,0
1272530,0
1272599,0
1272682,0
1272777,0
1272778,0
1272894,0
1273174,0
1273189,0
1273205,0
1273227,0
1273426,1
1273620,1
1273770,0
1273778,0
1273809,0
1273864,0
1273893,0
1274040,0
1274096,0
1274829,0
1274862,0
1274878,0
1274916,0
1274990,0
1275370,0
1275548,0
1275691,0
1275853,0
1276001,0
1276083,0
1276136,0
1276278,0
1276360,0
1276438,0
1276627,0
1276696,0
1276741,0
1276793,0
1277091,0
1277240,0
1277465,0
1277576,0
1277774,0
1278137,0
1278152,0
1278168,0
1278183,0
1278376,0
1278391,0
1278466,0
1278622,0
1278703,0
1278708,0
1278748,0
1278958,0
1279050,0
1279092,0
1279300,0
1279447,0
1279540,0
1279646,0
1279700,0
1279701,0
1279735,0
1279772,0
1279844,0
1279887,0
1279997,0
1280394,0
1280556,0
1280675,0
1280676,0
1280720,0
1280805,0
1280857,0
1280935,0
1280941,0
1281067,0
1281075,0
1281131,0
1281173,0
1281427,0
1281455,0
1281486,0
1281638,0
1281757,0
1281831,0
1281848,0
1282047,1
1282071,0
1282122,0
1282512,0
1282738,0
1283117,0
1283141,0
1284071,0
1284127,0
1284418,1
1284538,0
1284563,0
1284712,0
1284999,0
1285085,0
1285227,0
1285481,0
1285558,0
1285862,0
1286370,0
1286835,0
1287174,0
1288085,0
1288295,0
1288433,0
1288483,0
1288579,0
1289187,0
1289650,0
1289932,0
1290251,0
1290454,0
1290701,0
1291035,0
1292086,0
1292792,1
1293019,0
1293034,0
1293206,0
1293739,0
1293930,0
1294602,0
1294655,0
1294820,0
1295192,0
1295395,1
1295424,0
1295923,0
1296554,0
1296987,0
1297058,0
1297334,0
1297551,0
1298180,1
1298422,0
1298497,0
1298780,0
1298826,0
1299485,0
1299736,0
1299875,0
1300106,0
1300152,0
1300337,0
1300629,0
1301498,0
1301701,0
1302056,0
1302138,0
1302215,0
1302242,0
1302409,0
1302649,0
1303605,0
1304175,0
1304179,0
1304561,0
1304976,0
1305334,0
1305398,0
1305650,0
1305675,0
1306069,0
1306296,0
1306382,0
1306432,0
1306862,0
1306980,1
1307135,0
1307855,0
1308185,0
1308669,0
1308901,0
1309083,0
1309117,0
1309308,0
1309833,0
1309910,0
1310179,0
1310429,0
1310588,0
1310989,0
1311466,0
1311602,0
1311920,0
1311938,0
1312175,0
1312331,0
1312695,0
1312710,0
1312750,0
1312841,0
1313051,0
1313623,0
1313785,0
1313866,0
1314685,0
1315264,0
1315591,1
1316118,0
1316223,0
1316352,0
1316395,0
1316508,0
1316784,0
1316828,0
1316957,0
1317225,0
1318032,0
1318203,0
1318262,0
1318279,0
1319209,0
1319540,0
1320353,0
1320490,0
1320588,0
1321017,0
1321178,0
1321418,0
1321741,0
1322555,0
1322818,0
1323208,0
1323260,0
1323302,0
1323495,0
1324259,0
1324323,1
1324403,0
1324441,0
1324539,0
1324690,0
1325137,0
1325216,0
1325359,0
1325376,0
1326158,0
1326263,1
1326362,0
1326464,0
1326604,0
1326682,1
1326736,0
1326875,0
1327080,0
1327462,1
1327609,0
1327801,0
1327832,0
1327845,0
1327910,0
1328811,0
1328869,0
1328988,0
1329254,0
1329594,0
1330092,0
1330250,1
1330869,0
1331071,0
1332034,0
1332040,0
1332418,0
1332577,0
1332803,0
1333002,0
1333122,0
1333264,0
1333555,0
1333622,0
1334468,0
1334508,0
1334515,0
1335450,0
1335776,0
1335855,0
1336175,0
1336342,0
1336569,0
1336731,0
1337005,0
1337732,0
1338076,0
1338231,0
1338452,0
1338893,0
1338939,0
1339237,0
1339279,0
1339296,0
1339359,0
1339774,0
1339995,0
1340434,0
1340742,0
1340771,0
1340823,0
1340855,0
1340888,0
1340944,0
1340985,0
1340993,0
1341194,0
1341345,0
1341602,0
1341943,0
1342091,0
1342371,1
1342693,0
1343523,0
1345302,0
1345414,0
1345772,0
1346136,0
1346266,0
1346500,0
1346991,0
1347041,0
1347063,0
1347074,0
1347273,0
1347354,0
1347552,0
1347784,0
1347816,0
1347901,0
1347990,0
1348029,0
1348188,0
1348693,0
1349180,0
1349324,0
1349619,0
1350110,0
1350114,0
1350480,0
1350529,0
1350556,0
1350823,0
1351334,0
1351484,0
1351543,0
1351673,0
1351763,0
1351856,0
1351864,0
1351946,0
1351980,0
1351982,0
1352155,0
1352193,0
1352321,0
1352405,0
1352581,0
1352809,0
1353184,0
1353574,0
1354406,0
1354696,0
1354830,0
1354894,1
1355303,0
1355501,0
1355779,0
1355992,0
1356154,0
1356160,0
1356870,0
1357038,0
1357544,0
1357651,0
1357976,0
1358011,0
1358059,0
1358125,0
1358132,0
1358350,0
1358506,0
1358585,0
1358963,0
1359201,0
1359223,0
1359628,0
1359820,0
1359887,0
1359991,0
1360190,0
1360353,0
1360647,0
1360890,0
1361330,0
1361953,1
1362155,0
1362747,0
1362824,0
1362961,0
1363214,0
1363251,0
1363502,0
1363652,0
1363789,1
1363843,0
1364473,0
1364611,0
1364737,0
1364998,1
1365427,0
1366304,0
1366486,0
1366616,0
1367027,0
1367068,0
1367087,1
1367350,0
1367373,0
1367390,0
1367410,0
1367450,0
1367465,0
1367703,0
1367849,0
1367974,1
1368006,0
1368033,0
1368080,0
1368113,0
1368533,0
1368571,0
1369136,0
1369190,1
1369230,0
1369448,0
1370228,0
1370263,0
1370425,0
1370446,0
1370762,0
1370765,0
1370782,0
1371057,0
1371070,0
1371614,0
1371715,0
1371724,0
1371736,0
1372149,0
1372158,0
1372293,0
1372912,1
1373203,0
1373231,0
1373314,0
1373769,0
1374004,0
1374075,0
1374205,0
1374369,0
1374671,0
1374755,0
1374926,0
1374966,0
1375161,0
1375374,0
1375406,0
1375779,0
1375922,0
1375963,0
1376342,1
1376702,0
1376953,0
1377017,0
1377025,0
1377411,0
1377641,0
1377941,0
1378047,0
1378148,0
1378163,0
1378199,0
1378416,1
1378427,0
1378790,0
1378937,0
1379001,0
1379061,0
1379138,0
1379618,0
1379729,0
1379963,0
1379974,0
1380213,0
1380241,0
1380477,0
1380733,0
1381131,0
1381155,0
1381247,0
1381426,1
1381592,0
1381635,0
1381652,0
1381832,0
1382438,0
1382501,0
1382857,0
1382888,0
1383007,0
1383180,0
1383300,0
1383763,0
1383787,0
1383842,0
1383897,0
1383997,0
1384452,0
1384511,0
1384776,0
1384834,0
1385072,0
1385590,0
1385830,0
1386110,0
1386298,0
1386440,0
1386502,0
1386543,0
1386548,0
1386550,0
1386667,0
1387034,0
1387179,0
1387381,0
1387408,0
1387528,0
1387538,0
1388023,0
1388095,0
1388117,0
1388231,0
1388416,0
1388470,0
1388629,0
1388662,0
1388712,0
1388720,0
1388784,0
1388993,0
1389548,0
1389587,0
1390625,0
1390674,0
1390720,0
1391297,0
1391361,0
1391544,0
1391836,0
1391848,0
1392021,1
1392090,0
1392754,0
1392772,0
1392934,0
1393176,0
1393394,0
1393530,0
1393631,0
1393854,0
1393856,0
1394093,0
1394109,0
1394289,0
1394631,0
1394651,0
1394854,0
1395095,0
1395375,0
1395461,0
1395536,0
1395827,0
1395873,0
1396042,0
1396135,0
1396570,0
1396860,0
1397236,0
1397277,0
1397389,0
1397919,0
1397933,0
1398006,0
1398445,0
1398699,0
1399025,0
1399939,0
1400328,0
1400424,0
1400535,0
1401491,0
1401565,0
1401622,0
1401713,0
1402614,0
1402949,1
1403154,0
1403251,0
1403443,1
1403454,0
1403850,0
1403873,0
1403912,0
1404035,0
1404175,0
1404211,0
1404402,0
1404409,0
1404423,0
1404795,0
1404939,0
1404984,0
1405298,0
1405463,0
1405489,0
1405593,0
1405647,0
1405684,0
1405738,0
1405832,0
1405890,0
1406114,0
1406118,0
1406217,0
1406839,0
1406961,0
1407037,0
1407108,0
1407390,0
1407628,0
1407641,0
1407940,0
1407984,0
1408040,0
1408372,0
1408821,0
1409035,0
1409086,0
1409404,0
1409493,0
1409701,0
1409704,0
1409712,0
1409861,0
1410133,0
1410247,0
1410441,0
1410673,0
1410801,0
1410963,0
1411106,0
1411122,0
1411157,0
1411354,0
1411661,0
1412092,0
1412116,0
1412183,0
1412233,0
1412420,0
1412448,0
1412828,0
1412829,0
1412942,0
1413011,0
1413074,0
1413079,0
1413287,0
1413443,0
1413653,1
1413769,0
1413906,0
1413960,0
1414013,0
1414106,0
1414124,0
1414694,0
1414832,0
1415215,0
1415272,1
1415322,0
1415393,0
1415416,0
1415478,0
1415609,0
1415701,0
1415863,0
1416195,0
1416339,0
1416417,0
1416833,0
1417365,0
1417441,0
1417799,0
1418051,0
1418336,0
1418557,0
1418746,1
1418852,0
1418952,0
1419436,0
1419459,0
1419517,0
1419711,0
1419766,0
1419883,0
1420035,0
1420177,1
1420830,0
1421320,0
1421383,0
1421393,0
1421627,0
1421848,0
1422180,0
1422316,1
1422369,0
1422379,0
1422546,0
1422568,0
1422570,0
1422730,0
1422864,0
1423016,0
1423061,0
1423079,0
1423146,0
1423227,0
1423233,0
1423280,0
1423494,0
1423713,0
1423733,0
1423743,0
1423891,0
1423913,0
1424111,0
1424744,0
1424792,0
1424813,0
1425066,0
1425114,0
1425323,0
1425411,0
1425469,0
1425581,0
1425911,0
1426318,0
1426531,0
1426647,0
1426731,1
1426847,0
1427098,0
1427403,0
1427464,0
1427902,0
1428082,0
1428428,0
1428522,0
1428640,0
1428701,0
1428723,0
1428763,0
1428897,0
1428988,0
1428991,0
1429158,0
1429181,0
1429243,0
1429248,0
1429369,0
1429424,0
1429439,0
1429549,0
1429605,0
1429704,0
1429948,0
1430155,0
1430167,0
1430380,0
1430394,0
1430426,0
1430668,0
1431773,0
1432131,0
1432295,0
1432342,0
1432432,0
1432441,1
1432647,0
1432690,1
1433143,0
1433512,0
1433586,0
1433812,1
1434100,0
1434108,0
1434173,0
1434204,0
1434211,0
1434258,0
1434315,0
1434434,1
1434620,0
1435319,1
1435343,0
1435524,0
1435558,0
1435778,0
1435838,0
1435938,0
1436148,0
1436291,0
1436303,0
1436580,0
1436599,1
1436869,0
1436953,0
1437702,0
1437885,0
1438221,0
1438244,0
1438360,0
1438463,0
1438496,0
1438553,0
1438556,0
1438672,0
1438930,0
1438960,0
1439050,0
1440011,0
1440379,0
1440396,0
1440642,0
1440797,0
1440817,0
1440959,0
1440998,0
1441174,0
1441391,0
1441607,0
1441705,0
1441732,0
1442117,0
1442410,0
1442499,1
1442520,0
1442895,0
1442957,0
1443504,0
1443597,0
1443938,0
1444032,0
1444334,0
1444496,0
1444515,0
1444644,0
1444890,0
1445065,0
1445099,0
1445100,0
1445265,0
1445406,0
1445507,0
1446058,0
1446148,0
1446352,0
1446433,0
1446746,1
1446758,0
1446836,0
1447261,0
1447338,1
1447361,0
1447619,0
1448062,0
1448110,0
1448314,0
1448788,0
1448837,0
1448880,0
1448881,0
1448903,1
1448922,1
1448971,0
1449392,0
1449607,0
1449681,0
1449779,0
1449814,0
1449891,0
1450052,0
1450343,0
1450362,0
1450500,0
1450641,0
1450673,0
1450806,0
1450951,0
1451079,0
1451202,0
1451537,0
1451614,0
1451623,0
1451628,0
1451830,0
1452020,0
1452423,0
1452466,0
1452490,0
1452521,0
1452594,0
1452857,0
1452928,0
1452932,0
1452938,0
1453027,0
1453795,0
1453908,0
1453917,0
1453950,1
1454030,0
1454204,0
1454213,0
1454652,0
1454745,0
1455445,0
1455698,0
1455706,0
1455836,0
1456095,0
1456317,0
1456349,0
1456365,0
1456591,0
1456634,0
1456886,1
1456937,0
1457108,0
1457207,0
1457594,1
1457634,0
1457933,0
1458019,0
1458330,0
1458625,0
1458636,0
1458693,0
1458784,0
1458990,0
1459438,0
1459444,0
1459556,0
1459702,0
1459743,0
1459867,1
1460236,0
1460358,0
1460436,0
1460485,0
1460687,0
1461036,0
1461098,0
1461126,0
1461194,0
1461536,0
1461595,0
1461782,0
1461862,0
1461960,0
1462002,0
1462209,0
1462234,0
1462741,0
1463291,0
1463434,0
1463506,1
1463867,0
1464247,0
1464295,1
1464310,0
1464831,0
1464866,0
1464905,0
1465065,0
1465256,0
1465316,0
1465932,0
1466290,0
1466334,0
1466345,0
1466592,0
1466626,0
1466846,0
1467015,0
1467066,0
1467095,0
1467293,0
1467393,0
1467785,0
1467911,0
1467968,0
1468110,0
1468158,0
1468232,0
1468299,0
1468363,0
1468543,0
1468675,0
1469246,0
1469264,0
1469297,0
1469313,0
1469397,0
1469650,0
1469702,0
1470038,0
1470198,1
1470206,0
1470230,0
1470295,0
1470557,0
1470769,1
1470927,0
1471101,0
1471385,0
1471422,0
1471586,0
1472044,0
1472224,0
1472236,0
1472250,0
1472388,0
1472574,0
1472730,0
1472935,0
1473420,0
1473442,0
1473443,0
1473745,0
1473853,0
1473854,0
1474105,0
1474250,0
1474466,0
1474897,0
1474927,0
1475197,0
1475317,0
1475662,0
1475701,0
1475808,0
1475836,0
1475972,0
1476065,0
1476067,0
1476078,0
1476305,0
1476399,0
1476886,0
1477129,0
1477228,0
1477310,0
1477354,0
1477645,0
1478328,0
1478515,0
1478670,0
1478757,0
1478880,0
1479080,0
1479180,0
1479355,0
1479600,0
1479632,0
1479862,0
1480187,0
1480238,0
1480382,0
1480528,0
1480768,0
1480947,0
1481022,0
1481284,0
1481350,0
1481362,0
1481649,0
1481687,0
1481804,0
1482209,0
1482391,0
1482686,1
1482950,0
1483015,0
1483361,0
1483475,0
1483800,0
1483863,0
1483878,0
1483972,0
1483987,0
1484042,0
1484125,0
1484188,0
1484209,0
1484430,0
1484655,0
1484878,0
1485059,0
1485733,0
1485828,0
1485838,0
1486000,0
1486085,0
1486325,0
1486336,0
1487502,1
1487956,0
1488041,0
1488064,0
1488067,0
1488083,0
1488130,0
1488141,0
1488617,0
1488622,0
1488641,0
1488851,0
1488857,0
1488906,0
1488927,0
1489017,0
1489296,0
1489361,0
1489808,0
1489858,0
1489867,0
1489904,0
1489943,0
1490135,0
1490209,1
1490727,0
1490855,0
1490978,0
1491019,0
1491050,0
1491466,0
1491519,0
1491629,0
1491905,0
1491984,0
1492070,0
1492078,0
1492125,0
1492203,0
1492273,0
1492314,0
1492362,0
1492399,0
1492436,0
1492590,0
1492835,0
1492989,0
1493139,0
1493154,0
1493212,0
1493484,0
1493509,0
1493591,0
1493629,0
1493640,0
1493690,0
1493765,0
1494767,0
1494887,0
1494957,0
1495019,0
1495094,0
1495307,0
1495560,0
1495594,0
1495794,0
1496163,0
1496180,0
1496296,0
1496429,0
1496598,0
1496634,0
1496737,0
1496826,0
1496945,0
1497463,0
1497586,0
1497664,0
1497733,0
1498034,0
1498482,0
1498582,0
1498630,0
1498737,1
1499234,0
1499237,0
1499262,0
1499351,0
1499661,0
1499756,0
1499848,0
1499996,0
1500179,0
1500193,0
1500395,0
1500647,0
1500775,0
1501234,0
1501455,0
1501527,0
1501635,0
1501651,0
1501777,0
1501819,0
1501859,0
1501998,0
1502126,0
1502240,0
1502428,0
1502645,1
1502680,1
1502830,0
1503169,0
1503187,0
1503374,1
1503505,0
1503850,0
1503880,0
1504015,0
1504025,0
1504190,0
1504217,0
1504268,0
1504348,0
1504967,0
1505017,0
1505132,0
1505160,0
1505197,0
1505599,0
1505810,0
1505863,0
1505906,0
1506004,0
1506083,0
1506105,0
1506347,0
1506402,0
1506651,0
1506711,0
1506809,0
1507239,0
1507619,0
1507749,0
1507810,0
1508034,0
1508104,0
1508138,0
1508198,0
1508292,0
1508552,0
1508600,0
1508705,0
1508783,0
1508844,0
1508870,0
1509133,0
1509478,0
1509499,0
1509686,0
1509871,0
1509896,0
1509975,0
1510091,0
1510617,0
1510725,0
1510730,0
1510914,0
1510949,0
1511157,0
1511337,0
1511564,0
1512243,0
1512324,0
1512420,0
1512493,0
1512515,0
1512764,0
1512824,1
1513027,0
1513054,0
1513138,0
1513196,0
1513273,0
1513480,0
1513498,1
1513829,0
1513915,0
1513916,0
1513928,0
1514028,0
1514549,0
1514606,0
1514814,0
1514868,1
1514898,0
1515089,0
1515336,0
1515361,0
1515505,0
1515903,0
1515906,0
1516441,0
1516445,0
1516700,0
1516846,0
1517061,0
1517209,0
1517465,0
1517786,0
1517861,0
1517882,0
1517933,0
1518415,0
1518429,0
1518431,0
1518609,0
1519082,0
1519126,0
1519586,0
1519916,0
1520226,0
1520578,0
1520817,1
1520878,0
1521016,1
1521259,1
1521545,0
1521925,0
1521997,0
1522158,0
1522200,0
1522388,0
1522389,0
1522448,0
1522449,0
1522494,0
1523340,0
1523853,0
1524052,0
1524265,0
1524373,0
1524522,0
1524554,0
1524555,0
1525026,0
1525354,0
1525429,0
1526072,0
1526075,0
1526229,0
1526275,0
1526351,0
1526407,0
1526716,0
1526718,0
1526802,0
1527222,0
1527248,0
1527796,0
1527949,0
1528043,0
1528203,0
1528225,0
1529736,0
1529876,0
1529941,0
1530456,0
1530722,0
1530768,0
1530861,0
1531240,0
1531667,0
1531755,0
1531835,0
1531952,0
1532015,0
1532039,1
1532125,0
1532303,0
1532516,0
1532608,0
1533063,0
1533104,0
1533184,0
1533244,0
1533518,0
1533641,0
1534042,0
1534210,0
1534324,0
1534743,0
1534751,0
1534824,0
1534914,0
1535053,0
1535473,0
1535515,0
1535580,0
1535592,0
1535754,0
1535756,0
1535809,0
1535870,0
1536017,0
1536169,0
1536308,0
1536544,0
1536598,0
1536757,0
1536816,0
1537086,1
1537161,0
1537512,0
1537768,0
1537816,0
1537864,0
1537938,0
1537947,0
1537950,0
1538122,0
1538288,0
1538328,0
1538359,0
1538524,0
1538549,0
1538663,0
1538719,0
1539161,0
1539427,0
1539522,0
1539583,0
1539641,0
1539829,0
1540251,0
1540541,1
1540553,0
1540676,0
1540751,0
1540830,1
1540942,0
1540969,0
1541025,0
1541366,0
1541779,0
1541818,0
1542069,0
1542113,0
1542257,0
1542322,1
1542331,0
1542345,0
1542371,0
1542446,0
1542482,0
1542554,1
1542607,0
1542648,0
1542872,0
1542971,0
1543084,0
1543128,0
1543453,0
1543594,0
1543914,0
1543956,1
1544151,0
1544159,0
1544500,0
1544741,0
1544800,0
1544893,0
1544950,0
1544970,0
1544978,1
1545080,0
1545480,0
1545499,0
1545664,0
1545678,0
1545711,0
1545839,0
1546951,0
1547033,0
1547354,0
1547494,0
1547669,0
1547692,0
1547877,0
1547905,0
1547941,0
1547958,0
1548048,0
1548220,0
1548298,0
1548306,0
1548433,0
1548614,1
1548966,0
1549016,0
1549078,0
1549160,0
1549285,0
1549484,0
1550239,0
1550315,0
1550635,0
1550713,0
1550825,0
1550977,0
1551362,0
1551418,0
1551421,0
1552120,0
1552196,0
1552464,0
1552492,0
1552552,0
1552600,0
1552794,0
1552863,0
1553024,0
1553121,1
1553166,0
1553297,0
1553322,0
1553440,0
1553586,0
1553599,0
1553619,0
1553684,0
1553809,0
1553813,0
1553877,0
1553976,0
1554051,0
1554105,0
1554363,0
1554364,0
1554575,0
1555372,0
1555453,0
1555569,0
1555608,0
1555815,0
1555881,0
1556068,0
1556297,0
1556352,0
1556394,0
1556650,0
1556651,0
1556845,0
1556936,0
1556981,0
1556982,0
1557131,0
1557204,0
1557586,0
1557795,0
1557804,0
1558326,0
1558361,0
1558383,0
1558393,0
1558573,0
1558671,0
1559160,0
1559410,0
1559516,0
1559536,0
1559545,0
1559839,0
1559927,0
1560192,0
1560247,1
1561039,0
1561060,0
1561276,0
1561324,0
1561388,0
1561474,0
1561539,0
1561704,0
1561805,0
1562167,0
1562218,0
1562346,0
1562845,0
1563004,0
1563025,0
1563184,0
1563429,0
1563611,0
1563984,0
1564119,0
1564166,0
1564179,0
1564193,0
1564242,0
1564431,0
1564497,1
1564877,0
1564986,0
1565063,0
1565287,0
1565455,0
1565541,0
1565560,1
1565805,0
1565949,0
1565977,0
1566010,0
1566034,0
1566245,0
1566448,0
1566639,0
1566772,0
1566794,0
1566896,0
1567095,0
1567198,0
1567266,1
1567276,0
1567488,1
1567775,0
1568032,0
1568155,0
1568311,0
1568504,0
1568785,0
1568787,0
1568924,0
1568998,0
1569037,0
1569109,0
1569192,0
1569403,0
1569516,0
1569741,0
1569768,0
1569794,0
1569852,0
1569910,0
1570150,0
1570325,0
1570391,1
1570741,0
1570754,0
1571415,0
1571574,0
1571595,0
1571703,0
1571811,0
1571963,0
1572135,0
1572253,0
1572281,1
1572486,0
1572647,0
1572665,0
1572801,0
1572900,0
1572935,0
1573280,0
1573428,1
1573771,0
1573825,0
1573987,0
1574006,0
1574313,0
1574404,0
1574743,0
1574772,0
1575071,0
1575166,0
1575197,0
1575206,0
1575231,0
1575325,0
1575437,0
1575470,0
1575486,0
1575563,0
1575649,0
1575764,0
1575820,0
1575834,0
1575842,0
1576020,0
1576150,0
1576158,0
1576185,0
1576333,0
1576427,0
1576519,0
1576627,0
1576911,0
1577057,0
1577513,0
1577693,0
1577831,0
1578129,0
1578288,0
1578344,0
1578462,0
1578476,0
1578538,0
1578644,0
1578685,1
1578758,0
1578760,0
1578857,0
1578887,0
1579095,0
1579259,0
1579306,0
1579464,0
1579480,0
1579512,0
1580133,0
1580251,0
1580489,0
1580631,0
1581166,0
1581315,0
1581334,0
1581446,0
1581551,0
1581683,0
1582151,0
1582365,1
1582653,0
1582854,0
1582903,0
1582986,0
1583040,0
1583315,0
1583467,0
1583611,0
1583718,0
1583812,0
1583982,0
1583986,0
1584204,0
1584314,0
1584763,0
1584821,0
1584861,0
1584863,0
1585103,0
1585110,0
1585183,0
1585221,0
1585361,0
1585426,1
1585539,0
1585559,0
1585666,0
1585713,0
1585804,0
1585966,0
1585979,0
1586031,1
1586078,0
1586285,0
1586326,0
1586361,0
1586456,0
1586751,0
1587070,0
1587179,0
1587195,0
1587219,0
1587315,0
1587364,0
1587397,0
1587534,0
1587545,0
1587656,0
1588379,0
1588406,0
1588533,0
1588610,0
1588847,0
1589174,0
1589891,0
1590338,0
1590457,0
1590631,0
1591001,0
1591071,0
1591274,0
1591418,0
1591473,0
1591664,0
1591783,0
1591869,0
1592006,0
1592687,0
1592742,0
1593202,0
1593267,0
1593573,0
1593973,0
1594084,0
1594400,0
1594632,0
1594849,0
1595046,0
1595590,0
1596063,0
1596204,0
1596450,0
1596636,0
1596662,0
1596814,0
1596836,0
1597277,0
1597282,1
1597452,0
1597726,0
1598144,1
1598319,0
1598454,0
1598553,0
1598559,0
1598890,0
1599149,0
1599459,0
1599460,0
1599585,0
1599725,0
1599920,0
1600099,0
1600183,0
1600282,0
1600575,0
1600697,0
1601019,0
1601068,0
1601150,0
1601195,0
1601223,0
1601278,0
1601359,0
1601370,0
1601382,0
1601613,0
1601780,0
1602028,0
1602056,0
1602155,0
1602353,0
1602568,0
1602919,0
1603013,0
1603040,0
1603264,0
1603479,0
1603550,0
1603854,0
1604298,0
1604455,0
1604509,0
1604639,0
1604890,0
1605950,0
1606080,0
1606210,0
1606221,0
1606385,0
1606437,0
1606659,0
1607004,0
1607127,0
1607129,0
1607735,0
1608175,0
1608829,0
1608996,0
1609010,0
1609117,0
1609222,1
1609395,0
1609481,0
1609611,0
1609650,0
1610098,0
1610358,0
1610458,0
1610813,0
1611647,0
1611715,0
1612140,0
1612489,0
1612610,0
1612612,0
1612782,0
1612897,0
1612967,0
1613581,0
1613603,0
1613864,0
1614700,0
1614829,0
1614896,0
1615529,0
1615690,0
1615969,0
1616102,1
1616125,0
1616153,0
1616160,0
1616392,0
1616447,0
1616567,0
1616762,0
1616947,0
1617047,0
1617143,0
1618038,0
1618169,0
1618353,0
1618459,0
1618565,0
1618599,0
1618603,0
1618760,0
1619167,0
1619196,0
1619389,0
1619520,0
1619615,0
1619708,0
1619850,0
1619889,1
1620330,0
1620504,0
1620654,0
1620698,0
1620897,0
1620958,0
1621223,0
1621286,0
1621643,0
1621672,0
1621943,0
1622260,0
1622287,1
1622463,0
1622500,0
1622573,1
1622881,0
1623046,1
1623195,0
1623253,0
1623259,0
1623281,0
1623454,0
1623672,0
1623862,0
1623907,0
1624316,0
1624467,0
1624697,0
1624919,0
1624955,0
1625105,0
1625260,0
1625315,0
1625440,0
1625643,0
1625709,1
1625844,0
1625921,0
1626915,0
1627000,0
1627465,0
1627573,0
1627865,0
1627932,0
1628068,0
1628102,0
1628476,0
1628639,0
1628744,0
1628797,0
1629299,0
1629341,0
1629410,0
1629578,0
1629580,0
1629694,0
1629700,0
1629830,0
1629940,1
1629957,0
1630247,0
1630357,0
1630397,0
1630682,0
1630959,0
1631250,0
1631267,0
1631486,0
1631720,0
1631774,0
1632005,0
1632091,0
1632152,0
1632264,0
1632307,0
1632383,0
1632387,0
1632514,0
1632969,1
1633014,0
1633214,0
1633222,0
1633314,0
1633405,1
1633422,0
1633570,0
1634103,0
1634195,0
1634361,1
1634777,0
1635520,0
1635532,1
1635794,0
1635819,0
1635905,0
1636048,0
1636200,0
1636212,0
1636362,0
1636558,0
1637097,0
1637169,0
1637235,0
1637342,1
1637389,0
1637460,0
1637485,0
1637598,0
1637642,0
1638051,0
1638127,0
1638182,0
1638345,0
1638377,0
1638797,1
1639074,0
1639104,0
1639141,0
1639220,0
1639341,0
1639409,0
1639695,0
1640187,0
1640199,0
1640278,0
1640314,0
1640383,0
1640534,0
1640540,0
1640706,0
1640949,0
1641155,0
1641377,0
1641390,0
1641511,0
1641537,0
1641777,0
1642495,0
1642555,0
1642775,0
1642845,0
1643361,0
1643380,0
1643701,0
1643885,0
1644113,0
1644114,0
1644116,0
1644145,0
1644357,0
1644402,0
1644889,0
1644966,0
1645139,0
1645182,0
1645277,0
1645281,0
1645311,0
1645449,0
1645865,0
1645869,0
1646088,0
1646263,0
1646443,0
1646544,0
1647021,0
1647437,0
1647827,0
1647987,0
1648070,0
1648137,0
1648360,0
1648626,0
1648897,0
1649018,0
1649026,0
1649576,0
1649799,0
1649858,0
1649967,0
1649979,0
1650058,0
1650340,0
1650755,0
1650766,0
1650859,0
1650940,0
1651172,0
1651382,0
1651486,0
1651827,0
1651922,0
1652666,0
1652720,0
1652734,0
1653128,0
1653164,0
1653192,0
1653225,0
1653239,0
1653394,0
1653423,0
1653462,0
1653601,0
1653632,0
1653667,0
1653752,0
1653823,0
1654375,0
1654438,0
1654541,0
1654577,0
1654855,0
1654918,0
1654968,0
1655022,0
1655131,0
1655300,0
1655382,0
1655807,0
1656031,0
1656138,0
1656165,0
1656593,0
1656935,0
1657075,0
1657238,0
1657532,0
1657868,0
1658085,0
1658787,0
1658842,0
1658869,0
1658886,0
1658989,0
1659084,0
1659193,0
1659518,0
1659536,0
1659743,0
1659795,0
1659859,1
1659972,0
1660001,0
1660188,0
1660223,0
1660393,0
1660487,0
1660571,0
1660612,0
1660799,0
1660918,0
1661042,0
1661113,0
1661275,0
1661457,0
1661508,0
1661828,0
1661839,0
1661869,0
1662582,0
1662674,0
1662950,0
1663221,0
1663776,0
1663866,0
1664003,0
1664134,0
1664282,0
1664441,0
1664921,0
1665071,0
1665089,0
1665162,0
1665292,0
1665533,0
1665587,0
1665788,0
1665838,0
1665881,0
1665886,0
1665952,0
1666032,0
1666178,0
1666330,0
1666398,0
1666554,0
1666678,1
1666743,0
1666796,0
1667000,0
1667029,0
1667040,0
1667126,0
1667130,0
1667131,0
1667273,0
1667751,0
1667822,0
1668510,0
1668549,0
1668699,0
1668784,0
1668853,0
1668913,0
1668926,0
1668976,0
1669011,0
1669613,1
1669793,0
1669895,0
1670440,0
1670710,0
1670779,0
1671282,0
1671325,0
1671356,0
1671422,0
1671493,0
1671522,0
1671705,0
1671717,0
1671736,0
1671766,0
1671805,0
1672426,0
1672453,0
1672955,0
1673169,1
1673682,0
1673734,0
1673855,0
1673934,1
1674351,0
1674477,0
1674585,0
1674674,0
1675062,0
1675102,0
1675121,0
1675228,0
1675269,0
1675369,0
1675592,0
1675649,0
1675792,0
1675813,0
1676062,0
1676315,0
1676435,0
1676634,0
1676646,0
1677050,0
1677116,0
1677185,0
1677460,0
1677520,0
1677767,0
1677853,0
1677969,0
1678100,0
1678324,0
1678771,0
1678851,0
1678935,0
1679596,1
1679619,0
1679621,0
1679639,0
1679939,0
1679952,0
1680083,0
1680230,0
1680352,0
1680385,0
1680624,0
1681143,0
1681271,0
1681482,0
1681632,0
1681703,0
1681717,0
1681824,0
1682020,0
1682484,0
1682520,0
1682670,0
1682696,0
1682720,0
1682879,0
1682891,0
1682990,1
1683006,0
1683010,0
1683480,1
1683503,0
1683620,0
1683721,0
1683889,0
1683931,0
1684231,0
1684300,0
1684354,0
1684487,0
1684700,0
1684707,0
1684854,0
1685102,0
1685109,0
1685148,0
1685299,0
1685363,0
1685551,0
1685558,0
1685595,0
1685961,0
1686030,0
1686460,0
1686563,0
1686833,1
1686967,0
1687047,0
1687242,0
1687405,0
1687618,0
1688354,0
1688430,0
1688436,0
1688522,0
1688617,0
1688719,0
1689012,0
1689263,0
1689407,0
1689498,0
1689573,0
1689608,0
1689610,0
1689620,0
1689627,0
1689849,0
1690007,0
1690112,0
1690278,0
1690500,0
1691044,0
1691099,0
1691179,1
1691578,0
1691653,0
1692673,1
1692744,0
1693023,0
1693054,0
1693149,0
1693611,0
1693741,1
1693786,0
1694187,0
1694907,0
1695229,0
1695341,0
1695364,0
1695380,0
1695389,0
1695430,0
1695690,0
1695945,0
1695951,0
1696190,0
1696398,0
1696841,0
1697277,0
1697417,0
1697527,0
1697637,0
1697831,0
1697837,0
1698212,0
1698932,0
1699011,0
1699089,0
1699100,0
1699456,0
1699557,0
1699977,0
1700072,0
1700229,0
1700288,0
1700409,0
1700649,0
1700951,0
1701102,0
1701170,0
1701512,0
1701545,0
1701557,0
1701782,0
1701801,0
1701894,0
1702228,0
1702256,0
1702458,0
1702546,0
1702864,0
1703004,0
1703010,0
1703490,0
1703528,0
1703708,0
1703878,0
1704016,1
1704052,0
1704103,0
1704305,0
1704531,0
1704620,0
1705022,0
1705157,0
1705444,0
1705633,0
1706102,0
1706194,0
1706267,0
1706434,0
1706517,0
1706816,0
1706922,0
1706929,0
1707148,0
1707169,0
1707561,0
1707579,0
1707615,0
1707765,0
1707942,0
1708186,0
1708309,0
1708620,0
1708668,0
1708948,0
1708953,0
1709057,1
1709119,0
1709188,0
1709277,0
1709465,0
1709550,0
1709857,0
1709928,0
1710203,0
1710344,0
1710433,0
1710501,0
1710863,0
1710969,0
1711043,0
1711191,0
1711475,0
1711545,0
1711990,0
1712246,0
1712395,0
1712479,0
1712545,0
1712855,0
1712966,0
1712989,0
1713313,0
1713484,0
1713517,0
1713528,0
1713586,0
1713758,0
1713867,0
1714108,0
1714127,0
1714563,1
1714593,0
1714703,0
1714734,0
1714991,0
1715232,0
1715240,0
1715337,0
1715418,0
1715635,0
1715790,0
1716602,0
1716853,0
1716988,0
1717302,0
1717506,0
1717610,0
1717704,0
1717783,0
1717921,0
1718060,0
1718211,0
1718452,0
1718538,0
1718580,0
1718719,0
1718825,0
1719125,0
1719170,0
1719239,0
1719291,0
1719486,0
1719589,0
1719720,0
1720059,0
1720294,0
1720393,0
1720402,0
1720855,0
1721063,0
1721384,0
1721815,0
1721816,0
1721906,0
1721972,0
1721978,0
1721980,0
1722007,0
1722286,0
1722431,0
1722669,0
1722826,0
1722943,0
1722946,0
1722960,0
1723004,0
1723065,0
1723164,0
1723223,0
1723304,0
1723328,0
1723749,0
1724205,0
1724456,1
1724485,0
1724732,0
1724803,0
1725049,0
1725404,0
1725730,1
1725753,0
1725798,0
1726071,0
1726290,0
1726293,0
1726443,1
1726461,0
1726543,0
1726645,0
1726775,0
1727961,0
1727997,0
1728011,0
1728045,0
1728079,1
1728272,0
1728559,0
1729230,0
1729290,0
1729416,0
1729443,0
1729501,0
1730310,0
1730441,0
1730748,0
1730920,0
1731004,0
1731070,0
1731299,0
1731355,0
1731751,0
1731805,0
1731826,0
1731925,0
1731930,0
1732036,0
1732234,0
1732537,0
1732562,0
1732675,0
1732976,0
1733027,0
1733034,0
1733192,0
1733234,0
1733254,0
1733430,0
1733469,0
1733674,1
1733680,0
1733727,0
1733839,0
1734189,0
1734294,0
1734755,0
1734778,0
1735038,0
1735198,0
1735580,0
1735811,0
1735833,0
1736046,0
1736102,0
1736632,0
1736877,0
1736896,0
1736997,1
1737021,0
1737333,1
1737544,0
1737678,0
1737959,0
1738004,0
1738126,0
1738271,0
1738516,0
1738968,0
1739003,0
1739061,0
1739184,0
1739667,0
1739682,0
1739865,0
1740075,0
1740182,0
1740227,0
1740378,0
1740745,0
1740820,0
1741099,0
1741324,0
1741470,0
1741908,0
1741912,0
1741951,0
1742505,0
1743224,0
1743239,0
1743739,0
1743881,0
1743893,0
1743929,0
1744138,0
1744189,0
1744400,0
1744451,0
1744585,0
1744612,0
1745189,0
1745404,0
1745495,0
1745629,0
1746093,0
1746836,0
1746839,0
1747036,0
1747318,0
1747482,0
1747557,0
1747854,0
1747941,0
1748089,0
1748203,0
1748267,0
1748313,0
1748321,0
1748850,0
1748854,0
1749007,0
1749133,0
1749362,0
1749758,0
1749910,0
1750108,0
1750157,0
1750274,0
1750565,0
1750574,0
1750631,0
1751461,1
1751482,0
1751519,0
1751867,0
1752109,0
1752674,0
1752722,1
1753224,0
1753409,1
1753582,0
1754302,0
1754331,0
1754507,0
1754592,0
1754892,0
1755365,0
1755440,0
1755619,0
1755639,0
1755894,0
1756116,1
1756527,0
1756622,0
1756689,0
1756931,0
1757368,0
1757485,0
1757634,0
1757647,0
1757692,0
1757831,1
1758222,0
1758363,0
1758437,0
1758915,0
1758975,1
1759189,0
1759755,0
1759986,0
1760397,0
1760773,0
1761286,0
1761511,0
1761676,0
1761682,0
1761890,0
1761907,1
1762109,1
1762131,0
1762165,0
1762189,0
1762428,0
1762631,0
1763404,0
1763453,0
1763671,0
1764243,0
1764276,0
1764300,0
1764443,0
1764515,0
1764549,0
1764596,1
1764626,0
1764898,0
1764984,0
1765306,0
1765359,0
1765454,0
1765746,1
1765828,0
1765883,0
1766039,0
1766043,0
1766242,0
1766398,0
1766777,0
1766861,0
1767000,0
1767050,0
1767083,0
1767363,0
1767510,0
1767553,0
1767707,1
1767976,0
1768572,0
1768687,0
1768723,0
1768821,0
1769428,0
1769443,0
1769497,0
1769498,0
1769830,0
1769918,0
1769959,0
1770211,0
1770213,0
1770237,0
1770303,0
1770384,0
1770558,1
1770731,0
1770822,0
1770859,0
1771418,0
1771475,0
1771512,0
1771533,0
1771681,1
1771785,0
1772029,0
1772111,0
1772159,1
1772226,0
1772728,0
1772801,0
1773130,0
1773217,0
1773290,0
1773411,0
1773470,0
1773484,0
1773873,0
1774378,0
1774417,0
1774428,0
1774430,0
1774609,0
1774767,0
1775097,0
1775098,0
1775100,0
1775143,0
1775170,0
1775518,0
1775592,0
1775712,0
1776076,0
1776089,0
1776251,0
1776315,0
1776316,0
1776429,0
1776549,0
1776572,0
1776624,0
1776640,0
1776794,0
1776807,1
1776866,0
1776944,0
1776977,0
1777031,0
1777549,0
1777604,0
1777657,0
1777822,0
1777837,0
1778018,0
1778050,0
1778411,0
1778437,0
1778539,0
1778570,0
1778677,0
1778751,0
1778837,0
1779174,1
1779236,0
1779435,0
1779579,0
1779820,0
1779857,1
1780093,0
1780152,0
1780321,0
1780502,0
1780594,0
1780937,0
1781407,0
1781516,0
1782093,0
1782172,0
1782296,0
1782358,0
1782560,0
1782759,0
1782793,0
1783000,0
1783513,0
1783595,0
1783738,0
1784049,0
1784061,0
1784081,0
1784128,0
1784171,0
1784225,0
1784268,0
1784793,0
1784965,0
1785009,0
1785170,0
1785186,1
1785769,0
1785999,1
1786137,0
1786292,0
1786384,0
1786389,0
1786613,0
1786732,0
1786970,0
1787246,0
1787336,0
1787371,0
1787478,0
1787493,0
1787530,0
1787568,0
1787809,0
1787978,0
1788387,0
1788612,0
1788617,0
1788766,0
1788831,0
1788891,0
1788987,0
1789139,0
1789234,0
1789334,0
1789464,0
1789558,0
1789708,0
1789803,0
1789881,0
1790418,0
1790419,0
1790631,0
1790804,0
1791005,0
1791148,0
1791339,0
1791593,0
1792101,0
1792489,0
1792766,0
1792909,0
1793052,0
1793635,0
1793748,0
1793972,0
1794032,0
1794219,0
1794365,0
1794485,0
1794544,0
1794675,0
1794716,0
1794774,0
1795020,1
1795140,0
1795243,0
1795273,0
1795488,1
1795537,0
1795594,0
1795662,0
1795800,0
1795945,0
1796137,0
1796140,0
1796236,0
1796403,0
1796491,0
1796745,0
1797191,0
1797496,0
1797529,0
1797585,0
1797952,0
1797955,0
1798054,0
1798263,0
1798323,0
1798327,0
1798431,0
1798448,0
1798719,0
1798853,0
1799062,0
1799168,0
1799196,0
1799375,0
1799421,0
1799508,0
1799536,0
1799553,0
1799570,0
1800005,0
1800145,0
1800203,0
1800842,0
1801207,0
1801321,1
1801749,0
1801821,0
1802003,0
1802399,1
1802647,0
1802951,0
1803208,0
1803789,0
1803962,0
1804016,0
1804257,0
1804268,0
1804490,0
1804616,0
1804919,0
1805312,0
1805430,0
1805554,0
1805622,0
1805683,0
1805719,0
1805860,0
1805976,0
1806123,0
1806214,0
1806306,0
1806381,0
1806404,0
1806734,0
1806765,1
1807164,0
1807346,0
1807992,0
1808072,0
1808100,0
1808592,0
1808990,0
1809041,0
1809194,1
1809699,0
1809847,0
1809885,0
1809988,0
1810257,0
1810294,0
1810487,0
1810499,0
1810782,0
1810911,0
1810950,1
1811031,0
1811100,0
1811224,0
1811831,0
1811926,0
1811950,0
1812019,0
1812645,0
1812753,0
1812889,0
1812911,0
1812936,1
1812965,0
1812995,0
1813210,0
1813227,0
1813236,0
1813386,0
1813456,0
1813495,0
1813570,0
1813623,0
1813624,0
1813658,0
1813993,1
1814106,0
1814143,0
1814146,0
1814623,0
1814665,0
1814717,0
1815034,0
1815284,0
1815590,0
1815630,0
1815982,0
1816413,0
1816440,0
1816608,0
1816823,0
1816861,0
1816874,0
1816880,0
1816993,0
1817054,0
1817055,0
1817224,0
1817709,0
1817735,0
1817851,0
1817912,0
1818210,0
1818324,0
1818570,0
1818860,0
1819270,0
1819473,0
1819865,0
1820103,0
1820142,0
1820427,0
1820540,0
1820987,0
1821018,0
1821137,1
1821258,0
1821284,0
1821321,0
1821653,0
1821716,0
1821940,0
1823189,1
1823200,0
1823404,0
1823467,0
1823549,0
1823557,0
1823564,0
1823578,0
1823877,0
1823887,0
1824133,0
1824196,0
1824231,0
1824296,0
1824389,0
1824413,0
1824657,0
1826000,0
1826501,0
1826512,0
1826620,0
1826740,0
1827424,0
1827647,0
1827744,0
1827918,0
1828246,0
1828299,0
1828373,0
1828720,0
1828958,0
1829017,0
1829028,0
1829667,1
1830400,0
1830422,0
1830745,0
1830819,0
1831029,0
1831099,1
1831128,0
1831136,0
1831199,0
1831240,1
1831341,0
1831379,0
1831425,0
1831513,0
1831539,0
1831735,0
1832298,0
1832373,0
1832494,0
1832512,1
1832770,0
1832875,0
1832956,0
1833051,0
1833218,1
1833985,0
1834093,0
1834114,0
1834141,0
1834249,0
1834383,0
1834645,0
1834805,0
1834850,0
1834999,0
1835156,0
1835283,0
1835541,0
1835555,0
1835721,0
1835816,0
1836058,0
1836135,0
1836202,0
1836216,0
1836241,0
1836292,0
1836333,1
1836383,0
1836498,0
1836575,0
1836616,0
1836649,0
1836666,0
1836732,0
1836955,0
1836994,0
1837085,0
1837190,0
1837452,0
1837458,0
1837530,0
1837679,0
1837836,0
1838643,0
1838715,0
1838746,0
1838827,0
1838849,0
1838857,0
1839076,0
1839160,0
1839222,0
1839993,0
1840159,0
1840183,0
1840678,0
1840716,0
1840986,0
1841052,0
1841222,0
1841612,0
1841729,0
1841792,0
1841871,0
1842194,0
1842327,0
1842520,0
1842559,0
1842634,0
1842873,0
1842915,0
1842935,0
1843051,0
1843222,0
1843447,0
1843629,0
1843814,0
1843845,0
1844082,0
1844361,0
1844391,0
1844394,0
1844606,0
1844854,0
1844987,0
1845063,0
1845208,1
1845294,0
1845364,0
1845551,0
1845570,0
1845621,0
1845733,0
1845753,0
1845770,0
1845838,0
1845898,0
1846156,0
1846328,0
1846351,0
1846442,0
1846498,0
1846539,0
1846615,0
1846713,0
1846826,0
1846893,0
1846963,0
1846987,1
1847116,0
1847162,0
1847326,0
1847652,0
1847670,0
1847945,0
1848007,0
1848116,0
1848121,0
1848291,0
1848322,0
1848587,0
1848726,0
1848919,0
1848931,0
1848955,0
1849374,0
1849486,0
1849601,0
1849752,0
1850001,0
1850061,0
1850156,0
1850275,0
1850327,1
1850480,0
1850513,0
1850606,0
1850731,0
1850739,0
1850797,0
1850952,0
1851088,1
1851306,0
1851386,0
1851432,0
1851855,0
1852091,0
1852100,0
1852176,0
1852248,0
1852271,0
1852316,0
1852353,0
1852486,0
1852527,0
1852838,0
1852938,0
1853360,0
1853369,0
1853448,1
1853475,0
1853656,0
1853698,0
1853741,0
1853818,0
1853900,0
1853906,0
1854093,0
1854346,0
1854757,0
1855234,0
1855493,0
1855659,0
1855674,0
1855740,0
1855925,0
1856028,0
1856230,0
1856268,0
1856323,0
1856429,0
1856454,0
1856548,0
1856554,0
1856598,0
1856774,0
1857210,0
1857445,1
1857719,0
1857906,0
1858005,0
1858018,0
1858337,0
1858490,0
1858529,0
1858532,0
1858772,0
1858982,1
1859005,0
1859050,0
1859175,0
1859316,0
1859397,0
1859420,0
1859552,0
1859650,1
1860076,0
1860202,0
1860275,0
1860424,0
1860436,0
1860641,0
1860692,0
1860865,0
1861298,0
1861636,0
1861672,0
1861800,0
1861845,0
1862006,0
1862093,0
1862160,1
1862439,0
1862532,0
1862549,0
1862900,0
1862997,0
1863161,0
1863294,0
1863295,0
1863419,0
1863478,0
1863531,0
1863581,0
1863659,0
1863671,0
1863889,0
1864449,0
1864502,0
1864811,0
1864849,0
1864864,0
1865073,0
1865092,0
1865121,0
1865199,0
1865264,0
1865321,0
1865373,0
1865583,0
1865755,1
1865942,0
1866328,0
1866332,0
1866390,0
1866411,0
1866519,0
1866528,0
1866628,0
1866693,0
1866715,0
1866781,0
1867318,0
1867622,0
1867857,0
1867878,0
1868147,0
1868219,0
1868292,0
1868405,0
1868543,0
1868631,0
1868656,0
1868693,0
1868793,0
1868800,0
1868807,0
1869153,0
1869291,0
1869301,0
1869320,0
1869379,0
1869586,0
1869602,0
1869666,0
1869872,0
1869914,0
1869983,0
1870220,0
1870347,0
1870358,0
1870408,0
1870435,0
1870609,0
1870751,0
1870914,0
1871227,0
1871424,0
1871428,0
1871471,1
1871580,0
1871825,0
1871995,0
1872026,1
1872118,0
1872773,0
1872916,0
1873002,0
1873161,0
1873247,0
1873323,0
1873510,0
1873528,0
1873537,0
1873716,0
1873896,0
1874544,0
1874835,0
1874900,0
1874997,0
1875055,1
1875087,0
1875229,0
1875339,0
1875707,0
1876154,0
1876426,1
1876675,0
1876785,0
1876789,0
1876845,0
1876918,0
1876927,0
1876935,0
1877056,0
1877449,0
1877465,0
1877500,0
1877859,0
1878072,0
1878101,0
1878359,0
1878529,0
1878545,0
1878713,0
1878761,0
1878807,0
1879080,0
1879247,0
1879332,1
1879386,0
1879416,0
1879426,1
1879462,0
1879509,0
1879697,0
1879721,0
1880052,1
1880262,0
1880375,0
1880389,0
1880396,0
1880435,0
1880526,0
1880691,0
1880830,0
1880968,0
1881065,0
1881338,0
1881340,0
1881535,0
1881639,0
1881821,0
1881880,0
1881987,0
1882483,0
1882497,0
1882550,0
1882691,0
1883130,0
1883140,1
1883238,0
1883296,0
1883511,0
1883555,0
1883663,0
1883784,0
1883991,0
1884035,0
1884112,0
1884127,0
1884141,0
1884150,0
1884197,0
1884231,0
1884344,0
1884399,0
1884412,0
1884528,0
1884760,0
1884803,0
1885027,0
1885354,0
1885419,0
1885433,0
1885452,0
1885577,0
1885635,0
1885768,0
1885887,0
1885904,1
1885925,0
1886065,0
1886156,0
1886214,0
1886246,0
1886304,0
1886336,0
1886430,0
1886440,0
1886624,0
1886846,0
1887384,0
1887420,0
1887451,0
1887998,1
1888164,0
1888211,0
1888249,0
1888310,0
1888376,0
1888384,0
1889040,0
1889277,0
1889478,0
1889481,0
1889491,0
1889499,0
1889565,0
1889624,0
1889642,0
1889759,0
1890197,0
1890220,0
1890362,0
1890410,0
1890502,0
1890645,0
1890661,0
1891123,0
1891558,0
1891594,0
1891625,0
1891863,0
1892404,0
1892449,0
1892604,0
1892785,0
1892815,1
1893060,1
1893351,0
1893354,0
1893395,0
1893430,0
1893622,0
1893833,0
1893893,0
1894089,0
1894172,0
1894394,0
1894411,0
1894442,0
1894582,0
1894625,0
1894630,1
1894717,0
1894865,0
1894893,0
1894984,0
1895024,0
1895227,0
1895228,0
1895280,1
1895315,0
1895330,0
1895357,0
1895692,0
1895715,0
1895821,0
1895836,0
1895922,0
1895983,0
1896481,0
1896491,0
1896506,0
1896570,1
1896734,0
1896745,0
1897074,0
1897133,0
1897190,0
1897265,0
1897267,0
1897503,1
1897770,0
1897932,0
1898093,0
1898194,0
1898355,0
1898365,0
1898503,0
1898523,0
1898633,0
1898968,0
1899273,0
1899502,0
1899503,0
1899765,0
1899833,0
1900048,0
1900346,0
1901168,0
1901928,0
1902031,0
1902048,0
1902367,0
1902550,0
1902586,0
1902903,0
1903055,0
1903241,0
1903326,0
1903450,0
1903544,0
1904093,0
1904111,0
1904191,0
1904285,0
1904452,0
1904545,0
1904616,1
1904779,0
1905067,0
1905117,0
1905311,0
1906017,0
1906099,0
1906118,0
1906152,0
1906364,0
1906580,0
1906676,0
1906678,0
1906943,0
1907059,0
1907574,0
1907693,0
1907851,1
1908067,0
1908434,0
1908904,0
1909119,0
1909194,0
1909645,0
1909909,0
1910072,0
1910575,0
1910791,0
1910842,0
1911309,0
1911520,0
1911595,0
1911684,0
1911737,0
1911807,0
1911854,0
1912122,0
1912319,0
1912362,0
1912942,0
1913002,0
1913008,0
1913138,0
1913444,0
1913675,0
1914255,0
1914325,1
1914401,0
1914504,0
1915090,0
1915188,0
1915217,1
1915509,0
1915776,0
1915887,0
1915962,0
1915970,0
1915979,0
1916489,0
1916868,0
1916923,0
1916959,0
1917104,0
1917110,0
1917125,0
1917291,0
1917387,0
1917559,0
1917923,0
1918139,0
1918384,0
1918742,1
1918965,0
1919038,0
1919277,0
1919612,0
1919667,0
1919898,1
1920328,0
1920381,0
1920434,0
1920455,0
1920734,0
1920795,0
1920839,0
1920874,0
1921236,0
1921790,0
1921859,0
1922657,0
1922706,0
1923037,0
1923039,0
1923143,0
1923146,0
1924059,0
1924067,0
1924393,0
1924737,0
1924783,0
1925234,0
1925330,0
1925662,0
1925964,0
1925969,0
1926165,0
1926289,0
1926342,0
1926523,0
1926671,0
1926681,0
1926722,0
1927228,1
1927616,0
1927650,0
1928136,0
1928192,0
1928710,0
1928972,0
1929033,0
1930677,0
1930843,0
1930985,0
1931321,1
1931492,0
1931579,0
1931583,0
1931813,0
1931850,0
1932057,0
1932124,0
1932242,0
1932292,0
1932371,0
1932384,0
1932448,0
1932490,0
1932702,0
1932883,0
1932894,0
1932923,0
1932945,0
1932957,0
1933275,0
1933407,0
1933686,0
1933902,0
1934098,0
1934344,1
1934596,0
1934689,0
1934950,0
1935031,0
1935068,0
1935085,0
1935098,0
1935149,0
1935173,1
1935455,0
1935780,1
1935893,0
1936375,0
1936838,0
1937227,1
1937543,0
1937692,0
1937799,0
1937841,0
1937849,0
1938026,0
1938161,0
1938187,0
1938368,0
1938525,0
1938638,0
1938760,1
1938903,0
1938960,0
1939351,0
1939717,0
1939744,0
1939912,0
1939999,0
1940218,0
1940321,0
1940523,0
1940856,0
1941363,0
1941525,0
1941831,0
1941857,0
1941959,0
1942071,0
1942220,0
1942226,0
1942365,0
1942557,1
1942947,0
1943131,0
1943153,0
1943515,0
1943741,0
1943777,0
1943796,0
1944033,0
1944428,0
1944622,0
1944672,0
1944701,0
1944845,0
1945041,0
1945703,0
1945808,0
1945856,0
1945956,0
1945977,0
1946356,0
1946607,0
1946745,0
1947072,0
1947254,0
1947475,0
1947537,0
1947837,0
1947996,0
1948337,0
1948843,0
1949281,0
1949736,0
1949959,1
1950089,0
1950163,0
1950383,1
1950435,0
1950480,0
1950747,0
1950754,0
1950880,0
1951000,0
1951118,0
1951466,0
1951571,1
1951754,0
1951826,0
1952116,0
1952135,0
1952465,0
1952551,0
1952612,0
1952970,0
1953122,0
1953427,0
1953447,0
1953856,0
1953980,0
1954722,0
1954993,0
1955485,0
1955532,0
1955748,0
1955939,0
1955956,0
1956096,0
1956387,0
1956511,0
1956700,0
1957239,0
1957503,0
1957628,0
1957860,0
1958096,0
1958194,0
1958389,0
1958671,0
1958885,0
1958958,1
1959478,0
1959512,0
1960068,0
1960096,0
1960163,0
1960236,0
1960336,0
1960450,0
1960690,0
1960865,0
1961096,0
1961110,1
1961160,0
1961258,0
1961272,0
1961456,0
1961482,0
1961609,0
1961712,0
1961741,0
1961879,0
1962279,0
1962302,0
1962699,0
1963048,0
1963158,0
1963183,0
1963325,0
1963588,0
1963696,0
1963930,0
1964186,0
1964450,0
1964620,0
1964781,0
1965048,0
1965175,0
1965191,0
1965355,0
1965946,0
1966028,0
1966367,0
1966425,0
1966645,0
1966856,0
1966916,0
1966946,0
1967595,0
1967692,0
1967797,0
1968135,0
1968265,1
1968378,0
1968401,0
1968433,0
1968495,0
1968502,1
1968576,0
1968721,0
1968726,0
1969008,0
1969278,0
1969420,0
1969693,0
1969942,0
1969950,0
1970274,0
1971049,0
1971237,0
1971483,0
1971580,0
1971723,0
1972148,1
1972202,0
1972262,0
1972526,0
1972541,0
1973271,0
1973278,0
1973296,0
1973359,0
1973411,0
1973922,0
1974244,0
1974606,0
1974777,0
1974891,0
1975172,0
1975278,0
1975614,0
1975728,0
1975847,0
1976510,0
1976566,0
1976618,0
1977124,0
1977183,0
1977200,0
1977415,0
1977770,0
1977892,0
1978088,0
1978092,0
1978102,0
1978106,0
1978115,0
1978541,0
1978636,0
1978829,0
1978941,0
1979492,0
1979553,0
1979784,0
1979841,0
1979846,0
1979916,0
1980014,0
1980145,0
1980179,0
1980602,0
1981148,0
1981461,0
1981625,0
1981707,0
1981933,0
1982146,0
1982327,0
1982356,0
1982490,0
1982585,0
1983052,0
1983108,0
1983335,0
1983540,0
1983558,0
1983743,0
1983766,0
1983871,0
1984141,0
1984343,0
1984597,0
1984849,0
1984855,0
1985298,0
1985356,0
1985610,0
1985711,0
1985806,0
1985871,0
1986200,0
1986202,0
1986225,0
1986244,0
1986334,0
1986529,0
1986536,0
1986665,0
1987006,0
1987050,0
1987407,0
1987470,0
1987879,0
1987970,0
1988476,0
1988642,0
1988667,1
1989012,0
1989101,0
1989200,0
1990137,1
1990162,0
1990198,0
1990443,1
1990772,0
1991157,0
1991213,0
1991215,0
1991240,0
1991350,0
1991704,0
1991740,0
1991755,0
1991986,0
1992033,0
1992180,0
1992304,0
1992447,0
1992498,0
1992510,0
1992818,0
1992891,0
1993000,0
1993065,0
1993092,0
1993098,1
1993352,0
1993358,0
1993601,0
1993642,0
1993840,1
1994100,0
1994332,0
1994378,0
1994570,0
1994717,0
1994746,0
1995030,0
1995308,0
1995312,0
1995332,0
1995554,0
1995605,0
1995656,0
1995940,0
1996035,0
1996091,0
1996101,0
1996182,0
1996201,0
1996280,0
1996629,0
1996892,0
1996922,0
1997409,0
1997431,0
1997523,0
1997786,0
1998021,0
1998384,1
1998432,0
1998593,0
1999034,0
1999537,0
1999609,0
1999985,0
2000017,0
2000110,0
2000730,0
2000781,0
2000802,0
2000881,0
2001101,0
2001200,0
2001214,0
2001334,0
2001748,0
2001877,0
2002329,0
2002676,0
2002945,0
2002978,0
2003013,0
2003445,0
2003783,0
2004046,0
2004324,0
2004669,0
2004960,0
2005201,0
2005333,0
2005840,0
2005925,1
2005987,0
2006740,0
2007306,0
2007391,0
2007450,0
2007815,0
2007894,0
2007911,0
2008031,0
2008214,0
2008261,0
2008312,0
2008339,0
2008457,0
2008602,0
2008841,1
2009056,0
2009075,0
2009588,1
2009836,0
2009901,0
2010142,0
2010445,0
2010589,0
2010692,0
2010963,0
2011096,0
2011332,0
2012064,0
2012394,0
2012450,0
2012490,0
2012591,0
2012616,0
2012799,0
2012960,0
2013041,0
2013317,0
2013361,0
2013362,0
2013425,0
2013513,0
2013600,0
2013946,0
2014202,0
2014745,0
2014888,0
2014925,1
2015054,0
2015065,0
2016012,1
2016585,0
2016902,0
2017262,0
2017356,0
2017576,0
2018853,0
2018888,0
2018979,0
2019160,0
2019407,0
2019421,0
2019812,0
2020104,0
2020214,0
2020440,0
2020594,0
2020792,0
2021010,0
2021019,0
2021222,0
2021303,0
2021341,0
2021455,1
2021510,1
2021662,0
2021860,0
2021997,0
2022030,0
2022154,0
2022381,0
2022959,0
2022961,0
2022989,0
2023080,0
2023131,0
2023412,0
2023914,0
2023953,0
2023991,0
2024073,0
2024091,1
2024349,1
2024768,0
2025028,0
2025086,0
2025762,0
2025856,0
2026299,0
2026694,0
2026877,0
2027075,0
2027282,0
2027498,0
2027547,0
2027560,0
2027820,0
2028001,0
2028002,0
2028152,0
2028181,0
2028236,0
2028307,0
2028402,0
2028490,0
2028534,0
2028540,0
2028834,0
2029019,1
2029147,0
2029148,0
2029157,0
2029465,0
2029758,0
2029814,0
2030851,0
2031260,0
2031380,0
2031405,0
2031511,0
2031735,0
2031930,0
2032299,0
2032722,0
2032748,0
2032795,0
2032816,0
2033016,0
2033083,0
2033216,0
2033382,0
2033929,0
2033950,0
2034038,0
2034119,0
2034283,0
2034297,0
2034447,0
2034453,0
2034583,0
2034772,0
2034787,0
2035165,0
2035302,0
2035531,0
2035983,0
2036093,0
2036101,0
2036383,0
2036554,0
2036575,0
2036777,0
2037191,0
2037343,0
2037418,0
2037500,0
2037513,0
2037600,0
2037612,0
2037775,0
2037999,0
2038041,0
2038088,0
2038336,0
2038360,0
2038747,0
2039251,0
2039296,0
2039599,0
2039880,0
2039981,0
2040085,0
2040180,0
2040215,0
2040296,0
2040341,0
2040421,0
2040426,1
2042071,1
2042212,0
2042220,0
2042294,0
2042391,0
2042747,0
2042817,0
2042883,0
2042911,0
2042934,0
2043080,0
2043381,0
2043653,0
2043732,0
2043943,0
2044136,0
2044506,0
2044580,0
2044647,0
2044694,0
2045134,1
2045166,0
2045382,0
2046055,0
2046083,0
2046196,0
2046209,0
2046305,0
2046522,0
2046660,0
2046733,0
2046815,0
2046931,0
2047288,0
2048124,0
2048232,0
2048361,0
2048451,0
2048522,0
2048666,0
2048793,0
2048940,0
2049510,0
2049943,0
2050134,0
2050430,0
2050431,0
2050661,0
2050677,0
2050963,0
2051195,0
2051278,0
2051351,0
2051397,1
2051402,0
2051483,0
2051614,0
2051741,0
2051753,0
2051838,0
2052187,0
2052241,0
2052326,0
2052332,0
2052417,0
2052457,0
2053087,0
2053140,0
2053196,0
2053249,0
2053542,0
2053701,0
2053991,0
2054585,0
2055020,0
2055164,0
2055212,0
2055605,0
2055646,0
2056042,0
2056105,0
2056137,0
2056182,0
2056355,0
2056449,0
2056533,0
2056579,0
2056816,0
2056929,0
2057057,0
2057269,0
2057630,0
2057702,0
2057749,0
2057757,0
2057786,0
2058086,0
2058239,0
2058250,0
2058289,0
2058330,0
2058628,0
2058811,0
2059016,0
2059264,0
2059794,0
2060054,0
2060094,0
2060161,0
2060525,0
2060528,0
2060617,0
2060697,0
2060701,0
2060782,0
2060954,0
2061260,0
2061944,0
2062091,0
2062258,0
2062279,0
2062283,0
2062594,0
2062750,0
2062765,0
2062815,0
2063089,0
2063419,0
2063478,0
2063497,0
2063631,0
2064500,0
2064572,0
2064960,0
2065606,0
2065840,0
2066153,0
2066158,0
2066461,0
2066467,0
2066480,0
2066510,0
2067326,0
2067460,0
2067783,0
2067911,0
2068601,0
2068889,0
2069086,0
2069345,0
2069352,0
2070323,0
2070402,0
2070505,1
2070527,0
2070714,0
2070847,0
2071564,0
2071577,0
2071583,0
2071678,0
2071729,0
2072539,1
2072583,0
2072768,0
2072813,0
2072975,0
2073061,0
2073163,0
2073403,0
2073501,0
2073566,0
2073700,0
2073832,0
2073919,0
2074055,0
2074388,0
2074402,0
2074506,0
2074774,0
2074835,0
2074868,0
2075130,0
2075468,0
2075772,0
2075815,0
2075843,0
2076458,0
2077829,0
2077930,0
2078204,1
2078590,0
2078907,0
2079021,0
2079053,0
2079569,0
2079722,0
2080180,0
2080484,1
2080817,0
2080943,0
2080976,0
2080993,0
2081005,0
2081069,0
2081226,0
2081227,0
2081534,0
2082260,1
2082401,0
2082465,1
2082482,0
2082498,0
2082568,0
2082777,0
2082780,0
2082856,0
2083371,0
2083505,0
2083705,0
2083748,0
2083751,0
2083969,0
2084175,0
2084460,0
2084465,0
2084621,0
2084705,0
2084921,0
2084971,0
2085000,0
2085556,0
2085743,0
2085802,1
2085867,0
2086314,0
2086398,0
2086766,0
2086863,0
2087336,0
2087624,0
2087891,0
2088182,0
2088315,0
2088483,0
2088500,0
2088726,0
2088767,1
2088929,0
2089122,0
2089533,0
2089843,0
2090085,0
2090350,0
2090585,0
2090590,0
2090591,0
2090899,0
2090963,0
2091658,0
2091666,0
2091861,0
2092053,0
2092100,0
2092164,0
2092758,0
2092787,0
2093032,0
2093060,0
2093285,0
2093294,0
2093319,0
2093444,0
2093513,0
2093602,0
2093776,1
2093883,0
2093997,0
2094364,0
2094368,0
2094508,0
2094536,0
2094561,0
2094670,0
2094901,0
2095134,0
2095234,0
2095413,0
2095468,0
2095469,0
2095559,0
2095580,0
2096356,0
2096449,0
2096878,0
2097315,0
2097584,0
2097704,0
2097764,0
2097884,0
2098044,0
2099063,0
2099184,0
2099242,0
2099286,0
2099526,0
2099555,0
2099835,0
2100197,1
2100669,0
2100869,0
2100879,0
2101521,0
2101544,0
2101804,0
2102095,0
2102391,0
2102531,0
2102613,0
2102770,0
2102943,0
2103152,0
2103203,0
2103494,0
2103506,0
2103514,0
2103738,0
2104156,0
2104207,0
2104461,0
2104741,0
2104868,0
2104928,0
2105070,0
2105156,1
2105180,0
2105511,0
2105638,0
2105767,0
2105965,0
2106223,0
2106592,0
2106643,0
2106682,0
2107001,0
2107435,0
2107473,0
2107519,0
2107980,0
2108220,0
2108580,0
2108646,0
2108690,0
2108869,0
2108883,0
2109002,0
2109106,0
2109197,0
2109487,0
2109599,0
2109691,0
2109723,0
2109895,0
2109916,0
2109920,0
2109923,0
2110074,0
2110086,0
2110552,0
2110600,0
2110658,0
2110729,0
2110767,0
2110949,0
2111014,0
2111105,0
2111235,0
2111367,0
2111416,0
2111786,0
2111905,0
2112014,0
2112076,0
2112357,0
2112736,0
2112955,0
2113512,0
2113544,0
2113729,0
2114532,0
2114839,0
2114961,0
2115216,1
2115274,0
2115629,0
2115745,0
2115826,0
2116370,1
2116434,1
2116594,0
2116684,0
2116759,0
2117375,0
2117378,0
2117390,0
2117397,0
2117473,0
2117528,0
2117673,0
2117738,0
2117740,0
2118194,0
2118232,0
2118320,0
2118376,0
2118823,0
2118842,0
2118849,0
2118851,0
2118984,0
2119006,0
2119031,0
2119134,0
2119197,0
2119211,0
2119454,0
2119558,0
2119630,0
2119669,0
2119848,0
2119882,0
2119955,0
2119958,0
2120173,0
2120315,0
2120429,0
2120459,0
2120532,0
2120610,0
2120649,0
2120884,0
2120923,0
2120925,1
2121428,0
2121474,0
2121642,0
2121710,0
2121856,0
2122003,0
2122014,0
2122394,1
2122436,0
2122454,0
2122704,0
2122791,0
2122848,0
2123044,0
2123178,0
2123322,0
2123350,0
2123444,0
2123618,0
2123648,0
2123782,0
2123861,0
2124054,0
2124232,0
2124535,0
2124623,0
2124662,0
2124702,0
2124748,0
2124848,0
2125081,0
2125227,0
2125293,0
2125348,0
2125452,1
2125471,0
2125554,0
2125573,0
2125684,0
2125698,0
2126217,0
2126409,0
2126486,0
2126602,0
2126979,0
2126986,0
2127066,0
2127067,0
2127174,0
2127234,0
2127467,1
2127945,0
2128174,0
2128213,0
2128454,0
2128510,0
2128746,0
2128803,0
2128943,0
2129096,0
2129449,0
2129457,0
2129670,0
2129680,0
2129918,0
2130060,0
2130343,0
2130372,0
2130437,0
2130513,0
2130760,0
2130907,0
2130991,0
2131025,1
2131117,0
2131153,0
2131257,0
2131261,0
2131457,0
2131588,0
2131611,0
2131832,0
2131900,0
2132024,0
2132037,0
2132168,0
2132477,0
2132605,0
2132635,0
2132885,0
2132925,0
2132948,0
2133158,0
2133511,1
2133525,0
2133529,0
2133708,0
2133714,0
2133776,0
2133778,0
2134012,0
2134093,0
2134112,0
2134308,0
2134692,0
2134739,1
2134921,0
2135094,0
2135364,0
2135462,0
2135526,0
2135546,0
2135781,0
2136025,0
2136049,0
2136074,0
2136136,0
2136311,0
2136717,0
2136774,0
2137037,0
2137043,0
2137044,0
2137063,0
2137119,0
2137126,0
2137148,0
2137201,0
2137237,0
2137241,0
2137258,0
2137809,0
2138184,0
2138303,0
2138590,0
2138759,0
2138956,0
2139234,0
2139961,0
2140041,0
2140053,0
2140172,0
2140242,0
2140485,0
2140690,0
2140694,1
2140784,0
2140812,0
2141044,0
2141114,0
2141195,0
2141353,0
2141463,0
2141698,0
2141720,0
2141867,0
2142060,0
2142067,1
2142442,0
2142452,0
2142470,0
2142501,0
2142554,0
2143101,0
2143117,0
2143204,0
2143651,0
2143723,0
2144209,0
2144218,0
2144354,0
2144526,0
2144555,0
2144888,0
2144960,0
2145042,0
2145101,0
2145252,0
2145421,0
2145520,0
2145729,0
2145856,0
2146176,0
2146365,1
2146413,0
2146492,0
2146527,0
2146768,0
2146934,0
2146995,0
2147026,0
2147041,0
2147831,0
2148030,0
2148440,0
2148683,0
2148896,0
2149390,0
2149417,0
2149517,1
2149779,0
2149875,0
2149877,0
2150170,0
2150302,0
2150371,0
2150427,0
2150533,0
2150583,0
2150601,0
2150724,0
2150833,0
2151096,0
2151203,0
2151279,0
2151320,0
2151675,0
2151753,0
2152072,0
2152242,0
2152299,0
2152327,0
2152379,0
2152439,0
2152470,0
2152534,0
2152700,0
2152897,0
2152980,0
2153461,0
2153563,0
2153565,0
2153833,0
2154717,0
2154835,0
2154852,0
2155107,1
2155664,1
2155688,0
2155811,0
2155912,0
2156576,0
2156593,0
2156748,0
2156789,0
2156814,0
2156835,0
2156902,0
2157068,0
2157130,0
2157491,0
2157737,0
2157780,0
2157845,0
2157880,0
2157976,0
2158366,0
2158438,0
2158561,0
2158708,0
2158892,0
2158956,0
2159218,0
2159630,0
2159834,0
2160273,0
2160361,0
2160442,0
2160519,0
2160567,0
2160573,0
2160752,0
2160800,0
2161036,0
2161226,0
2161313,0
2161354,0
2161613,0
2161717,0
2161795,0
2161879,1
2162057,0
2162061,0
2162327,0
2162434,0
2162469,0
2162497,0
2162526,0
2162716,0
2162725,0
2163060,0
2163065,0
2163193,0
2163249,0
2163256,0
2163463,0
2163780,0
2163895,0
2164221,0
2164457,0
2164699,0
2164771,0
2165220,0
2165297,0
2165384,0
2165646,0
2165844,0
2166073,0
2166078,0
2166510,0
2166759,0
2166986,0
2167170,0
2167268,0
2167471,0
2167731,0
2167732,0
2167905,0
2167947,0
2168003,0
2168167,0
2168197,0
2168208,0
2168220,0
2168434,0
2168758,0
2168919,0
2168983,0
2169369,0
2169458,0
2169784,0
2169902,0
2169963,0
2170090,0
2170091,0
2170332,0
2170334,0
2170769,0
2170887,0
2171169,0
2171175,0
2171182,0
2171267,0
2171461,0
2171486,0
2171629,0
2172033,0
2172041,0
2172062,0
2172733,0
2172862,0
2173317,0
2173329,0
2174325,0
2174327,0
2174364,0
2174769,0
2175090,0
2175134,0
2175403,0
2175446,0
2175560,0
2175608,0
2175695,0
2175749,0
2175881,0
2175921,0
2176084,0
2176122,0
2176763,0
2176951,0
2177865,0
2178299,0
2178596,0
2178855,0
2178970,1
2179127,0
2179404,0
2179933,0
2180108,0
2180110,0
2180132,0
2180268,0
2180374,0
2180504,0
2180631,0
2180671,0
2180680,0
2180846,0
2180915,0
2180960,0
2181165,0
2181349,0
2181552,0
2181813,0
2182034,0
2182092,0
2182372,0
2182438,0
2182942,0
2182968,0
2183203,0
2183300,0
2183309,0
2183626,0
2183698,0
2184001,0
2184393,0
2184605,0
2185029,0
2185229,0
2185720,0
2185935,0
2186080,0
2186120,0
2186376,0
2186549,0
2186610,0
2186950,0
2187032,0
2187621,0
2187713,0
2187787,0
2187886,0
2187978,0
2188142,0
2188256,0
2188275,0
2188430,0
2188832,0
2188869,0
2188959,0
2189224,0
2189355,0
2189389,0
2189742,0
2189794,0
2189911,0
2189949,0
2190090,1
2190174,1
2190370,0
2190424,0
2190441,1
2190522,0
2190620,0
2190684,0
2191064,0
2191113,0
2191396,0
2191419,0
2191741,0
2191861,0
2191900,0
2191990,0
2192058,0
2192135,0
2192291,0
2192443,0
2192682,0
2192954,0
2192957,0
2193009,0
2193515,0
2193618,0
2193787,0
2193953,0
2194275,0
2194322,0
2194458,0
2194536,0
2194603,0
2194792,0
2194831,0
2194855,0
2194884,0
2194999,0
2195239,0
2195536,0
2195637,1
2195762,0
2196005,0
2196264,0
2196356,0
2196623,0
2197183,0
2197263,0
2197282,0
2197380,0
2197397,0
2197507,0
2197629,0
2197929,0
2197975,0
2198236,0
2198352,0
2198550,0
2198599,0
2199041,0
2199066,0
2199145,0
2199253,0
2199332,0
2199344,1
2199359,0
2199466,0
2199758,0
2200129,0
2200402,0
2200403,0
2200517,0
2200522,0
2200544,0
2200615,0
2200888,0
2201154,0
2201168,0
2201442,0
2201468,0
2201592,0
2201607,0
2201608,0
2201691,0
2201753,0
2201808,0
2201943,0
2201983,0
2202052,0
2202117,0
2202225,0
2202241,0
2202317,0
2202346,0
2202389,0
2202537,0
2202576,0
2202592,0
2202685,0
2203044,0
2203058,0
2203134,0
2203180,0
2203436,0
2203595,0
2203756,0
2204257,0
2204271,0
2204333,0
2204476,0
2204526,0
2204586,0
2204891,0
2204984,1
2204991,0
2205071,1
2205697,0
2205752,0
2206043,0
2206089,0
2206359,0
2206402,1
2206428,0
2206923,0
2207219,0
2207384,0
2207658,0
2207875,0
2208102,0
2208402,0
2208440,0
2208452,0
2208515,1
2208554,0
2208609,0
2208673,0
2208743,0
2208873,0
2208913,0
2208952,0
2208955,0
2208964,0
2209317,0
2209390,0
2209431,0
2209518,0
2209636,1
2209743,0
2210208,0
2210209,0
2210401,0
2210402,0
2210638,0
2210994,0
2211002,1
2211331,0
2211338,0
2211729,0
2212098,1
2212233,0
2212498,0
2212917,0
2212984,0
2213157,0
2213318,0
2213352,0
2213458,0
2213544,0
2213698,0
2214104,0
2214144,0
2214149,0
2214160,0
2214894,0
2215005,0
2215028,0
2215160,0
2215218,0
2215253,0
2215605,0
2215998,0
2216021,0
2216032,0
2216237,0
2216310,0
2216334,0
2216595,0
2216785,0
2216987,0
2216994,1
2217126,0
2217146,0
2217224,0
2217236,0
2217409,0
2217698,0
2218187,0
2218827,0
2219062,0
2219334,0
2219372,1
2219429,0
2219449,0
2219606,1
2219794,0
2220289,0
2220299,1
2220370,0
2220466,0
2220475,0
2220553,0
2220640,0
2220851,0
2220935,0
2221268,0
2221370,0
2221440,0
2221544,0
2221634,0
2221724,0
2221885,0
2222278,0
2222379,0
2222453,0
2222555,0
2222588,0
2222632,0
2222709,0
2222904,0
2223154,0
2223224,0
2223233,0
2223237,0
2223300,0
2223385,0
2223410,0
2223668,0
2223886,0
2224152,0
2224500,0
2224637,0
2224766,1
2224796,0
2225152,0
2225330,0
2226049,0
2226161,0
2226502,0
2226548,0
2226688,0
2226717,0
2226852,0
2226873,0
2226974,0
2227009,1
2227084,0
2227464,0
2227497,0
2227567,0
2227764,0
2227808,0
2227902,0
2228367,0
2228420,0
2228530,0
2228587,0
2228755,0
2228844,0
2228896,0
2228977,1
2229041,0
2229391,1
2229416,0
2229705,0
2230268,0
2230353,0
2230433,0
2230440,0
2230555,0
2230646,1
2230702,0
2230813,0
2231008,0
2231009,0
2232103,0
2232112,0
2232246,0
2232364,1
2232666,0
2232709,0
2232804,0
2232872,0
2232920,0
2232950,0
2233067,0
2233292,0
2233475,0
2233497,0
2233548,0
2233726,0
2233772,0
2233842,0
2233913,0
2234039,0
2234373,0
2234511,0
2234585,0
2234718,0
2235011,0
2235073,0
2235243,0
2235338,0
2235868,0
2236082,0
2236247,0
2236267,0
2236317,0
2236750,1
2236823,0
2236869,0
2236875,0
2237080,0
2237469,0
2237622,0
2237635,0
2237736,0
2237772,0
2237821,0
2237825,0
2238078,0
2238846,0
2238849,0
2238929,0
2239121,0
2239247,0
2239332,0
2239337,0
2239362,0
2239439,0
2239661,0
2240046,0
2240065,0
2240087,1
2240180,0
2240195,0
2240257,0
2240282,0
2240317,0
2240658,0
2240811,0
2240852,0
2241041,0
2241124,0
2241182,0
2242117,0
2242192,0
2242242,0
2242258,0
2242585,0
2242811,1
2242882,0
2243186,0
2243356,0
2243381,0
2243872,0
2244058,0
2244070,0
2244540,0
2244558,0
2244619,0
2245293,0
2245310,0
2245346,0
2245573,0
2245790,0
2245794,0
2245977,0
2246105,0
2246370,0
2246474,0
2246681,0
2246731,0
2247002,0
2247032,0
2247057,0
2247356,0
2247618,0
2247645,0
2247688,0
2247700,0
2247894,0
2248325,0
2248338,0
2248402,0
2248495,0
2249150,0
2249294,0
2249918,0
2250028,0
2250371,0
2250398,0
2250596,0
2250667,0
2250897,1
2250929,1
2250950,0
2251117,0
2251345,0
2251509,0
2251835,0
2252089,0
2252168,0
2252390,0
2253135,0
2253155,0
2253364,0
2253726,0
2253759,0
2253995,0
2254073,0
2254510,0
2254775,0
2255276,0
2255293,0
2255402,0
2255414,0
2255937,0
2256014,0
2256106,0
2256293,0
2256324,0
2256339,0
2256625,0
2256930,0
2257047,0
2257198,0
2257204,0
2257211,0
2257226,0
2257336,0
2257338,0
2257540,0
2257644,0
2257935,1
2258030,0
2258243,0
2258425,0
2258646,0
2258648,0
2258898,0
2259265,0
2259311,0
2259664,0
2259715,0
2259857,0
2259936,0
2260048,0
2260324,0
2260390,0
2260408,0
2260795,0
2260819,0
2261239,0
2261397,1
2261704,0
2261772,0
2261859,0
2261965,0
2261966,0
2261999,0
2262727,0
2262947,0
2262958,0
2263463,0
2263633,0
2263842,0
2264102,0
2264201,0
2264302,0
2264396,0
2264523,0
2264900,0
2264990,0
2265120,0
2265274,0
2265605,0
2265830,0
2265943,0
2266197,0
2266387,0
2266690,0
2266725,0
2266904,0
2267199,0
2267212,0
2267421,0
2267629,1
2267660,0
2267750,0
2267857,0
2267898,0
2268030,0
2268201,0
2268355,0
2268538,0
2268585,0
2268644,0
2269042,0
2269086,0
2269489,0
2269528,0
2269794,0
2269803,0
2269846,0
2270059,0
2270446,0
2270469,0
2270579,0
2270828,0
2270904,0
2270945,0
2271269,0
2271582,0
2271655,1
2271730,0
2271944,0
2271985,0
2272018,0
2272239,0
2272601,0
2272971,0
2273232,0
2273440,0
2273471,0
2273534,0
2273557,0
2273558,0
2273686,0
2273736,0
2273812,0
2273913,0
2273945,0
2274026,0
2274202,0
2274351,0
2274845,0
2275031,0
2275033,0
2275135,0
2275235,0
2275392,0
2275404,0
2275407,0
2275478,0
2275605,0
2275628,0
2275872,0
2275996,0
2276291,0
2276415,0
2276523,0
2276770,0
2276868,0
2276902,0
2277024,0
2277175,0
2277232,0
2277267,0
2277546,0
2277691,0
2277955,0
2278176,0
2278294,0
2278402,0
2278656,0
2278770,0
2278771,0
2278792,0
2278847,0
2278849,0
2279135,0
2279171,0
2279287,0
2279478,0
2279482,0
2279544,0
2279789,0
2280083,0
2280129,0
2280148,0
2280273,0
2280325,0
2280400,0
2280431,0
2280686,0
2280740,0
2280980,0
2281056,0
2281078,0
2281178,0
2281255,1
2281260,0
2281462,0
2281567,0
2281645,0
2282020,0
2282142,0
2282676,0
2282835,0
2282861,0
2283022,0
2283128,0
2283299,0
2283498,0
2283558,0
2283672,0
2283691,0
2284039,0
2284257,1
2284627,0
2284842,0
2284899,0
2284921,0
2284944,0
2285794,0
2285805,0
2286170,0
2286266,1
2286780,0
2286878,0
2287334,0
2287371,0
2287464,0
2287618,0
2287703,0
2287719,0
2288168,0
2288169,0
2288188,1
2288909,0
2288926,0
2288937,0
2289023,0
2289138,0
2289266,0
2289507,0
2289590,0
2289679,0
2289691,0
2289737,0
2290401,0
2290423,0
2290467,0
2290479,0
2290875,0
2290920,0
2291286,0
2291385,0
2291568,0
2291677,0
2291724,0
2292046,0
2292115,0
2292185,0
2292325,1
2292358,0
2292362,0
2292417,0
2292511,0
2292553,0
2292560,0
2292663,0
2292731,0
2292738,0
2292965,0
2293186,0
2293189,0
2293195,0
2293229,0
2293244,0
2294300,0
2294450,0
2294462,0
2294489,0
2294659,0
2294835,0
2295048,0
2295066,0
2295219,0
2295415,0
2295791,0
2295805,0
2295951,0
2296027,0
2296087,0
2296673,0
2296990,0
2297276,0
2297506,0
2297600,0
2297621,0
2297627,0
2297635,0
2297742,0
2297944,0
2298184,1
2299682,0
2299818,0
2299870,0
2299895,0
2299932,0
2301124,0
2301675,0
2301783,0
2301840,0
2302049,0
2302148,0
2302159,1
2302180,0
2302212,0
2302315,0
2302338,0
2302379,0
2302448,0
2302484,0
2302676,0
2302973,0
2303137,0
2303432,0
2303485,0
2304099,0
2304273,0
2304277,0
2304324,0
2304536,0
2304840,0
2304880,0
2304975,0
2305721,0
2305856,0
2305865,0
2305968,0
2306041,0
2306180,0
2306243,0
2306348,0
2306561,0
2306840,0
2306908,0
2306995,0
2307134,0
2307158,0
2307210,0
2307261,0
2307274,0
2307709,0
2307787,0
2308018,0
2308239,0
2308517,0
2309663,0
2311390,0
2311632,0
2311685,0
2311727,0
2311748,0
2312153,0
2312206,0
2312214,0
2312248,0
2312556,0
2312806,0
2312856,0
2312900,0
2313163,0
2313358,0
2313420,0
2313434,0
2313514,0
2313745,0
2314095,0
2314173,0
2314207,0
2314470,0
2314515,0
2314573,0
2315124,0
2315219,0
2315295,0
2315329,0
2315387,0
2316023,0
2316072,0
2316107,0
2316269,0
2316397,0
2316472,0
2316673,0
2316760,0
2316795,1
2317006,0
2317175,0
2317278,0
2317315,0
2317350,0
2317859,0
2318100,0
2318121,1
2318156,0
2318396,0
2318616,0
2318786,0
2318827,0
2319112,0
2319141,0
2319175,0
2319231,0
2319720,0
2319722,0
2319762,0
2319917,0
2319950,0
2319993,0
2320018,0
2320517,0
2321040,0
2321388,0
2321404,0
2321446,0
2321659,0
2321796,0
2322201,0
2322285,0
2322666,0
2323101,0
2323270,0
2323359,0
2323527,0
2323879,0
2323910,0
2324167,0
2324283,0
2324593,0
2324627,0
2324768,0
2324800,0
2324966,0
2325084,0
2325307,0
2325367,0
2325600,0
2325915,0
2325974,0
2325994,0
2326490,0
2326542,0
2326680,1
2326903,0
2326926,0
2326927,0
2326986,0
2327104,0
2327430,0
2327449,0
2327530,0
2327884,0
2327949,0
2328126,1
2328236,0
2328377,0
2328518,0
2328780,0
2328795,0
2328900,0
2328994,0
2329024,0
2329067,0
2329303,0
2329749,0
2329769,0
2329791,0
2330047,1
2330451,1
2330725,0
2330816,0
2330857,0
2330935,0
2331110,0
2331213,0
2331260,0
2331271,0
2331479,0
2331887,0
2331924,0
2332066,1
2332152,0
2332501,0
2332517,0
2332575,0
2332657,0
2332751,0
2332831,0
2333003,0
2333196,0
2333217,0
2333341,0
2333353,0
2333435,0
2333541,0
2333661,0
2333810,0
2334061,0
2334108,0
2334349,0
2334453,0
2334760,0
2335201,1
2335287,0
2335415,0
2335780,1
2335906,0
2336365,0
2336476,0
2336501,0
2336758,0
2336802,0
2336941,1
2337213,0
2337294,0
2337343,0
2337401,0
2337435,0
2337651,0
2337700,0
2337805,0
2337814,0
2337896,0
2337919,0
2337970,0
2338043,0
2338166,0
2338660,0
2338669,0
2338738,0
2338785,0
2339166,0
2339247,0
2339301,0
2339310,0
2339421,0
2339532,0
2339745,0
2340150,0
2340191,0
2340295,0
2340701,0
2340767,0
2341140,0
2341374,0
2341515,0
2341891,0
2342094,0
2342124,0
2342195,0
2342394,0
2342558,0
2342710,0
2342859,0
2343447,0
2343652,0
2343960,0
2344436,0
2344711,0
2345355,0
2345403,0
2345414,0
2345588,0
2345874,0
2346326,0
2346340,0
2346483,0
2346886,0
2347294,0
2348145,0
2348243,0
2348261,0
2348401,1
2348427,0
2348440,0
2348550,0
2348562,0
2348657,1
2348687,0
2348807,0
2349074,0
2349336,0
2349383,0
2349447,0
2349570,0
2349612,0
2349835,0
2349861,0
2349962,0
2350023,0
2350040,0
2350046,0
2350066,0
2350179,0
2350437,0
2350440,0
2351017,0
2351123,0
2351129,0
2351178,0
2351207,0
2351354,0
2351356,0
2351372,0
2351424,0
2351505,0
2351520,0
2351553,0
2351748,0
2351853,0
2351916,0
2351932,0
2352011,0
2352166,0
2352216,0
2352270,0
2352394,0
2352421,0
2352533,0
2352581,0
2352684,0
2352710,0
2353055,0
2353619,0
2353666,0
2353801,1
2354198,0
2354351,0
2354547,0
2354550,0
2354616,0
2354669,0
2354769,0
2354935,0
2355153,0
2355244,0
2355263,0
2355641,0
2355732,1
2355792,0
2355829,0
2355953,0
2355982,0
2356069,0
2356167,0
2356241,0
2356256,0
2356411,0
2356413,0
2356529,0
2356602,0
2356724,0
2356801,0
2357041,0
2357143,0
2357298,0
2357473,0
2357788,0
2357849,0
2358682,0
2358795,1
2359010,0
2359064,0
2359525,0
2359690,0
2360059,0
2360103,0
2360190,0
2360215,0
2360290,0
2360483,0
2360961,0
2361629,1
2361857,0
2361861,0
2362407,0
2362429,0
2362566,0
2362990,0
2363051,1
2363212,0
2363311,0
2363380,0
2363956,0
2364082,0
2364215,0
2364513,0
2364840,0
2364885,0
2365148,0
2365176,0
2365376,0
2365389,0
2365456,0
2365460,0
2365847,0
2365874,0
2365953,1
2366037,0
2366234,0
2366821,0
2366846,0
2367007,0
2367047,0
2367055,0
2367174,1
2367200,0
2367450,0
2367467,0
2367685,0
2367749,1
2367788,0
2367832,0
2367969,0
2368009,0
2368108,0
2368534,0
2368619,0
2368668,0
2369346,0
2369387,0
2369450,0
2369755,0
2370012,0
2370056,0
2370263,0
2370357,0
2370428,0
2370498,0
2370556,0
2370898,0
2370955,0
2371156,0
2371338,0
2371487,0
2371537,0
2372314,0
2372572,0
2372604,0
2372794,0
2372907,1
2373100,1
2373468,0
2374123,0
2375457,0
2375549,0
2375870,0
2375926,0
2376155,0
2376723,0
2376729,0
2376764,0
2377136,0
2377197,0
2377252,0
2377600,0
2377776,0
2378179,0
2378207,0
2378237,0
2378568,0
2378653,0
2378828,0
2379029,0
2379158,0
2379190,0
2379355,0
2379447,0
2379820,0
2379984,0
2380044,0
2380280,0
2380352,0
2380412,0
2380475,0
2380489,0
2380525,0
2380688,0
2380780,0
2380865,0
2381051,0
2381132,0
2381404,0
2381652,0
2381903,0
2381923,0
2382231,0
2382298,0
2382464,0
2383206,0
2383475,0
2383773,0
2383805,0
2383827,0
2384164,0
2384420,0
2384704,0
2384801,0
2384897,1
2384993,0
2385006,0
2385335,0
2385344,0
2385528,0
2386043,0
2386370,0
2386430,0
2386494,0
2387303,0
2387563,0
2388173,0
2388187,0
2388518,0
2388707,0
2389081,0
2389091,0
2389094,0
2389100,0
2389146,0
2389642,0
2389693,0
2389899,0
2390093,0
2390246,0
2390323,0
2390403,0
2390654,0
2390753,0
2391251,0
2391321,0
2391624,0
2391726,1
2391764,0
2392147,0
2392246,0
2392497,0
2392683,0
2393198,0
2393281,0
2393665,0
2393934,0
2394145,0
2394187,0
2394636,0
2394736,0
2394799,0
2395160,0
2395274,0
2395463,0
2395640,1
2395649,0
2396392,0
2396670,0
2396690,0
2396970,0
2397046,0
2397291,0
2397462,0
2397562,0
2397856,0
2398129,0
2398462,0
2398568,0
2398651,0
2398685,0
2399171,0
2399285,0
2399395,0
2399833,0
2399965,0
2400168,0
2400620,0
2400625,0
2400631,0
2401101,0
2401146,0
2401372,0
2401825,0
2401937,0
2402004,0
2402016,0
2402106,0
2403248,0
2403330,0
2403373,0
2403472,0
2403504,0
2404208,0
2404220,0
2405172,0
2405262,0
2405263,0
2405306,0
2405371,1
2405952,0
2406151,0
2406212,0
2406687,0
2406759,0
2406775,0
2406782,0
2406919,0
2407445,0
2407541,0
2407648,0
2407791,0
2407947,0
2408293,0
2408944,0
2409193,0
2409274,0
2409332,0
2409416,0
2409477,0
2409597,0
2409599,0
2409646,0
2409775,0
2409851,0
2409900,0
2409989,0
2410295,0
2410326,0
2410569,0
2410584,0
2410774,0
2410856,0
2411092,0
2411115,0
2411518,0
2411775,0
2412116,0
2412191,0
2412326,0
2412506,0
2413064,0
2413080,0
2413085,0
2413168,0
2413184,1
2413238,0
2413296,0
2413359,0
2413508,0
2413525,0
2413768,0
2414136,0
2414151,0
2414337,0
2414473,1
2415783,0
2416111,0
2416234,0
2416261,0
2416467,0
2416938,0
2417015,0
2417177,0
2417285,0
2417308,0
2417784,0
2417997,0
2418249,0
2418484,0
2418694,0
2419038,0
2419095,0
2419150,0
2419334,0
2419344,0
2419352,0
2419357,0
2419376,0
2419474,0
2419586,0
2419725,0
2420384,0
2420656,0
2420800,0
2420911,0
2421192,1
2421296,0
2421338,0
2421467,0
2421548,0
2421646,0
2421920,0
2422058,0
2422157,0
2422292,0
2422338,0
2422470,0
2422619,0
2422843,0
2422919,0
2423126,0
2423138,0
2423311,0
2423458,0
2423466,0
2423610,0
2423611,0
2423748,0
2423799,0
2423809,0
2423868,0
2423974,0
2424007,0
2424358,0
2424395,0
2424560,0
2424628,0
2424702,0
2424895,0
2424916,0
2425029,0
2425060,0
2425377,0
2425520,0
2425602,0
2425908,0
2426028,0
2426065,0
2426186,0
2426374,0
2426379,1
2426437,0
2426478,0
2426610,0
2426663,0
2426771,1
2427005,0
2427167,0
2427336,0
2427479,0
2427481,0
2427562,1
2427686,0
2427739,1
2427743,0
2428326,0
2428424,0
2428561,0
2428714,0
2428910,0
2428992,0
2429378,0
2429844,1
2430051,0
2430435,0
2431180,0
2431341,0
2431408,0
2431543,0
2431616,0
2431730,0
2432089,0
2432157,0
2432237,0
2432379,0
2432435,0
2432640,0
2432781,0
2432824,0
2432884,0
2432986,0
2433121,0
2433206,0
2433592,0
2433689,0
2433820,0
2434452,0
2434581,0
2434643,0
2434656,0
2434806,0
2434810,0
2434913,0
2435122,0
2435202,0
2435474,0
2435492,0
2435983,0
2436006,0
2436097,0
2436253,0
2436423,0
2436526,0
2436544,0
2436916,0
2436992,0
2437313,0
2437337,0
2437509,0
2437624,0
2437897,0
2438002,0
2438109,0
2438349,1
2438470,0
2438486,0
2438779,0
2439029,0
2439239,0
2439936,0
2440058,0
2440304,0
2440416,0
2440442,0
2440491,0
2440519,0
2440796,0
2440854,0
2440875,0
2440937,0
2441253,0
2441539,0
2441584,0
2441636,0
2442113,0
2442420,1
2442488,0
2442566,0
2442612,0
2442694,0
2442711,0
2442813,0
2442941,0
2443593,0
2443963,0
2444147,0
2444344,0
2444362,0
2444414,0
2444753,0
2444961,0
2444994,0
2445022,0
2445279,0
2445457,0
2445502,0
2445836,0
2445927,0
2445970,0
2446061,0
2446206,0
2446341,0
2446358,0
2446545,0
2446628,0
2446955,0
2446959,0
2447055,0
2447094,0
2447112,0
2447276,1
2447313,0
2447406,0
2447661,0
2447975,0
2447991,1
2448142,0
2448212,0
2448265,0
2448622,0
2448682,0
2449088,0
2449371,0
2449486,0
2449783,0
2450432,0
2450485,0
2450502,0
2450569,0
2450662,1
2450727,0
2450755,0
2450855,0
2451229,0
2451280,0
2451391,0
2451644,0
2451706,0
2451735,0
2451950,0
2452098,0
2452380,0
2452435,0
2452444,0
2452608,0
2452623,0
2452675,0
2452705,0
2453033,0
2453131,0
2453211,0
2453358,0
2453409,0
2453444,0
2453608,0
2453705,0
2453713,0
2453787,1
2453870,0
2454221,1
2454246,0
2454400,0
2454847,0
2455146,1
2455176,1
2455220,0
2455247,0
2455300,0
2455351,0
2455946,0
2456178,0
2456716,0
2457011,0
2457259,0
2457299,0
2457363,0
2457404,0
2457531,0
2457910,0
2458013,0
2458081,0
2458192,0
2458230,0
2458246,0
2458298,0
2458393,0
2459036,0
2459047,1
2459072,0
2459663,0
2459905,0
2460136,0
2460285,0
2460683,0
2460774,0
2461188,1
2461315,0
2461319,0
2461345,0
2461583,0
2461690,0
2461964,0
2461976,0
2462022,0
2462073,1
2462246,0
2462318,0
2462337,0
2462912,0
2463196,0
2463548,0
2463739,0
2463761,0
2464025,0
2464057,0
2464143,0
2464230,0
2465699,0
2465789,0
2465996,0
2466872,0
2466895,0
2466922,0
2467015,0
2467266,0
2467298,0
2467420,0
2467544,0
2467610,0
2467728,0
2467782,0
2467903,0
2467947,0
2468216,0
2468417,0
2468720,0
2468864,0
2468989,0
2469065,0
2469076,0
2469079,0
2469290,0
2469318,0
2469584,1
2469700,0
2470138,0
2470244,0
2470359,1
2470455,0
2470521,0
2470705,0
2470930,0
2471242,0
2471387,0
2471641,0
2471897,0
2472117,0
2472536,0
2472991,0
2473309,0
2473365,0
2473797,0
2473884,0
2473892,0
2473901,0
2474074,0
2474123,0
2474142,0
2474473,0
2474846,0
2474849,0
2474973,0
2475057,0
2475072,0
2475202,0
2475285,0
2475304,0
2475418,0
2475430,0
2475524,0
2475527,0
2476474,0
2476482,0
2477557,0
2477573,0
2477709,0
2477965,0
2478693,0
2478986,0
2479420,0
2479575,0
2479773,0
2479940,0
2480161,0
2480181,0
2480381,0
2480493,0
2480512,0
2480562,0
2480700,0
2480899,0
2480973,0
2481009,0
2481135,0
2481208,0
2481416,0
2481437,0
2481480,0
2481638,0
2481828,0
2481942,0
2482029,0
2482168,0
2482216,0
2482309,0
2482394,0
2482473,0
2482628,0
2482926,0
2482999,0
2483039,0
2483286,0
2483423,1
2483630,0
2483761,0
2483797,0
2483803,0
2484263,0
2484342,0
2484579,1
2484600,0
2484686,0
2484807,0
2484868,0
2484943,0
2485166,0
2485541,1
2485561,0
2485752,0
2486213,0
2486491,0
2486722,0
2486723,0
2486761,0
2487021,0
2487145,0
2487605,0
2487937,0
2488155,0
2488241,0
2488436,0
2488468,0
2488587,0
2488907,0
2488925,0
2489009,0
2489176,0
2489180,0
2489260,0
2489420,0
2489434,0
2489537,0
2489661,0
2490086,0
2490251,0
2490325,0
2490357,0
2490734,0
2490749,0
2490849,0
2490996,0
2491107,0
2491157,0
2491283,0
2492081,0
2492334,0
2492792,0
2492856,0
2492936,0
2493046,0
2493274,0
2493285,0
2493294,0
2493297,0
2493862,0
2494125,0
2494423,0
2494858,0
2495460,0
2495489,0
2495495,0
2496025,0
2496186,0
2496339,0
2496342,0
2496415,0
2496461,0
2496471,0
2496871,0
2497499,0
2497941,0
2498796,0
2498870,0
2498948,0
2499026,0
2499527,0
2499699,0
2499900,0
2500011,0
2500292,0
2500780,0
2500786,0
2500863,0
2500879,0
2501022,1
2501130,0
2501190,0
2501618,0
2501701,0
2501856,0
2502063,0
2502146,0
2502172,0
2502239,0
2502477,0
2502478,0
2502561,0
2502710,0
2502749,0
2503019,0
2503046,0
2503156,0
2503233,0
2503667,0
2503682,0
2503919,0
2504024,0
2504215,0
2504327,0
2504354,0
2504716,0
2504836,0
2504873,0
2505007,0
2505504,0
2505580,0
2505621,0
2505838,0
2505871,0
2505945,0
2506407,0
2506449,0
2506525,0
2506664,0
2506707,0
2507085,0
2507302,0
2507786,0
2507834,0
2507870,0
2507878,0
2507899,0
2508378,0
2508616,0
2508814,0
2508970,0
2509040,0
2509097,0
2509183,0
2510037,0
2510136,0
2510142,0
2510235,0
2510414,0
2510745,0
2510782,0
2510838,0
2510974,0
2511142,0
2511347,0
2511684,1
2511694,0
2511881,0
2511894,1
2512523,0
2512857,0
2512980,0
2513200,0
2513435,0
2513612,0
2513820,0
2513953,0
2513977,0
2514026,0
2514452,0
2514478,0
2514541,0
2514558,0
2514650,0
2514747,0
2515063,0
2515208,0
2515265,0
2515376,0
2515408,0
2515444,0
2515689,0
2515726,0
2515769,1
2515772,0
2515842,0
2515908,0
2515954,0
2516182,0
2516271,0
2516428,1
2516504,0
2516652,0
2517203,0
2517363,0
2517470,0
2517590,0
2517929,0
2518552,0
2518574,1
2518726,0
2518812,0
2518857,0
2519004,0
2519139,0
2519277,0
2519427,0
2519483,0
2519884,0
2520504,0
2520783,0
2520795,0
2520842,0
2521116,0
2521119,0
2521134,0
2521189,0
2521192,0
2521351,0
2521356,0
2522311,0
2523210,0
2523213,0
2523800,0
2524619,0
2525167,0
2525409,0
2525739,0
2525817,0
2525820,1
2526191,0
2526344,0
2526565,0
2526609,0
2526926,0
2527084,0
2527517,0
2527907,0
2527978,0
2528009,0
2528770,0
2529119,0
2529197,0
2529444,0
2529482,0
2529499,0
2529573,0
2529672,1
2529716,0
2530163,0
2530200,0
2530681,0
2530749,0
2531252,0
2531300,0
2531471,0
2531762,0
2531855,0
2531904,0
2532102,1
2532153,0
2532164,0
2532170,0
2532185,0
2532815,0
2532927,0
2533060,0
2533092,0
2533251,0
2533255,0
2533439,0
2533619,0
2533675,0
2533856,0
2534159,0
2534621,0
2534784,0
2535478,0
2535794,0
2535919,0
2536181,0
2536414,0
2536948,0
2536969,0
2537052,0
2537361,0
2537413,0
2537486,0
2537621,0
2537754,0
2538288,0
2538388,0
2538692,0
2538774,0
2539012,0
2539051,0
2539052,0
2539053,0
2539140,0
2539233,0
2539791,0
2539964,1
2540210,0
2540564,0
2540843,0
2541430,0
2541495,0
2541501,0
2541566,0
2541676,0
2541721,0
2541931,0
2542074,0
2542353,0
2542416,0
2542652,0
2543123,0
2543812,0
2543839,0
2544032,0
2544291,0
2544458,0
2544688,0
2544696,0
2544752,0
2544783,0
2545029,0
2545056,0
2545197,0
2545804,0
2545872,0
2546005,0
2546232,0
2546328,0
2546655,0
2546695,0
2546806,0
2546863,0
2546871,0
2547064,0
2547068,0
2547142,0
2547953,0
2547972,0
2547995,1
2548079,0
2548140,1
2548556,0
2548699,0
2548825,0
2548852,0
2548957,0
2549088,0
2549301,0
2549822,0
2550307,0
2550534,0
2550572,0
2551170,0
2551337,0
2551468,0
2552015,0
2552214,0
2552353,0
2552522,0
2552975,0
2553301,0
2553313,0
2553427,0
2553450,0
2553525,1
2553638,0
2553755,0
2553816,0
2554381,0
2554520,0
2554720,0
2555239,0
2555343,0
2555403,0
2555735,0
2555794,0
2556065,0
2556222,0
2556418,0
2556539,0
2556698,0
2556913,0
2556922,0
2556960,0
2557100,0
2558028,0
2558063,0
2558585,0
2558711,0
2558719,0
2559145,0
2559261,0
2559752,0
2560349,0
2560816,0
2561044,0
2561971,0
2563351,0
2563870,0
2563986,0
2564527,0
2564700,0
2564841,0
2565566,0
2565857,0
2565875,0
2566405,0
2567094,0
2567130,0
2567515,0
2567536,0
2567708,0
2568344,0
2568610,0
2568725,0
2568928,0
2569014,0
2569157,0
2569161,0
2569352,0
2569547,0
2569593,0
2569633,0
2569643,0
2570746,0
2570750,0
2570986,0
2571061,0
2571188,0
2571339,0
2571454,0
2571989,0
2572208,1
2572286,0
2572419,0
2572526,0
2572533,0
2573429,0
2574471,0
2574478,1
2574627,0
2574763,0
2574823,0
2574834,0
2574858,0
2575066,0
2575171,0
2575276,0
2575512,0
2576598,0
2576603,1
2576661,0
2577373,0
2577638,0
2578177,0
2578287,0
2578316,0
2578341,0
2578378,1
2579037,0
2579171,0
2579218,0
2579246,0
2579356,0
2580113,0
2580187,0
2580439,0
2581123,0
2581281,0
2591233,0
875,0
1593,0
1791,0
2328,0
2731,0
2820,1
2880,0
2972,0
3147,0
3174,0
3377,0
3982,1
4145,0
4329,0
4874,0
6413,0
7474,0
7615,0
7713,0
7792,0
8083,0
8456,0
8577,0
8909,0
9015,0
9283,0
9600,0
9726,0
9892,0
10275,0
10857,0
10963,0
11267,0
11607,0
12436,0
12660,0
13116,0
13137,0
13164,0
13250,0
13523,0
13920,0
14308,0
14598,0
14678,0
14960,0
15028,0
15235,0
15486,0
15520,0
15692,0
16696,0
16965,0
17853,0
18102,0
18394,0
18473,0
18894,0
19058,0
19571,0
20438,0
20536,0
20669,0
20670,0
21220,0
21320,0
21702,0
22338,0
22519,0
22933,0
23400,0
23658,0
23685,0
23771,0
25320,0
25407,0
25585,0
25834,0
26001,0
26665,0
26701,0
26930,0
26993,0
27266,0
27544,0
27650,0
27748,0
27872,0
27905,0
28375,0
28467,0
28538,0
28703,0
28907,0
29010,0
29601,0
29868,0
29918,0
30475,0
31006,0
31151,0
31314,0
31448,0
31536,0
32200,0
32351,0
32438,0
32923,0
33081,0
33205,0
33385,0
34057,0
34487,0
34506,0
34899,0
35550,0
35632,0
35668,0
35793,0
35976,0
36170,0
36380,0
36383,0
36592,0
36630,0
36944,0
37064,0
37169,0
37190,0
37376,0
38289,0
38297,0
38718,0
38978,0
39145,0
39585,0
40218,0
40629,0
40702,0
40963,0
40983,0
41441,0
41909,0
42002,0
42046,0
42364,0
42413,0
43295,0
43623,0
43876,0
43958,0
43990,0
44098,0
44934,0
45464,0
45665,0
45829,0
45933,0
46716,0
47329,0
47995,0
48443,0
48507,0
48525,0
48753,0
49158,0
49340,0
49822,0
50151,0
50460,0
50483,0
50573,0
50753,0
50871,0
51033,0
51218,0
51293,0
51781,0
51808,0
52416,0
52975,0
53112,0
53257,0
53886,0
53910,0
54408,0
54711,0
55155,0
55262,0
55525,0
56101,0
56804,0
56905,0
57399,0
57457,0
57934,0
58094,0
58285,0
58321,0
58712,0
59017,0
59044,0
59872,0
59993,0
60273,0
60473,0
60748,0
60888,0
61165,0
61313,0
62288,0
62410,0
62563,0
62605,0
62802,0
62827,0
62990,0
63156,0
63924,0
64536,0
64619,0
64876,0
65559,0
65900,0
66305,1
66465,0
66573,0
66679,0
66766,0
66775,0
66817,0
66913,0
67328,0
67355,0
67878,0
68420,0
68697,1
68872,0
68941,0
69970,0
70111,0
70211,0
70291,0
70496,0
71094,0
72058,0
72137,0
72328,0
73160,0
73217,0
73841,0
74013,0
74384,0
74482,0
74503,1
74588,0
74955,0
74990,0
75009,0
75802,0
75920,0
76267,0
76506,0
76707,0
77300,0
77846,0
78599,1
78763,0
78829,0
78880,0
79113,0
79281,0
79890,0
79963,0
80189,0
80572,0
80735,0
81585,0
81704,1
81903,0
82274,1
82289,0
82667,0
82941,0
83159,1
83228,0
83525,0
83604,0
83669,0
83693,0
83719,0
84065,1
84214,0
84373,0
84948,0
85239,0
85354,0
86096,0
86125,0
86158,0
86387,0
86679,0
86716,0
86780,0
87047,0
87106,0
87620,0
87871,0
87886,0
88060,0
88102,0
88198,0
88221,0
88255,0
88622,1
88699,0
88801,0
88871,0
89006,0
89075,0
89446,0
89698,0
90341,0
90672,0
90673,0
90815,0
90899,0
90921,0
91203,0
91594,0
91605,0
91687,0
91722,0
91900,1
92024,0
92286,0
92344,0
92458,0
92804,0
92911,0
93206,0
93359,0
94123,0
94230,0
94231,0
94329,0
94937,0
95815,0
95904,1
96232,0
96580,0
96661,0
97084,0
97459,0
98027,0
98116,0
98922,0
99205,0
99413,0
99417,0
99598,0
99725,0
99792,0
99858,0
100167,0
100179,0
100388,0
100429,0
100642,0
100741,0
100780,0
101034,0
101193,0
101455,0
101756,0
102921,0
104484,0
104586,0
105058,0
105187,0
105737,0
105904,0
106165,0
106600,0
106649,0
106925,0
106994,0
107227,0
107323,0
107380,1
107543,0
107660,1
107843,0
107931,0
107959,1
108198,0
108258,0
108459,0
108960,0
109274,1
109908,0
110275,0
110418,0
111096,0
111658,0
111938,1
112148,1
112149,0
112208,0
112809,0
112856,0
113146,0
113827,0
113871,0
113991,0
114761,0
114878,0
115254,0
115450,0
115598,0
115601,0
115895,0
115977,0
117068,0
117220,0
117814,0
118120,0
118282,0
118516,0
118529,0
118565,0
118717,0
119006,0
119504,0
119653,0
119940,0
120248,0
120521,0
120635,0
120691,0
120882,0
121069,0
121118,0
121487,0
121642,0
121655,0
122210,1
122386,0
122983,0
123136,0
123560,0
123639,0
123719,0
123860,0
124058,0
124125,0
124320,0
125051,1
125103,1
125422,0
125679,0
126574,0
126952,0
127861,0
128359,0
129368,0
129373,0
129447,0
129468,0
129597,0
130348,0
130703,0
130746,0
130801,0
131341,0
131485,0
131947,0
132232,0
133005,0
133240,0
133630,0
134149,0
134433,0
134503,0
134721,0
134917,0
135098,0
135524,0
135615,0
135705,0
136307,0
136592,0
136600,1
137915,0
138139,0
138989,0
139039,0
139163,0
139457,0
139573,0
139694,0
139872,0
139941,0
140074,0
140604,0
140607,0
140806,0
140813,0
141180,0
141797,0
141876,0
142479,0
142933,0
143243,0
143571,0
143853,0
143906,0
144239,0
144795,0
144842,0
144984,0
145192,0
145302,0
145470,1
146017,0
146739,0
146853,0
147130,0
147937,0
148527,1
148856,0
149138,0
149566,0
150100,0
150204,0
150400,0
150507,0
150587,0
150766,0
150895,0
151260,0
151307,0
151794,0
152465,0
152626,0
152716,0
152983,0
153341,0
153396,0
153792,0
153937,0
154332,0
154370,1
154654,0
155183,0
155492,0
155594,0
155828,0
155833,0
155921,0
156029,1
156684,1
157026,0
157257,0
157393,0
157787,0
157982,0
158338,0
159075,0
159274,0
159499,0
159576,0
159832,0
159858,0
159967,0
160015,0
160229,0
160471,0
160737,0
160755,0
160796,0
160958,0
161005,0
161313,0
161639,0
161680,0
161712,0
161962,0
162055,0
162467,0
162584,0
162895,0
163267,0
163773,0
163789,0
164170,0
164221,0
164480,0
165103,0
165804,0
165809,0
165896,0
166158,0
166451,0
166490,0
167271,0
167354,0
167403,0
167569,0
167723,0
168436,0
168847,0
169096,0
169499,0
169540,0
169889,0
170142,0
170595,0
170749,0
170817,0
170976,0
171891,0
172452,0
173134,0
173224,0
173280,0
174138,0
174534,0
174870,0
175269,0
175455,0
175524,0
175715,0
176072,0
176340,0
176849,0
176925,0
176938,0
177217,0
177801,0
177896,0
177934,0
178103,1
178434,0
178922,0
178951,0
179258,0
179596,0
180565,0
181067,0
181264,0
181295,0
181332,0
181578,0
182078,0
182235,0
182483,0
182509,0
182652,0
182763,0
182949,0
183255,0
183531,0
183792,0
183854,0
183895,0
183906,0
184087,0
185152,0
185202,0
185488,0
185696,0
185995,0
186280,0
186689,0
186758,0
186932,0
187124,0
187335,0
188305,0
188405,0
188659,0
188835,0
189710,0
190026,0
190201,1
191062,0
191373,0
191403,0
191737,0
191768,0
191905,0
193128,0
193395,0
193556,0
193576,0
194076,0
194924,0
195138,0
195538,0
195656,0
195750,0
196144,0
196397,0
196816,0
197748,0
197777,0
198266,0
198364,0
198927,0
199076,0
199135,0
199148,0
199233,0
199276,0
199519,0
199890,0
200102,0
200496,0
200948,0
201975,0
202279,0
202281,0
202518,0
202728,0
202979,0
203172,0
204289,0
204578,0
204848,0
205398,0
205582,0
205939,0
206132,0
206238,0
206555,0
206566,0
206995,0
208010,0
208095,0
208249,0
208634,0
209391,0
210051,0
211107,0
211479,0
211544,0
211682,0
212005,1
212298,0
212374,0
212419,0
212911,0
213630,0
213643,0
213819,0
214025,0
214126,0
214501,0
214708,0
214865,0
215054,0
215128,0
215376,0
215478,0
216538,0
216763,0
218196,0
218212,0
218298,0
218661,0
218915,0
218979,0
219009,0
219037,0
219054,0
219217,0
219537,0
219747,0
220458,0
220522,0
220658,0
220713,0
220879,0
220909,0
221251,0
221321,0
221573,0
222190,0
222776,0
222893,0
222970,0
223281,0
223706,0
223721,0
224508,0
224753,0
225290,0
225470,0
225998,0
227268,1
227325,1
227634,0
227779,0
227788,0
228158,1
228162,0
228222,0
228352,0
228871,0
229235,0
229357,0
229452,0
229634,0
229681,0
229939,0
230325,0
230660,0
230789,0
230986,0
231596,0
231671,0
231795,0
232070,0
232276,0
232474,0
232530,0
232874,0
233369,0
233851,0
234379,0
234410,0
234786,0
235230,0
235232,0
235323,0
235478,0
235912,0
236447,0
236627,0
236700,0
237396,0
237461,0
237943,0
238109,0
238277,0
238608,0
238694,0
238742,0
239014,0
239297,0
239370,0
239529,0
239547,0
240204,0
240363,0
240601,0
240715,0
240856,0
240978,0
241000,0
241111,0
241197,0
241788,0
241849,0
241927,0
243205,0
243783,0
244166,0
244203,0
244811,0
245042,0
245132,0
245264,0
245425,0
245681,0
246754,0
248092,0
248815,0
249057,0
249226,0
249359,0
249474,0
249616,0
249837,0
250250,0
250330,0
250418,0
250567,0
250993,0
251559,0
251689,0
251818,0
252003,0
252055,0
252390,0
252496,0
252800,0
252948,0
253279,0
254122,0
254195,0
254335,0
254442,0
255029,0
256163,0
257264,0
257337,0
257876,0
257913,0
258007,0
258097,0
258470,0
258482,0
258711,0
258770,0
258816,0
259767,0
260078,0
261108,0
261540,0
261653,0
262769,0
262820,0
262856,0
262981,1
263125,0
263162,0
263268,0
263403,0
263421,0
264315,0
264544,0
264579,0
264842,0
265227,0
265716,1
266630,0
268407,0
268505,0
268785,0
269214,0
269736,0
269876,0
270724,0
270820,0
270926,0
270995,0
271418,0
271459,0
272140,0
272411,0
272628,0
272652,0
272942,0
273337,0
273340,0
273442,0
273663,0
274076,0
274962,0
275803,0
276936,0
277136,0
277189,0
277231,0
277580,0
277667,0
278176,0
278361,0
278586,0
278646,0
279006,0
279284,0
280441,0
280599,0
281253,0
281474,1
281709,0
282787,0
283281,0
283487,0
283682,0
284226,0
284324,0
285731,0
286447,0
286472,0
287361,0
287446,0
287597,0
287719,0
288646,0
289563,0
289618,0
289918,0
290027,0
290333,0
290387,0
290602,0
290927,0
290985,0
291382,0
291464,0
291589,0
291880,0
291953,0
292734,0
293232,0
294143,0
294349,1
295435,0
295524,0
296600,0
297709,0
297930,0
298122,0
298133,0
298410,0
298441,0
298888,0
299149,0
299151,0
299247,0
299419,0
299653,0
300230,0
300377,0
300498,0
300614,0
300771,0
300827,0
300909,0
301103,0
301347,0
301559,0
302095,0
302158,0
302245,0
302254,0
302266,0
302510,0
302766,0
302830,0
303025,0
303408,1
304266,0
304277,0
304375,0
304449,0
304504,0
304578,0
305084,0
305377,0
305510,0
305668,0
305912,1
306101,0
306611,0
306709,0
306759,0
306921,0
306954,0
306968,0
307773,0
308120,0
308442,0
308512,0
308607,0
309140,0
309271,0
309297,0
309585,0
309806,0
310987,0
311472,0
312026,0
312358,0
312377,0
313395,0
313537,0
314408,0
315687,0
315852,1
315881,0
316919,0
317557,0
317802,0
318042,0
318288,0
318290,0
318506,0
319138,0
320009,0
320290,0
320391,0
320436,0
320750,0
321065,0
321471,0
321499,0
321549,0
321640,0
323268,0
323793,0
324110,0
324350,0
324384,0
324434,0
324483,0
324500,0
324575,0
324753,0
324883,0
325223,0
325345,0
325608,0
325849,0
325920,0
326277,0
326484,0
326898,0
327544,0
328301,0
328711,0
328743,0
329236,0
329623,0
331195,0
331638,0
332230,0
332565,0
332714,0
332828,0
332922,0
333547,0
334241,0
334853,0
334953,0
335131,0
335290,0
335563,0
335580,0
335677,0
335981,0
336866,0
336926,0
337167,0
337379,0
338184,0
338677,0
338867,0
339525,0
339782,0
340310,0
340413,0
341501,0
341702,0
342922,0
343253,0
343531,0
343590,0
343853,0
343860,0
343934,0
344066,0
344104,0
345720,0
345780,0
346048,0
346863,0
347770,0
348064,0
348111,0
348162,0
348183,0
348415,0
348780,0
349324,0
349468,0
350237,0
350288,0
350885,0
351442,0
351710,0
351745,0
351879,0
352348,0
353194,0
353457,0
353484,0
353521,0
353593,0
354180,0
354531,0
354642,0
355195,0
355644,0
355682,0
355692,0
356275,0
356587,0
356667,0
356708,0
356897,0
356912,0
358150,0
358877,0
359101,0
360253,0
360737,0
362238,0
362302,0
362850,0
363297,0
363436,0
363885,0
364038,0
364828,0
365155,0
365173,0
365332,0
365384,0
365435,0
365448,0
366167,0
366817,0
366951,0
367031,0
367326,0
367446,0
367851,0
367963,0
368676,1
368725,0
368987,0
369450,0
369482,0
369559,0
369992,0
370027,0
370232,0
370674,0
370909,0
370947,0
371219,0
371282,0
371452,0
372064,0
372284,0
372314,0
372351,0
372380,1
372384,0
372696,0
372908,0
373253,0
373262,0
373381,0
373454,0
373838,0
373892,0
374109,0
374123,0
374280,0
374633,0
374777,0
375686,0
375865,0
375976,0
376358,0
376433,0
376795,0
377160,0
377352,0
377428,0
377511,0
377843,1
378225,0
378622,0
378836,0
379066,0
379205,0
379283,0
379292,0
379334,0
380022,0
380395,0
380892,0
381048,0
381234,0
381653,0
381864,1
381964,0
382049,0
382785,0
383034,0
383796,0
383811,0
384014,0
384098,1
384137,0
384207,0
384934,0
384998,0
385419,0
385769,0
386289,0
386476,1
386576,0
386683,0
387213,0
387804,0
387975,0
388047,0
389048,0
389084,0
389104,1
389416,0
390083,0
390123,0
390554,0
390650,0
390800,0
391254,0
391507,0
391830,1
392057,0
392318,0
392791,0
392894,0
393085,0
393143,0
393220,0
393459,0
393517,0
393727,0
393755,0
393773,0
393995,0
394018,0
394234,0
395285,0
396632,0
396972,0
397069,0
397265,0
397296,0
397491,0
397999,0
398091,0
398238,0
398254,0
398346,0
398484,0
398904,0
398973,0
399126,0
399270,0
399683,0
399794,0
400311,0
400509,0
400635,0
400737,0
400875,0
401119,0
401139,0
401298,0
401490,0
402848,0
402871,0
403216,0
403250,0
403971,0
404387,0
404429,0
404942,0
405445,0
405568,0
405713,0
406201,0
406307,0
406511,0
406736,0
406775,0
407172,0
407186,0
407482,0
407540,0
407764,0
408182,0
408541,0
408925,0
409171,0
409245,0
409600,0
409633,0
410259,0
410515,0
410602,0
410641,0
411009,0
411541,0
411580,0
411611,0
411616,0
411648,0
411774,0
411857,0
411918,0
411932,0
412388,0
412975,0
413148,0
413168,0
413475,1
413708,0
413863,0
414047,0
414102,0
414261,0
414827,0
415066,0
415469,0
415675,0
416150,0
416278,0
416507,0
417024,0
417242,0
417277,0
417571,0
418402,0
418701,0
418730,0
419189,0
419803,0
419846,0
419923,0
420647,0
420726,0
421028,0
421209,0
421321,0
421379,0
421393,0
421477,1
422567,0
422826,0
423525,0
423660,0
424158,0
424488,0
424505,0
425243,0
425783,0
425879,0
426083,1
426214,0
426230,0
426341,0
426493,0
426612,0
426710,0
426737,0
426788,0
426807,0
426815,0
426864,0
427156,0
427182,0
427627,0
427815,0
428092,0
428394,0
428526,0
428617,0
428794,0
428903,0
429151,0
429727,0
429884,0
430123,0
430182,0
430248,0
431236,0
431967,0
432775,0
432987,0
433109,0
433582,0
433806,0
434647,0
435038,0
435399,0
435872,0
436059,0
436143,0
436632,0
436915,0
437001,0
437770,0
438771,0
438997,0
439136,0
439191,0
439734,0
439951,0
440145,0
440459,0
441440,0
441786,0
442079,0
442642,0
443198,0
443763,0
443807,0
444235,0
444858,0
445086,0
445121,1
445134,0
446054,0
446229,0
446242,0
446295,0
446315,0
446410,0
446498,0
446538,0
446609,0
446647,0
446863,0
447118,0
447661,0
448428,0
448463,0
448537,0
448553,0
448943,0
449094,0
449921,0
450800,0
451039,0
451040,0
451903,0
452168,0
452718,0
453053,0
453162,0
453265,0
453363,0
453703,0
454300,0
455270,0
455426,0
455474,0
455531,0
455763,0
455881,0
456560,0
456593,0
456659,1
456660,0
456705,1
457055,0
457300,0
457515,0
458074,0
458219,0
458988,0
459933,0
461724,0
462037,0
462086,1
462583,0
462791,0
462865,0
463009,0
463033,0
463083,0
463274,0
463284,0
463917,0
464173,0
464334,1
464472,0
464575,0
465753,0
466126,0
466529,0
466842,0
466856,1
466888,0
467032,0
467111,0
467453,0
467525,0
467692,0
467863,0
468300,0
468402,0
468613,0
468833,0
469165,0
469208,0
469885,0
470096,0
470347,0
470586,0
470651,0
470825,0
470935,0
471175,0
471373,0
471415,0
471509,0
471965,0
472080,0
472508,0
472569,0
472581,0
472901,0
473237,0
473312,0
473349,0
473667,0
473944,0
474102,0
474273,0
474339,0
474596,0
474979,0
475009,0
475877,0
476256,0
476447,1
476749,0
476772,0
476894,0
477268,0
477555,0
477633,0
478277,0
478626,0
478737,0
478950,0
478957,0
479268,0
479383,0
479465,0
479899,0
480009,1
480078,0
480585,0
480686,0
480784,0
481459,0
481770,0
482720,0
482844,0
483392,0
483548,0
484116,0
484180,0
484656,0
484714,0
485016,0
485147,0
485396,0
485495,0
485745,0
485793,0
486562,0
486671,0
486845,0
486887,1
487237,0
487313,0
487942,0
488004,0
488166,0
488613,0
488791,0
489459,0
489797,0
489833,0
490041,0
490468,0
490573,0
490817,0
491006,0
491926,0
492647,0
493348,0
493490,0
493590,0
493626,0
494130,0
494634,0
494730,0
494923,0
495073,0
495108,1
495341,0
495804,0
496112,0
496244,0
496274,0
496315,0
498077,1
498331,0
498625,0
499029,0
499146,0
499585,0
499614,0
499975,0
500913,0
500949,0
501332,0
501530,0
501742,0
502755,0
502984,0
503602,0
503803,0
503810,0
503939,0
504114,0
504206,0
504315,0
504384,0
504390,0
504820,0
504970,0
505183,0
505209,0
505247,0
506441,0
506494,0
506510,0
506694,0
506822,0
506933,0
506974,0
507276,0
507285,0
507726,0
507877,0
508064,0
508131,0
508148,0
508568,0
509707,0
509708,1
510076,0
510101,0
510303,0
510498,0
510643,1
510855,0
510862,0
510969,0
511194,0
511221,0
511336,0
512157,0
512202,0
512326,0
512810,0
512995,0
513012,0
513130,0
513345,0
513541,0
513991,0
514400,0
514519,0
514975,0
515028,0
515820,0
515941,0
516106,0
516273,0
516680,1
516749,0
516763,0
516929,0
517469,0
518212,0
518271,0
518825,0
519042,0
519086,0
519140,0
519245,0
519313,0
519340,1
519526,0
519538,0
519730,0
520099,0
520419,0
520659,0
520836,0
522222,0
522397,0
522725,0
523373,0
523482,0
524077,0
524179,0
524496,0
524774,1
525147,0
525251,0
525275,0
525484,0
525525,0
525528,0
526118,0
526607,0
526609,0
526933,0
528108,0
528606,0
529010,0
529036,0
529099,0
529389,0
529428,0
529677,0
530123,0
530180,0
530275,0
530359,0
530393,0
530514,0
530521,0
530747,0
531134,0
531251,0
532091,0
532931,0
532965,0
533144,0
533835,0
534546,0
534634,0
534680,0
535039,0
535207,0
535266,0
535711,0
535993,0
536048,0
536273,0
536456,0
536837,0
536993,0
537258,0
537625,0
537627,0
537877,1
538038,0
538426,0
538442,0
538483,0
538632,0
538647,0
538899,0
539027,0
539213,0
539576,0
539646,0
539928,0
540036,0
540297,0
540578,0
540921,0
541044,0
541463,1
541508,1
541556,0
541596,0
541742,0
542071,0
542114,0
542232,0
542313,0
542578,0
542718,0
542742,0
543123,0
543193,0
543519,0
543787,0
543809,0
544053,0
544483,0
544575,0
545386,0
545397,0
545672,0
545931,0
546210,0
546903,0
547137,0
547228,0
547276,0
547306,0
547436,0
547582,0
547587,0
547712,0
547735,0
547753,0
547890,0
548358,0
548728,0
548849,0
548874,0
549168,0
549248,0
549319,0
549474,0
550061,0
550067,0
550104,0
550747,0
550780,0
550874,0
551098,0
551345,0
551518,0
551556,0
551698,0
552371,0
552755,0
553208,0
554092,0
554134,0
554150,0
554215,0
554320,0
554330,0
554352,0
554459,0
554576,0
554703,0
555098,0
555152,0
555220,0
555320,0
555322,0
556615,0
556650,0
557023,0
557957,0
558171,0
558179,0
558184,0
558370,0
558703,0
558783,0
558987,0
559041,0
559080,0
560158,0
560206,0
560478,0
561025,0
561531,0
561895,0
561961,0
562135,0
562189,0
562208,0
562648,0
562828,0
562920,0
562930,0
563155,0
563443,0
563467,0
563880,0
563960,0
564257,0
564596,0
565026,0
565110,0
565115,0
565686,0
566031,0
566048,0
566321,0
566331,0
566349,0
566440,0
566468,0
566779,0
567004,1
567302,0
567422,0
567477,0
567626,0
567677,0
567750,0
568059,0
568149,0
568380,0
568705,0
568828,0
568854,1
568925,0
569477,0
569649,0
570064,0
570065,0
570106,0
570630,0
570761,0
571335,0
571402,0
571504,0
571522,0
571753,0
572520,0
572754,0
573022,0
573159,0
573188,0
573273,0
573380,0
573506,0
573854,0
573990,0
574276,0
574467,0
574523,0
574631,0
574715,0
574791,0
575014,0
575038,0
575148,0
575164,0
575274,0
575331,0
575444,0
575487,0
575721,0
575739,0
576026,0
576032,0
576623,0
576655,0
576800,0
577055,0
577361,0
577462,0
577484,0
577531,0
577605,0
578160,0
578319,0
578793,0
578851,0
579147,0
579825,0
579834,0
579892,0
579968,0
580017,0
580345,0
580696,0
581298,0
581732,0
581778,0
581911,0
582309,0
582435,0
582496,0
582578,0
583442,0
583671,0
583732,0
584073,0
584342,0
584728,0
584774,0
585158,0
585396,0
585684,0
585928,0
586138,0
586346,0
587073,1
587238,0
587312,0
587467,0
587690,0
587813,0
588129,0
588195,0
588226,0
588635,0
588871,0
588898,0
588972,0
589131,0
589188,0
589310,0
589343,0
589561,0
589822,0
590413,0
591177,0
591422,0
592245,0
592254,0
592518,0
592770,0
593209,0
593265,0
593275,0
593565,0
593635,0
593645,0
594177,0
594194,0
594679,0
594708,0
595063,0
595190,0
595389,0
595563,0
596161,0
596391,0
596449,0
596457,0
596888,0
597176,0
598053,0
598072,0
598182,0
598394,0
598652,0
598974,0
599185,0
599247,0
599483,1
599489,0
599662,0
599772,0
600141,0
600571,0
600803,0
600987,0
601170,0
601306,0
601418,0
601736,0
601875,0
602077,0
602269,0
602506,1
602670,0
602946,0
603570,0
604511,0
604952,0
605109,0
605238,0
605511,0
605532,0
605792,0
605817,0
605850,0
605932,0
606425,0
606538,0
606970,0
607267,0
607696,0
608090,0
608184,0
608239,0
608265,0
608605,0
608937,0
608961,0
608964,0
609479,0
609539,0
609646,0
609864,0
610188,0
610601,0
610606,0
610756,0
610810,0
611619,0
611639,0
611853,0
611876,0
611878,0
611923,0
612008,0
612516,0
612545,0
612581,0
612594,0
612650,0
612821,0
612853,0
613140,0
613310,0
613744,1
613829,0
614103,0
614271,0
614291,0
614882,0
615368,0
615831,0
615960,0
615964,0
616014,0
616179,0
616501,0
616618,0
616974,0
617008,0
617343,0
617405,0
617836,0
618010,0
618032,0
618034,0
618146,0
618162,0
618610,0
618619,0
618851,0
619279,0
619283,0
619421,0
619437,0
619517,0
620035,0
620314,0
620360,0
620408,0
620450,0
620981,0
621123,0
621264,1
621272,0
621344,0
621396,0
621404,0
621885,0
622567,0
622646,0
623104,0
623261,0
623277,0
623361,0
623531,0
623772,0
624122,0
624147,0
624557,0
624602,0
624695,0
625092,0
625942,0
626191,0
626220,1
626289,0
626381,0
626450,0
626515,0
626655,0
626764,0
626806,0
627170,0
627533,0
627637,0
627684,0
627815,0
628680,0
628936,0
629181,0
629218,0
629425,0
629472,0
629920,0
630486,0
630564,0
630724,0
630973,0
631011,0
631035,0
631078,0
631090,0
631278,0
631284,0
632340,0
632480,0
632782,0
633019,1
633037,0
633339,0
633778,0
633836,0
633970,0
634170,0
634531,0
634788,0
634939,0
635128,0
635141,0
635274,0
635732,0
635946,0
636166,0
636469,0
636535,0
637260,0
637298,0
637601,0
638000,0
638174,0
639040,0
639299,0
639607,0
639856,0
640095,0
640346,0
641080,0
641615,0
641668,0
642278,0
642492,0
642504,0
642516,0
642817,0
643287,0
643412,0
643476,0
643501,0
643766,0
644197,0
644255,0
644403,0
645091,0
645397,0
645632,0
646211,0
646384,0
646943,0
647147,0
647191,0
647456,0
648092,0
648389,0
648472,0
648502,0
648665,0
648915,0
648946,0
648954,0
649469,0
649681,0
649778,0
650242,0
650436,0
650480,0
650733,0
650856,0
651013,0
651187,0
651489,0
651699,0
652220,0
652441,0
652513,0
652555,0
652576,0
652784,0
653188,0
653365,0
653631,0
654153,0
654161,0
654195,0
654598,0
655191,0
655386,0
655719,0
655860,0
656014,0
656102,0
656263,0
656704,0
656759,0
657065,0
657490,0
657496,0
657655,0
657816,0
657831,0
658021,0
658032,0
658150,0
658324,0
658630,0
658733,0
658745,0
659160,0
659380,0
659398,1
659742,0
659766,0
660012,0
660140,0
660309,0
660403,0
660404,0
660527,0
660570,0
661374,1
661715,0
661737,0
661962,0
662168,0
663094,0
663302,0
663351,0
663444,0
663586,0
663655,0
663728,0
663962,0
664007,0
664147,0
664166,0
664177,1
664255,0
664261,0
664315,0
664597,0
664888,0
665077,0
665471,0
665554,0
665597,0
665736,0
665823,0
665968,0
666081,0
666212,0
666249,0
666274,0
666932,0
667031,0
667075,0
667259,0
667285,0
667455,0
667629,0
667689,0
667989,0
668022,0
668383,0
668632,0
668745,0
668760,0
669839,0
670023,0
671753,0
671861,0
672428,0
672462,0
672788,0
673396,0
673461,0
674519,0
675010,0
675075,0
675099,1
675727,0
675789,0
675962,0
676337,0
676617,0
676755,0
676922,0
677217,0
677326,0
677584,0
678932,0
679392,0
679917,0
680273,0
680479,1
680589,0
680894,0
682486,0
682855,0
682857,0
682992,0
683290,0
683495,0
683718,1
683895,0
684339,0
685062,0
685194,0
685656,0
686345,0
686564,0
687734,0
688526,0
688628,0
688736,0
688876,0
689126,0
689423,0
689680,0
690037,0
690261,0
690433,0
690673,0
690881,0
691399,0
691991,0
692223,0
692264,0
692475,0
692532,0
692811,0
693887,0
694028,0
694036,0
694059,0
694347,0
694947,0
696648,0
696761,0
696936,0
696947,0
697068,0
697521,0
697554,0
697794,0
698489,0
698665,0
699065,0
699220,0
699278,0
700967,0
701382,0
701562,0
701722,0
701932,0
701983,0
702402,0
702651,0
702711,0
703264,0
703283,0
703293,0
703461,0
703535,0
703696,0
704312,0
704336,0
704360,0
704390,0
704432,0
704488,1
704803,0
704949,0
705407,0
706321,0
706721,0
706995,0
707048,0
707095,0
707259,0
707341,0
707589,1
708189,0
709696,0
709704,0
710026,0
710136,0
710241,0
710424,0
710806,0
711486,0
711531,0
712202,0
712997,0
714514,0
714532,0
714605,0
715276,0
715787,1
716193,0
716220,0
716224,0
716251,0
716288,0
716560,0
716620,0
716646,0
716994,0
717177,0
717218,0
717356,0
717549,0
717571,0
718015,1
718580,0
718686,0
718798,0
719151,0
719162,0
719513,0
719630,0
719713,0
720238,0
720845,0
721929,0
722618,0
722637,0
722676,0
723130,0
723167,0
723663,0
724225,0
724255,0
725304,0
725319,0
725945,0
726191,0
726890,0
727133,0
727393,0
727411,0
727413,0
728383,0
728496,0
728602,0
728795,0
728937,0
729050,0
729686,0
730183,0
730220,0
730332,0
730343,0
730424,0
731300,0
731415,0
732547,0
732568,0
732651,0
732841,0
733852,0
733956,0
734356,0
734642,0
735293,0
736281,0
736377,0
736646,0
736851,0
737479,0
737632,0
737714,0
738227,0
738295,0
738304,0
738491,0
738574,0
738939,0
739852,0
740035,0
740145,0
740157,0
740376,0
740426,0
741171,0
741277,0
741350,0
741377,0
741982,0
742442,0
742797,0
742923,0
743852,0
743866,0
744183,0
744187,0
744313,0
744471,0
744619,0
745067,0
745131,0
745432,0
745610,0
745936,0
745954,0
745975,0
746949,0
747408,0
747540,0
747884,0
748228,0
748642,0
748667,0
748671,0
748743,0
749059,0
749461,0
749973,0
750196,0
750259,0
750684,0
750969,0
751014,0
751188,1
751857,0
751995,0
752016,0
752113,0
752133,0
752243,0
752245,0
753148,0
753179,0
753333,0
753773,0
754077,0
754724,0
755339,0
755592,0
755848,0
756054,0
756872,0
757330,0
757381,0
757427,0
757477,0
757922,0
758091,0
758331,0
758800,0
758802,0
759060,0
759063,1
759080,0
759111,0
759448,0
759844,0
760664,0
760686,0
760833,0
761273,0
761466,0
761748,0
761893,0
762538,0
762677,0
762924,0
762962,0
763070,0
763580,0
763689,0
764227,0
764743,0
764856,0
765384,0
765553,0
765589,0
765685,0
765774,0
765901,0
766074,0
766267,0
766712,0
767194,0
767567,1
767805,0
767850,0
768548,0
768838,0
768843,0
769132,1
769143,0
769657,0
770181,0
771810,1
771817,0
772032,0
772428,0
772659,0
773485,0
774172,0
774300,0
774368,0
774601,0
774747,0
775549,0
775661,0
776055,0
776428,0
776825,0
777081,0
777147,0
777590,0
777747,0
777820,0
778244,0
778371,0
778793,0
779280,1
779432,0
780055,0
780147,0
780320,0
781308,0
781432,0
781594,0
782226,0
782395,0
782616,0
782684,0
783099,0
783135,0
783232,0
783287,0
783863,1
784444,0
784513,0
784524,0
785446,0
785544,0
785692,0
785697,0
786392,0
786647,0
787162,0
787759,0
788061,0
788739,0
789502,0
790599,0
791115,0
791569,0
791713,0
791960,0
792323,1
792363,0
792517,0
792570,0
792941,0
793858,1
793939,0
794113,0
794412,0
794419,0
794584,0
794761,0
795714,0
795982,0
796122,0
796150,0
796197,0
796532,0
798102,0
798391,0
798654,0
798756,0
798896,0
799027,0
799183,0
799487,0
799574,0
799641,0
799793,0
799872,0
800328,0
800751,0
800793,0
801009,0
801239,0
801391,0
801597,0
801860,0
802185,0
802250,0
802287,0
802825,0
803479,0
803910,0
804175,0
805999,0
806029,0
806040,0
806076,0
806164,0
806466,0
806474,0
806483,0
806586,0
807084,0
807395,0
807846,0
808006,0
808174,0
809343,0
809716,0
810223,0
810773,0
810872,0
810986,0
811148,0
811997,0
813062,0
814020,0
814333,0
814840,0
814999,0
815153,0
815177,0
815331,0
815366,0
815797,0
815823,0
815940,0
816120,0
816405,0
818004,0
818204,0
819323,0
819584,0
819635,0
819830,0
820162,0
821059,0
821343,0
821432,0
821487,0
821555,0
821639,0
821786,0
821871,0
822133,0
822664,0
822964,0
823101,0
823124,0
823495,0
823950,0
824396,0
825411,0
825593,0
826218,0
826426,0
826427,0
826456,0
826467,0
826490,0
826633,0
826799,0
827400,0
827413,0
827521,0
827766,0
828251,0
828794,0
828869,0
829270,0
829552,0
829557,0
830057,1
830634,0
830756,0
830946,0
830995,0
831659,0
831779,0
833027,0
833146,1
833492,0
833541,0
833818,0
833830,0
835099,0
835792,0
836700,0
837303,0
837749,0
839770,0
840000,0
840252,0
841081,0
841602,0
841959,0
841963,0
842105,0
844109,0
844376,0
844532,0
845416,0
845748,0
846275,0
847572,0
847606,0
847708,0
847772,0
848254,0
848336,0
848499,0
848624,0
849780,0
851180,0
851753,0
852171,0
852277,0
852957,0
853565,0
853585,0
853903,0
854080,0
854686,0
854692,0
854720,0
854991,0
855003,0
855361,0
855652,0
855814,0
855854,1
856168,0
856180,0
856307,0
856788,0
856819,0
857220,0
858059,0
858275,0
858428,0
858887,0
858908,0
859389,0
859494,0
860292,0
860316,0
860547,0
860592,0
860722,0
861013,0
861144,0
861617,0
863074,0
863126,0
863134,0
863781,0
864211,0
864216,0
864217,0
865182,0
865308,0
865832,0
865935,0
865985,0
866403,0
866428,0
866810,0
867360,0
867384,0
867431,0
867777,0
867891,0
868230,0
868557,0
868594,0
868686,0
869398,0
869592,0
870186,0
870461,0
870497,0
870544,0
870986,0
871187,0
871199,0
871452,0
871536,0
873047,0
873440,0
873623,0
874710,0
874815,0
874846,0
874959,0
875124,0
875232,0
876425,0
876906,0
877020,0
877312,0
878067,0
878181,0
879238,0
879436,0
879513,0
879746,0
879800,0
879882,0
879889,0
880054,0
880201,0
880212,0
880418,1
880684,0
880714,0
880866,0
880922,0
881333,0
881402,0
881991,1
882130,0
882297,0
882302,0
882610,0
883106,0
883464,0
883669,0
883827,0
883861,1
883991,0
884618,0
884719,1
884741,0
884908,0
885546,0
886915,0
886917,0
887007,0
887174,0
887808,0
888207,0
888554,0
889197,0
889288,0
889345,1
889362,0
889487,0
889775,0
890064,0
890321,1
890883,0
890977,0
892292,0
892590,0
892632,0
893225,0
894105,0
894223,0
894237,0
894263,0
894270,0
894498,0
894573,0
895359,0
896358,0
896372,0
897594,0
897847,0
898123,0
898355,1
898811,0
898827,0
899479,0
900584,0
901526,0
901913,0
901959,0
902098,0
902536,0
902958,0
903283,0
903315,0
903555,0
903560,0
903807,0
904105,0
904251,0
904384,0
904645,0
904732,0
904988,0
905690,0
906124,0
906265,0
906356,0
906458,0
906499,0
906961,0
906981,0
907509,0
907817,0
908147,0
908149,0
908285,0
908601,0
909326,0
909350,0
909381,0
909719,0
909974,0
910668,0
910765,0
910871,0
910936,0
911389,0
912005,0
912616,0
912745,0
912961,0
913090,0
913249,0
913323,0
913356,0
913513,0
913586,0
913754,0
913964,0
914090,0
914525,0
914813,0
915522,0
915689,0
915813,0
916204,0
916327,0
916459,0
916618,0
916682,0
916923,0
916938,0
917362,0
918007,0
918297,0
918703,0
918863,0
919141,0
919548,0
919620,0
919960,0
921130,0
921317,0
921499,0
921742,1
922115,0
922187,0
922329,0
922528,0
922699,0
922758,0
923001,0
923722,0
923811,0
924679,0
925079,0
925103,0
925105,0
925220,0
925676,0
925702,0
925745,0
926221,0
926427,0
926836,0
927419,0
927506,0
927566,0
928122,0
928331,0
928616,0
928816,0
928974,0
930000,0
930079,0
930257,0
931119,0
931403,0
932090,0
932465,1
932606,0
932655,0
932792,0
932890,0
932953,0
933010,0
933046,0
933099,0
933159,1
933236,0
933347,1
933453,0
934012,0
934019,0
934367,0
934615,0
935190,0
935522,0
935599,0
935891,0
936301,0
936881,0
937177,0
937667,0
938563,1
938750,0
939100,0
939172,0
939309,0
939619,0
939821,0
940588,0
940965,0
941070,0
941079,0
941155,0
941214,0
941315,0
941922,0
942033,0
942076,0
942080,0
942718,0
942852,0
943186,1
943596,0
943950,0
943962,0
944059,0
944222,0
944333,0
944366,0
945250,0
945323,0
945431,0
945581,0
945974,0
947325,0
947656,0
947687,0
947744,0
947745,0
947813,0
948035,0
948370,0
948453,0
949164,0
949471,0
949934,0
950005,0
950374,0
950977,0
951318,0
951950,0
952049,0
952307,0
953140,0
953311,0
953385,0
953444,0
953652,0
953947,0
954174,0
954540,0
954719,0
954757,0
955227,0
955716,0
955971,0
957082,0
957415,0
957445,0
958289,0
958427,0
958852,0
958877,0
958935,0
960461,0
960495,0
960567,0
960568,0
960751,0
960835,0
960889,0
961607,0
962453,0
962890,0
963065,0
963080,0
963744,0
963747,0
963768,0
963805,0
964591,0
964653,0
965662,0
965705,0
965850,0
966065,0
966570,0
966672,0
967234,0
967435,0
967942,0
968836,1
968878,0
969187,0
969344,0
969368,0
969431,0
969506,0
969596,0
970538,0
970541,0
971220,0
971626,0
972167,0
972195,0
973461,0
974152,0
974214,0
974245,0
974531,1
975435,0
975748,0
976039,0
976377,0
976767,0
977525,0
977578,0
977595,0
978373,0
978404,0
978823,0
979151,0
979221,0
979537,0
979569,0
980006,0
980058,0
980410,0
980578,0
980592,0
980988,0
981506,0
981730,0
982085,0
982494,0
982618,0
982625,0
982961,0
983259,0
983419,0
983521,0
984279,0
984684,0
984731,0
984895,0
984975,0
985148,0
986191,0
986881,0
986905,0
986906,0
987159,0
987380,0
987434,1
987724,1
989047,0
989433,0
989497,0
989605,0
991287,0
992137,0
992175,0
992509,0
992520,0
993576,0
994029,0
994453,1
994516,0
994603,0
995404,0
995486,0
995579,0
995588,0
996145,0
996430,0
996909,0
996977,0
997441,0
997495,0
997570,0
998879,0
999005,0
999051,0
999592,0
999730,0
999923,0
1001106,0
1001457,1
1001491,0
1003582,0
1003953,0
1004824,0
1005041,0
1005196,0
1005474,0
1005974,0
1006315,0
1006384,0
1006465,0
1006515,0
1006677,0
1006689,0
1007356,0
1007408,0
1007790,0
1007977,0
1008432,0
1008436,0
1008459,0
1008463,0
1008681,0
1009187,0
1009262,0
1009463,0
1009717,0
1010245,0
1010373,0
1010388,0
1010672,0
1010764,0
1011068,0
1011190,0
1011707,0
1011746,0
1012304,0
1012584,0
1012869,0
1013081,0
1013413,0
1013474,0
1013490,0
1013565,0
1013862,0
1014839,0
1014904,0
1014991,0
1015391,0
1015616,0
1016076,0
1016153,0
1017137,0
1017323,0
1017443,0
1017925,0
1018000,0
1018295,0
1018393,0
1018540,0
1018722,1
1018730,0
1018785,0
1018815,0
1018935,0
1019248,0
1019338,0
1019852,0
1020018,0
1020555,0
1020579,0
1020583,0
1020903,0
1020938,0
1021025,0
1021049,0
1021253,0
1021387,0
1021392,0
1021460,0
1021666,0
1021957,1
1022505,0
1022506,0
1023127,0
1023438,0
1023470,0
1023519,0
1023619,0
1023691,0
1023836,0
1023891,0
1024363,0
1024439,0
1024615,0
1024878,1
1025725,0
1026168,0
1026225,1
1026250,0
1026271,0
1026276,0
1026571,1
1026689,0
1026885,0
1027114,0
1027400,0
1027568,0
1028070,0
1028282,0
1028429,0
1028465,0
1028621,0
1028971,0
1029101,0
1029680,0
1030420,0
1030492,0
1030538,0
1030564,0
1030663,0
1030762,0
1030825,0
1031327,0
1031539,0
1032238,0
1032286,0
1032496,0
1032622,1
1032789,0
1032801,0
1032804,0
1032958,0
1033466,0
1033952,0
1034546,0
1034861,0
1034907,0
1035233,0
1035585,0
1035711,0
1036242,1
1036260,0
1036625,0
1036758,0
1036818,0
1036908,0
1037038,0
1037132,0
1037218,0
1037437,0
1037807,0
1038610,0
1038725,0
1038739,0
1039045,0
1039065,0
1039183,0
1039828,0
1040165,0
1040183,0
1040206,0
1040929,0
1041534,0
1041625,0
1041776,0
1041987,0
1042235,1
1042267,0
1042559,0
1042717,0
1043078,0
1043409,1
1043412,0
1043632,0
1043851,0
1043953,0
1044232,1
1044275,0
1044381,0
1044619,0
1044677,0
1044785,0
1045536,0
1045641,0
1046127,0
1046156,0
1046344,0
1046368,0
1046472,0
1046840,0
1046904,0
1046985,0
1047060,0
1047063,0
1047665,0
1047686,0
1047718,0
1047759,0
1047961,0
1048019,0
1048374,0
1048424,0
1048964,0
1049144,0
1049585,0
1049619,0
1049716,0
1050350,0
1050678,0
1050772,0
1051133,0
1051394,0
1051660,1
1051757,0
1051796,0
1051936,0
1051947,0
1052018,0
1052067,0
1052227,0
1052619,0
1052620,0
1052750,0
1052859,0
1052925,1
1053145,0
1053381,0
1053515,0
1053844,1
1054113,0
1054346,0
1054582,0
1054701,0
1054897,0
1054945,0
1055411,0
1055480,0
1055646,1
1055889,0
1056140,0
1056302,0
1056745,0
1056833,0
1056874,0
1057318,0
1057391,0
1057398,0
1057456,0
1057635,0
1057684,0
1057816,0
1058078,0
1058248,0
1058261,0
1058354,0
1058396,0
1058518,0
1058676,0
1058709,0
1058926,0
1059145,0
1059182,0
1059754,0
1059776,0
1059986,0
1060072,0
1060804,0
1060972,0
1061078,0
1061102,0
1061435,0
1061633,0
1061773,0
1062440,0
1062527,0
1062862,0
1062931,0
1062993,0
1064111,0
1064705,0
1064885,0
1065216,0
1065255,0
1065635,0
1065737,0
1065749,0
1065763,0
1065955,0
1066050,0
1066428,0
1066463,0
1066779,0
1067152,0
1067666,0
1068269,0
1068438,0
1068444,1
1068467,0
1068595,0
1068856,0
1069317,0
1069344,0
1069408,0
1069715,0
1069731,0
1069821,0
1069954,0
1070006,0
1070061,0
1070134,0
1070186,0
1070276,0
1070464,0
1070607,0
1070649,0
1071035,0
1071509,0
1071743,0
1072019,0
1072063,0
1072491,0
1072573,0
1072645,0
1072771,0
1072808,0
1072928,0
1073244,0
1073685,0
1073696,1
1074565,0
1075146,0
1075265,0
1075391,0
1075837,0
1075967,0
1075992,0
1076557,0
1076716,0
1077141,0
1077492,0
1077688,1
1077926,0
1078660,0
1079473,0
1079567,0
1080245,0
1080300,1
1080575,0
1080982,0
1081081,0
1081330,0
1081625,0
1081655,0
1083119,0
1083855,0
1083930,0
1084016,0
1085678,0
1085793,0
1085901,0
1086247,0
1086257,0
1086335,0
1086585,1
1086845,0
1087403,0
1087629,0
1087664,0
1088245,0
1088445,0
1088680,0
1088807,0
1088986,0
1089682,0
1090102,0
1090181,0
1090537,0
1090663,0
1091879,0
1091903,1
1092899,0
1093416,0
1093590,0
1094011,0
1094995,0
1095459,0
1095868,0
1095995,0
1096415,0
1097703,0
1097792,0
1098219,0
1098250,0
1098482,0
1098704,0
1098803,0
1098808,0
1099010,0
1099244,0
1099346,0
1099836,0
1099968,0
1100888,0
1101747,0
1102304,0
1102398,0
1102615,1
1102643,0
1102654,0
1103364,0
1103544,0
1103749,0
1103878,0
1104405,0
1104999,0
1105089,0
1105129,0
1105579,0
1105695,1
1105924,0
1106422,0
1106464,0
1107171,0
1107471,0
1107773,0
1108208,0
1108272,0
1108584,0
1108670,0
1108843,0
1109111,0
1109133,0
1109499,0
1109535,0
1109557,1
1109925,0
1111643,0
1111721,0
1111723,0
1112452,0
1112477,0
1112866,0
1113266,0
1114355,0
1114479,0
1114979,0
1114996,0
1115268,0
1115366,0
1115814,0
1116380,0
1116682,0
1116978,0
1117210,0
1117465,0
1117538,0
1117698,0
1118229,0
1118249,0
1118982,0
1119391,0
1119524,0
1120227,0
1120312,0
1120366,0
1120508,0
1120536,0
1120574,0
1120796,0
1121397,0
1121959,0
1122257,0
1122907,0
1124338,0
1125203,0
1126620,0
1126671,0
1126738,0
1127629,1
1127757,0
1127926,1
1127988,0
1128161,0
1128380,0
1128385,0
1128387,0
1128558,0
1129096,0
1129212,0
1129332,0
1129954,0
1130131,0
1130331,0
1131883,0
1132036,0
1132900,0
1132908,0
1132944,0
1133022,0
1133462,0
1133837,1
1134080,0
1135123,0
1135478,0
1135639,0
1135757,0
1136249,0
1136683,0
1136847,0
1136898,0
1137350,0
1137391,0
1137620,0
1137741,0
1137874,0
1138252,0
1138780,0
1138801,0
1138951,0
1139317,0
1139425,0
1139731,0
1140526,0
1140603,0
1141136,0
1141176,0
1141788,0
1142356,0
1142595,0
1142918,0
1143530,0
1143825,0
1143914,0
1143980,0
1143987,0
1144129,0
1144178,0
1144316,0
1144671,0
1145315,1
1145382,0
1145908,0
1146048,0
1146380,0
1146382,0
1146520,0
1146753,1
1146964,0
1147045,0
1147148,0
1147564,0
1147646,0
1147759,0
1148982,0
1149217,0
1149263,0
1149547,0
1149827,0
1150064,0
1150213,0
1150534,0
1150913,0
1151309,0
1151336,0
1151740,0
1152289,0
1152329,0
1152768,0
1153436,0
1154288,0
1155070,0
1155268,0
1155405,0
1156185,0
1156311,0
1156319,0
1156336,0
1156472,0
1156561,0
1156738,0
1156879,0
1158202,0
1158316,0
1158320,0
1158571,0
1158684,0
1160044,0
1160251,0
1160470,0
1160586,0
1161010,0
1161279,0
1161293,0
1161678,0
1161954,0
1162133,0
1162293,0
1162320,0
1163290,0
1163388,0
1163487,0
1163966,0
1164374,0
1164616,0
1165875,0
1166177,0
1166233,0
1166473,0
1167148,0
1167623,0
1168624,0
1169076,0
1169478,0
1169491,0
1169504,0
1169672,0
1169743,0
1170249,0
1171029,0
1171096,0
1171348,0
1171785,0
1172136,0
1172191,0
1172195,1
1172514,0
1172563,0
1173306,0
1173353,0
1173437,0
1173616,0
1174165,0
1174400,0
1175468,0
1175470,0
1175519,0
1176055,0
1176224,0
1176911,0
1177098,0
1177264,0
1177337,0
1177535,0
1178006,0
1178145,1
1178220,0
1178468,0
1178544,0
1178693,0
1178842,0
1179140,0
1179199,0
1180351,0
1180397,0
1180854,0
1180969,0
1181338,0
1181386,0
1181464,0
1181853,1
1182049,1
1182095,0
1182181,0
1182576,0
1182747,0
1182792,0
1183250,0
1183366,0
1183473,0
1183481,0
1183698,0
1183959,0
1184603,1
1184715,0
1184846,0
1185406,0
1186100,0
1186102,0
1186300,0
1186507,0
1186846,0
1187269,0
1187478,1
1187859,0
1188067,0
1188577,0
1188953,0
1189142,0
1190088,0
1190136,0
1191196,0
1191315,0
1192280,0
1192340,0
1192822,0
1192850,0
1193037,0
1193474,0
1194763,0
1195031,0
1196219,0
1196269,0
1196452,0
1196755,0
1196758,0
1196882,0
1196886,0
1196917,0
1197200,0
1197321,0
1197515,0
1197641,0
1197864,0
1197930,0
1198117,1
1198619,0
1198633,0
1199041,0
1199140,0
1199365,0
1199425,0
1199637,0
1200196,0
1200216,0
1200461,0
1201940,0
1201941,0
1202211,0
1202336,0
1202661,0
1202671,0
1203720,0
1204046,0
1204436,0
1204560,0
1205017,0
1205090,0
1205337,0
1206137,0
1206191,0
1206507,0
1206557,0
1206664,0
1206759,0
1206775,0
1206934,0
1207177,0
1207328,0
1207518,0
1207537,0
1208176,0
1208334,0
1208835,0
1209015,0
1209959,0
1210105,0
1210208,0
1210473,0
1210617,0
1211235,0
1212141,0
1212453,0
1212507,0
1212630,0
1212871,0
1213169,0
1213283,0
1213380,0
1213779,0
1213899,1
1214374,0
1214472,0
1214603,0
1214630,0
1215263,0
1215805,0
1216574,0
1216652,0
1217006,0
1217113,0
1217264,0
1217368,0
1217996,0
1218305,0
1218450,0
1218713,0
1218855,0
1219351,0
1219388,0
1219615,0
1219846,0
1219967,0
1220921,0
1221377,0
1221384,0
1221563,0
1222734,0
1222954,0
1223058,0
1223173,0
1223541,0
1223599,0
1223963,0
1224215,0
1224795,0
1224971,0
1225112,0
1225238,0
1225245,0
1225749,0
1226811,0
1226869,0
1227288,0
1228441,0
1228772,0
1228939,0
1229572,0
1229962,0
1230044,1
1230084,0
1230300,0
1230347,0
1230910,0
1230933,0
1231411,0
1232017,0
1232067,0
1232139,0
1232192,0
1232242,0
1232327,0
1232881,0
1233022,0
1233123,0
1233125,0
1233307,0
1234018,0
1234201,0
1234340,1
1234532,0
1235296,0
1235718,0
1235814,0
1236247,0
1236303,0
1236466,0
1236640,0
1236837,0
1237164,0
1237589,0
1237703,0
1237712,0
1237777,0
1237910,0
1238742,0
1239012,0
1239031,0
1239161,0
1239210,0
1239252,0
1239309,0
1239466,0
1239503,0
1239947,0
1240280,0
1240475,0
1240804,0
1241569,0
1242371,0
1242800,0
1242958,0
1242975,0
1243507,0
1243516,0
1243531,0
1243754,0
1244715,1
1244991,0
1245817,0
1245824,0
1246092,0
1246192,0
1246496,0
1247013,0
1247479,0
1247899,0
1248791,0
1248928,0
1249470,0
1249549,0
1249921,0
1250010,0
1250104,0
1250418,0
1250749,0
1250850,0
1250912,0
1251275,0
1251367,0
1252067,0
1252345,0
1253061,0
1253380,0
1253509,0
1253552,0
1253865,0
1255302,0
1255360,0
1255907,0
1256476,1
1256514,0
1257290,0
1257351,0
1257552,0
1257812,0
1257994,0
1258060,0
1258312,0
1258504,0
1258808,0
1259245,0
1259416,0
1259583,0
1259675,0
1259789,0
1260061,0
1260576,0
1260577,0
1260721,0
1260785,0
1260812,0
1261090,0
1261307,0
1261366,0
1261367,0
1261601,0
1261805,0
1262216,0
1262220,0
1262662,0
1262955,0
1262988,0
1263219,0
1263477,0
1264972,0
1264979,0
1273767,0
1278147,0
1281832,0
1282572,0
1282686,0
1282695,0
1282726,0
1283080,0
1283202,0
1283215,0
1283333,0
1283344,0
1283509,0
1284056,0
1284078,0
1284145,0
1284227,0
1284249,0
1284400,0
1284481,0
1284890,0
1285041,0
1285095,0
1285141,0
1285407,0
1285523,0
1285794,0
1285840,0
1285922,0
1286016,0
1286156,0
1286482,0
1286523,0
1286570,0
1286776,0
1287187,0
1287252,0
1287622,0
1287683,0
1287771,0
1287885,0
1287898,0
1287965,0
1287990,0
1288181,0
1288182,0
1288284,0
1288330,0
1288521,0
1288536,0
1288711,0
1288721,0
1288826,0
1289064,0
1289504,0
1289751,0
1289920,0
1290157,0
1290192,0
1290332,0
1290799,0
1290840,0
1291005,0
1291066,0
1291405,0
1291676,0
1291705,0
1291810,0
1291862,0
1292188,0
1292256,0
1292261,0
1292674,0
1293212,0
1293251,0
1293406,0
1293439,0
1293722,0
1293879,0
1294142,0
1294165,0
1294404,0
1294439,0
1294556,0
1294565,0
1294596,0
1294604,0
1294620,0
1294649,0
1294949,0
1294955,0
1295217,0
1295330,0
1295358,0
1295481,0
1295568,0
1295694,0
1295743,0
1296081,0
1296089,0
1296182,0
1296656,0
1296674,0
1296879,0
1297150,0
1297626,0
1297709,0
1297796,0
1297962,0
1297976,0
1298188,0
1298237,0
1298341,0
1298383,0
1298400,0
1298778,0
1298985,0
1299000,0
1299236,0
1299250,0
1299269,0
1299354,0
1299455,0
1299510,0
1299535,0
1299799,0
1299901,0
1300056,0
1300850,0
1300888,0
1300949,0
1301599,0
1301657,0
1301670,0
1301733,0
1301825,0
1301866,1
1301985,0
1301993,0
1302555,0
1302657,0
1302986,0
1303105,0
1303471,0
1303539,0
1304108,0
1304120,0
1304616,0
1304666,0
1304708,0
1304732,0
1304959,0
1304981,1
1305331,0
1305538,0
1305911,0
1306117,0
1306214,0
1306378,0
1306437,0
1307035,0
1307109,0
1307147,1
1307269,0
1307318,0
1307548,0
1307708,0
1307781,0
1308757,0
1309255,0
1309273,0
1309435,0
1309559,0
1309752,0
1310014,0
1310511,0
1310554,0
1310557,0
1310976,0
1311172,0
1311420,0
1312114,0
1312149,0
1312433,0
1312490,1
1312518,0
1313245,0
1313441,0
1313842,0
1313900,0
1313984,0
1313997,0
1314170,0
1314339,0
1314654,0
1314791,0
1314970,0
1315224,0
1315434,0
1315675,0
1315691,0
1315979,0
1316176,0
1316279,0
1316362,0
1316429,0
1316611,0
1316825,0
1317223,0
1317563,0
1318205,0
1318330,0
1318350,0
1318544,0
1318545,0
1318574,0
1318922,0
1318971,0
1319009,0
1319110,0
1319167,0
1319794,0
1319891,0
1319947,0
1320120,0
1320128,0
1320141,0
1320882,0
1320898,0
1321201,0
1321245,0
1321509,0
1321742,0
1322197,0
1322231,0
1322942,0
1323048,0
1323277,0
1323290,0
1323330,0
1323394,0
1323436,0
1323543,0
1323912,0
1324026,0
1324117,0
1324233,0
1324543,0
1324715,0
1324910,0
1324975,0
1325097,0
1325143,0
1325156,0
1325219,0
1325458,0
1325542,0
1325547,0
1326014,0
1326597,0
1327233,0
1327489,0
1327595,0
1328146,0
1328182,0
1328302,0
1328745,0
1328851,0
1328878,0
1329182,0
1329200,0
1329383,1
1329605,0
1329717,1
1329739,0
1330012,0
1330127,0
1330400,0
1330794,0
1330950,0
1331027,1
1331044,0
1331075,0
1331079,0
1331144,0
1331236,0
1331673,0
1331799,0
1331808,0
1331816,0
1331978,0
1332272,0
1332902,1
1333178,0
1333210,0
1333230,0
1333352,0
1333721,0
1333908,0
1333998,0
1334105,0
1334298,0
1334931,0
1334993,0
1334995,0
1335105,0
1335351,0
1335407,0
1335485,1
1335886,0
1336046,0
1336124,0
1336230,0
1336280,0
1336312,0
1336691,0
1336751,0
1337235,0
1337304,0
1337592,0
1337605,0
1337650,0
1337685,0
1338002,0
1338247,0
1338375,0
1338392,0
1338663,0
1339339,0
1339606,0
1339685,0
1339855,0
1339869,0
1339949,0
1340326,0
1340375,0
1340839,0
1341965,0
1341975,0
1342404,0
1342625,0
1342676,0
1342836,0
1342843,0
1343378,0
1343553,0
1343671,0
1344100,0
1344177,1
1344554,0
1344593,0
1344599,0
1344735,0
1345041,0
1345057,0
1345158,0
1345466,0
1345638,0
1345646,0
1346328,0
1346348,0
1346545,0
1346556,0
1346771,0
1347140,0
1347214,0
1347375,0
1347508,0
1347628,0
1348157,0
1348166,0
1348484,0
1348487,0
1348538,0
1348697,0
1348924,0
1348974,0
1349028,0
1349135,0
1349387,0
1349707,0
1349839,0
1349959,0
1349984,0
1350564,0
1350842,0
1350933,0
1351081,0
1351496,0
1352059,0
1352552,0
1352553,0
1352670,0
1353108,0
1353301,0
1353403,0
1353559,0
1354076,0
1354200,0
1354445,0
1354657,0
1354690,0
1354873,0
1354890,0
1354923,0
1355108,0
1355390,0
1355580,0
1355691,0
1355770,0
1355795,0
1355928,0
1356128,0
1356183,0
1356512,0
1356987,0
1357087,0
1357509,0
1357557,0
1357757,1
1358089,0
1358298,0
1358550,0
1358723,0
1359095,0
1359342,0
1359439,0
1359724,0
1359802,0
1359876,0
1359940,0
1359979,0
1360689,0
1361562,0
1361685,0
1361706,0
1362010,0
1362331,0
1362702,0
1363038,0
1363137,0
1363196,0
1363231,0
1363388,1
1363475,0
1363501,0
1363516,0
1363765,0
1363822,0
1363855,0
1364116,0
1364758,0
1365090,0
1365213,0
1365326,0
1366278,0
1367058,0
1367381,0
1367797,0
1367834,0
1367871,0
1368453,0
1368465,0
1368646,0
1368655,0
1368946,0
1369242,0
1369696,0
1369766,0
1370305,0
1370321,0
1370413,0
1370713,0
1370996,0
1371024,0
1371183,0
1371540,0
1371658,0
1371667,0
1371754,0
1371764,0
1371894,0
1372232,0
1372368,0
1372506,0
1372718,0
1372869,0
1373461,1
1373551,0
1373964,0
1374019,0
1374026,0
1374074,0
1374168,0
1374248,0
1374603,0
1374953,0
1375066,0
1375104,0
1375556,0
1375578,0
1375597,0
1375692,0
1375987,0
1376019,0
1376092,0
1376117,0
1376190,0
1376489,0
1376620,0
1377029,0
1377289,0
1377406,0
1377494,0
1377502,0
1377663,0
1378129,0
1378498,0
1378593,0
1378837,0
1378916,0
1379743,0
1379790,0
1379901,0
1380110,0
1380444,0
1380963,0
1381161,0
1381275,0
1381686,0
1381766,0
1382087,0
1382275,0
1382291,0
1382376,0
1382493,0
1382606,0
1382803,0
1382982,0
1383429,0
1384168,0
1384195,0
1384359,0
1384508,0
1384723,0
1385891,0
1386971,0
1387033,0
1387060,0
1387316,0
1387727,0
1387776,1
1387920,0
1388139,0
1388374,0
1388412,0
1388586,0
1388748,0
1388774,0
1388841,0
1388997,0
1389208,0
1389445,0
1389492,0
1390045,0
1390068,0
1390115,0
1390180,0
1390193,0
1390220,0
1390660,0
1391003,1
1391091,0
1391099,0
1391117,0
1391152,0
1391733,0
1391967,0
1392035,0
1392136,0
1392275,0
1392343,0
1392442,0
1392490,0
1392551,0
1392869,0
1392987,0
1393410,0
1393426,0
1393549,0
1393584,0
1393844,0
1394043,0
1394105,0
1394496,0
1394668,0
1394812,0
1395286,0
1395349,1
1395737,0
1396031,0
1396275,0
1396285,0
1396325,0
1396368,0
1397079,0
1397469,0
1397537,0
1398098,0
1398618,0
1398729,0
1398794,0
1398806,0
1399215,0
1400469,0
1400596,0
1400767,0
1400887,0
1400958,0
1401042,0
1401278,0
1401386,0
1401467,0
1401483,0
1401601,0
1401866,0
1401988,0
1402179,1
1402288,0
1402441,0
1402495,0
1402507,0
1402843,0
1402994,0
1403244,0
1403261,0
1403270,0
1403798,0
1404016,0
1404195,1
1404497,0
1404503,0
1404563,0
1404752,0
1404834,0
1404943,0
1405116,0
1405287,0
1405982,0
1406528,0
1406874,0
1407732,0
1407788,0
1407880,0
1408258,0
1408426,0
1408815,0
1409021,0
1409100,0
1409433,0
1409465,0
1410185,0
1410515,0
1410592,0
1410840,0
1410843,0
1410985,1
1411184,0
1411570,0
1412203,0
1412350,0
1412391,0
1412453,0
1412691,0
1413379,0
1413406,0
1413486,1
1413611,0
1413656,0
1413861,0
1413905,0
1414427,0
1414701,0
1415887,0
1415898,0
1415994,0
1416191,1
1416992,0
1417060,0
1417289,0
1418037,0
1418092,0
1418691,0
1418880,0
1419231,0
1419465,0
1419900,0
1420090,0
1420225,0
1420254,0
1420277,0
1420611,0
1420703,1
1420933,0
1420993,0
1420994,0
1421410,0
1421534,0
1421612,0
1422047,0
1422741,0
1422767,0
1422914,0
1422947,0
1422981,0
1423034,0
1423671,1
1423727,0
1423821,0
1424119,0
1424335,0
1424776,0
1424807,0
1424840,0
1424850,0
1425424,0
1425772,0
1425912,0
1426133,0
1426155,0
1426598,0
1426704,0
1427022,0
1427535,0
1427704,0
1428616,0
1429422,0
1429522,0
1429829,0
1430120,0
1430204,0
1430987,0
1431413,0
1431612,0
1432350,0
1432383,0
1432626,0
1432661,0
1432784,0
1432855,0
1432930,0
1433097,0
1433273,0
1433452,1
1433533,0
1433630,0
1434498,0
1434997,0
1435098,1
1435100,0
1435189,0
1435297,0
1435304,0
1435381,0
1435623,0
1435916,1
1435956,0
1436265,0
1436428,0
1436445,0
1436792,0
1436815,0
1437749,0
1438102,0
1438442,0
1438476,0
1438513,0
1438726,0
1438895,0
1439105,0
1439152,0
1439751,1
1440187,0
1440213,0
1440219,0
1440351,0
1440581,0
1441071,0
1441167,0
1441402,0
1441406,0
1442323,0
1442482,0
1442702,0
1443001,0
1443335,0
1443479,0
1443637,0
1443960,0
1443965,0
1444006,0
1444162,0
1444200,0
1444224,0
1444939,0
1445097,0
1445227,0
1446265,0
1446667,0
1446875,0
1447156,0
1447499,0
1447514,0
1447837,0
1448117,0
1448175,0
1448234,0
1448306,0
1448469,0
1448753,0
1448799,0
1449531,0
1449539,0
1449696,0
1449827,0
1450221,0
1450307,0
1450567,0
1451025,0
1451241,0
1451399,0
1451456,0
1451766,0
1452005,0
1452465,0
1452531,0
1452990,0
1453146,0
1453248,0
1453332,0
1453379,0
1453792,0
1454110,0
1454310,0
1454542,0
1454976,0
1455209,0
1455389,0
1456032,0
1456482,0
1456642,0
1456895,0
1457102,0
1457248,0
1457331,0
1457373,0
1457563,0
1457642,0
1457754,0
1457806,0
1457842,0
1457865,0
1458285,0
1458569,0
1458595,0
1458762,0
1459008,0
1459056,0
1459229,0
1460509,0
1460843,0
1461128,0
1461208,0
1461531,0
1461930,0
1462286,0
1462398,0
1462462,0
1462517,0
1462670,0
1463161,0
1463386,0
1463646,0
1463665,0
1463705,0
1463906,0
1463945,0
1463947,0
1464178,0
1464230,0
1464246,0
1464788,0
1465004,0
1465040,0
1465649,0
1465650,0
1465990,0
1466044,0
1466986,0
1467398,1
1467875,0
1467978,0
1469029,0
1469209,0
1469258,0
1469610,0
1469901,0
1469953,0
1470691,0
1470862,0
1471162,0
1471567,0
1471763,0
1472136,0
1472172,0
1472337,1
1472361,0
1473116,0
1473641,0
1473790,0
1473931,0
1474223,0
1474947,0
1475161,0
1475179,0
1475543,0
1475606,0
1475724,0
1475966,0
1475971,0
1476059,0
1476408,0
1476819,0
1476933,0
1477676,0
1478079,0
1478349,0
1478460,0
1478509,0
1478693,0
1478920,0
1478975,0
1479053,0
1479258,0
1479435,0
1479501,0
1479667,0
1480437,0
1480526,0
1481437,0
1481620,0
1481759,0
1482228,0
1482267,0
1482491,0
1483059,0
1483506,0
1483543,0
1484281,0
1484332,1
1484413,0
1484528,0
1484844,0
1484912,1
1485143,0
1486094,0
1486118,0
1486131,0
1486186,0
1486288,0
1486417,0
1486745,0
1486959,0
1487073,0
1487390,0
1488414,0
1488845,0
1489582,0
1489807,0
1490168,0
1490598,0
1491119,0
1491391,0
1492446,0
1492462,0
1492484,0
1492745,1
1492798,0
1492840,0
1493330,0
1493428,0
1493516,0
1493688,0
1494042,0
1494338,0
1494691,0
1495057,0
1495668,0
1496010,0
1496105,0
1496302,0
1497021,0
1497412,0
1497550,0
1497774,0
1498023,0
1498609,1
1498909,0
1498911,0
1499184,0
1499190,0
1499780,0
1499933,0
1499997,0
1500142,0
1500530,0
1501186,0
1502245,1
1502515,0
1502525,0
1502597,0
1502599,0
1502972,0
1503252,0
1503291,0
1503991,0
1504050,0
1504429,0
1504758,0
1504772,0
1505192,0
1505539,0
1505720,0
1505956,0
1506750,0
1507066,0
1508124,0
1508180,0
1508437,0
1508564,0
1508668,0
1508836,0
1508916,0
1509098,0
1509280,0
1510057,0
1510754,0
1510868,0
1511296,0
1511705,0
1511774,0
1512575,0
1512579,0
1512608,0
1512767,0
1513376,0
1514469,0
1514781,0
1514785,0
1515019,0
1515226,0
1516064,0
1516588,0
1516725,0
1516970,0
1517124,0
1517177,0
1517543,0
1517907,1
1518084,0
1518182,0
1518275,0
1518447,0
1518830,0
1519174,0
1519356,0
1519443,0
1519735,0
1520188,0
1520210,0
1520773,0
1520847,0
1520865,0
1521229,0
1521275,0
1521462,0
1521582,0
1521907,0
1522073,0
1522152,0
1522187,0
1522570,0
1522713,0
1522968,0
1523048,0
1523086,0
1523289,0
1523325,0
1523412,0
1523475,0
1523914,0
1523961,0
1524601,0
1524718,0
1524900,0
1524965,0
1525474,0
1525606,0
1525851,0
1526177,1
1526324,0
1527109,0
1527486,1
1527611,0
1527893,0
1528054,0
1528140,0
1528143,0
1528166,1
1528535,0
1529296,0
1530530,0
1530631,0
1530805,0
1530832,0
1530941,0
1530954,0
1531160,0
1531362,0
1531470,0
1531473,0
1531534,0
1531560,0
1531684,0
1531742,0
1531748,0
1531882,0
1532092,0
1532461,0
1532671,0
1532685,0
1533126,0
1533152,0
1533361,0
1533494,0
1533906,0
1533967,0
1534285,0
1534540,0
1534567,0
1534925,0
1535690,0
1536241,0
1536502,0
1537368,0
1537395,0
1538353,0
1538470,0
1538992,0
1539218,0
1539470,0
1539493,0
1539517,0
1539518,0
1540371,0
1540792,0
1540810,0
1541192,0
1541371,0
1541450,0
1541647,0
1541783,0
1541802,0
1541822,0
1542167,0
1542199,0
1542549,0
1542577,0
1542765,0
1543107,1
1543300,0
1543547,0
1543598,0
1543697,0
1544761,0
1545107,0
1545182,0
1545466,0
1545823,0
1546242,0
1546258,0
1546810,0
1547081,0
1547398,0
1548643,0
1549367,0
1549516,0
1549797,0
1550099,0
1550250,0
1550499,0
1550515,0
1550806,0
1550958,0
1551027,0
1551679,1
1552151,0
1552420,0
1552759,0
1552949,0
1553462,0
1553666,0
1554003,0
1554131,0
1554280,0
1554355,0
1554615,0
1554633,0
1555139,0
1555259,0
1555451,0
1555624,1
1556367,0
1556388,0
1556424,0
1556600,0
1556666,0
1556715,0
1556971,0
1557014,0
1558681,0
1558812,0
1558888,0
1558990,0
1559121,0
1559384,0
1559722,0
1559921,0
1559955,0
1560150,0
1560209,0
1560453,0
1560792,0
1561233,0
1561468,0
1561489,0
1562285,0
1563052,0
1563110,0
1563216,0
1563316,0
1563356,0
1564480,0
1564562,0
1564725,0
1564999,0
1565639,0
1565658,0
1566025,0
1566615,0
1567882,0
1568101,0
1568118,0
1568227,0
1568431,0
1568445,0
1568533,0
1568840,0
1568953,0
1569087,0
1569156,0
1569515,0
1569601,0
1569625,0
1569789,0
1570634,0
1570773,0
1571294,0
1571694,0
1571726,0
1571981,0
1572897,0
1572999,0
1573107,1
1573134,0
1574040,0
1574117,0
1574275,0
1574506,0
1575117,0
1575214,0
1575352,0
1576786,0
1577531,0
1577587,0
1577900,0
1577920,0
1577991,0
1578182,0
1578191,0
1578228,0
1578726,0
1579081,0
1579112,0
1579266,0
1579386,0
1580153,0
1580277,0
1580562,0
1580579,0
1580729,0
1581280,0
1581490,0
1581861,0
1582084,0
1582753,0
1582821,0
1582850,0
1583326,0
1583470,0
1583490,0
1583589,0
1583786,0
1584022,0
1584036,0
1584129,0
1584363,0
1584481,0
1584580,0
1584992,0
1585385,0
1585490,0
1585589,0
1585931,0
1586176,0
1586397,0
1586508,0
1586844,0
1587267,0
1587417,0
1587456,0
1587792,0
1588004,0
1588124,0
1588355,1
1588525,0
1588587,0
1588591,0
1588927,1
1589323,0
1589780,0
1589860,0
1589938,0
1590055,1
1590244,0
1590452,0
1590472,0
1590754,0
1591092,0
1591149,0
1591900,0
1592224,0
1592294,0
1592698,0
1592762,0
1593265,0
1593297,0
1593348,0
1593682,0
1593892,0
1593989,0
1594027,0
1594075,0
1594139,0
1594340,0
1594475,0
1594587,0
1594828,0
1595266,0
1595820,1
1595826,0
1596034,0
1596085,0
1596118,0
1596420,0
1596622,0
1596695,0
1596955,0
1597016,0
1597052,0
1597128,0
1597161,0
1597374,0
1597559,0
1597777,0
1597813,0
1598050,0
1598277,0
1598404,0
1598642,0
1598744,0
1598753,0
1598939,0
1599392,0
1599546,0
1600039,0
1600192,0
1600483,0
1601240,0
1601260,0
1601304,0
1601768,0
1601792,0
1601795,0
1602084,0
1602210,0
1602588,0
1602985,0
1602999,0
1603333,0
1603463,0
1603464,0
1603743,0
1603883,0
1603965,0
1604338,0
1604461,0
1604702,0
1604779,0
1604895,0
1605173,0
1605333,0
1606209,0
1606909,0
1606948,0
1607024,0
1607275,0
1607380,0
1607416,1
1607462,1
1607850,0
1607910,0
1608333,0
1608421,0
1608499,0
1608783,0
1608885,0
1608906,0
1608908,0
1609532,0
1610024,0
1610469,0
1610492,0
1610736,0
1610845,0
1611025,0
1611630,0
1611741,0
1611758,0
1611998,0
1613396,0
1613525,0
1613659,0
1614374,0
1614390,0
1614739,0
1614835,0
1614977,0
1614998,0
1615239,0
1615261,0
1615695,0
1615803,0
1615963,0
1616383,0
1617735,0
1618165,0
1618333,0
1618493,0
1619090,1
1619249,0
1619622,0
1619627,0
1619843,0
1620534,0
1621354,0
1622216,0
1622259,0
1622391,0
1622502,0
1622758,0
1622999,0
1623519,0
1623538,0
1623787,0
1624112,0
1624688,0
1624901,0
1625103,0
1625174,0
1625228,0
1625251,0
1625282,0
1625297,1
1625381,0
1625835,0
1626158,0
1626166,0
1626174,0
1626582,0
1627171,0
1627422,0
1627461,1
1627489,0
1627737,0
1627794,0
1627800,0
1627807,0
1627902,0
1627970,0
1627994,0
1628057,0
1628288,0
1628832,0
1628994,0
1629522,0
1629547,0
1629834,0
1629835,0
1629851,0
1630534,0
1631610,0
1631612,0
1631792,0
1632226,0
1632300,0
1634080,0
1634477,0
1634486,0
1634716,0
1634838,0
1635383,0
1635444,0
1635533,0
1635552,0
1635661,0
1635789,0
1635876,1
1636009,0
1636402,1
1636646,0
1636791,0
1637003,0
1637411,0
1637550,0
1637953,0
1638111,0
1638132,0
1638498,0
1638696,0
1638967,0
1639785,0
1639916,0
1640079,0
1640466,1
1640550,0
1640741,0
1640840,0
1640881,0
1641074,0
1641113,0
1641352,0
1641470,0
1641661,0
1642155,0
1642290,0
1642798,0
1643001,0
1643107,0
1643274,0
1643606,0
1643765,0
1643775,0
1643988,0
1644231,0
1644342,0
1644574,0
1644679,0
1644750,0
1645263,0
1645371,0
1645545,0
1645610,0
1645652,0
1645821,0
1645956,0
1646060,0
1646383,0
1646395,0
1646741,0
1646797,0
1646825,0
1646887,1
1648042,0
1648444,0
1648526,0
1648647,0
1648957,0
1648973,0
1649125,0
1649196,0
1649308,0
1649507,0
1649765,0
1650172,0
1650306,0
1650352,0
1650502,0
1650587,0
1650994,0
1651088,0
1651548,0
1651579,0
1652045,0
1652529,0
1653459,0
1653681,0
1653907,0
1654311,0
1654361,0
1654374,0
1654445,0
1654825,0
1656093,0
1656219,0
1656279,0
1656585,0
1657315,0
1657762,0
1658016,0
1658305,0
1658388,0
1658471,0
1658590,0
1658823,0
1658866,0
1659294,0
1659350,0
1659366,0
1659377,0
1659444,0
1659699,0
1659758,0
1659899,0
1659947,0
1660334,0
1660418,0
1660435,0
1660551,0
1660927,0
1661255,0
1661292,0
1661356,0
1661384,0
1661475,0
1661622,0
1661764,0
1662069,0
1662104,0
1662124,0
1662191,0
1662511,0
1662767,0
1662774,0
1662953,0
1663515,0
1663548,0
1663615,0
1663673,0
1664596,0
1664663,0
1665006,0
1665309,0
1665630,0
1666294,0
1666344,0
1666440,0
1666612,0
1666984,0
1667344,0
1667443,0
1667445,0
1667578,0
1667646,0
1667763,0
1667995,0
1668141,0
1668293,0
1669307,0
1669384,0
1669415,0
1669674,0
1669950,0
1670312,0
1670331,0
1670369,0
1670380,0
1671189,0
1671521,0
1671623,0
1671795,0
1671855,0
1672043,0
1672063,0
1672089,0
1672632,0
1672636,0
1672852,0
1672971,0
1673122,0
1673473,0
1673482,0
1673492,0
1674233,0
1674404,0
1674752,0
1674769,1
1675644,0
1675834,0
1676130,0
1676330,0
1676520,0
1676564,0
1676631,0
1676755,0
1676827,0
1676915,0
1677100,0
1677241,0
1677396,0
1677473,0
1678149,0
1678478,0
1678591,0
1678669,0
1679113,0
1679260,0
1679300,0
1679322,0
1679659,0
1680001,1
1680303,0
1680311,0
1680346,1
1680379,0
1680403,1
1680605,0
1680902,0
1681034,0
1681639,0
1681903,0
1682143,0
1682423,0
1682779,0
1682825,0
1682858,0
1683048,0
1683056,0
1683057,0
1683152,0
1683570,0
1683575,0
1684125,0
1684932,0
1685686,0
1685752,0
1685782,0
1686109,0
1686232,0
1686243,0
1686312,0
1686922,0
1687163,1
1687304,1
1687502,0
1687520,0
1687845,0
1687849,0
1688042,1
1688092,0
1688133,0
1688273,0
1688282,0
1688316,0
1689360,0
1689497,0
1689601,0
1689706,0
1689903,0
1690458,0
1690666,0
1690886,0
1691341,0
1691469,1
1691655,0
1691945,0
1692241,0
1692329,0
1692385,0
1692537,0
1692898,0
1692921,0
1692946,0
1693358,0
1693479,0
1694026,0
1694444,0
1694450,0
1694518,0
1694588,0
1695586,0
1696545,0
1697031,0
1697136,0
1697395,0
1697557,0
1698033,0
1698079,0
1698216,0
1698230,0
1698407,0
1698444,0
1698639,0
1698791,0
1698800,0
1699157,0
1699374,0
1699962,0
1699968,0
1700034,0
1700248,0
1700309,0
1700389,0
1700457,0
1700465,0
1700651,0
1701153,0
1701259,0
1701443,0
1701464,0
1702208,0
1702480,0
1702892,0
1704047,0
1704222,0
1704607,0
1704815,0
1704834,0
1704904,0
1705003,0
1705181,0
1705612,0
1705640,0
1705776,0
1705863,0
1705986,0
1706053,0
1706275,0
1706983,0
1707034,0
1707299,0
1707860,0
1707871,0
1708196,0
1708597,0
1708832,1
1708836,0
1709095,0
1709171,0
1709430,0
1709440,0
1709586,0
1709719,0
1710128,0
1710361,0
1710399,0
1710481,0
1710523,0
1710584,0
1710897,0
1710982,0
1711206,0
1711919,0
1712499,0
1712553,0
1712788,0
1712882,0
1714113,0
1714149,0
1714316,0
1714360,0
1714644,0
1715213,0
1715591,0
1715612,0
1715942,0
1715967,0
1716053,0
1716215,0
1716272,0
1716862,0
1716892,0
1717342,0
1717397,0
1717500,0
1717819,0
1718087,0
1718102,0
1718363,0
1718566,0
1719577,0
1719688,0
1719874,0
1720042,0
1720338,0
1720791,0
1721419,0
1721678,0
1721769,0
1721823,0
1722561,0
1722783,0
1722942,0
1722978,0
1724477,0
1724483,0
1724795,0
1724973,0
1725547,0
1725740,0
1726246,0
1726660,0
1726727,0
1726962,0
1727077,0
1727369,0
1727794,0
1728005,0
1728097,0
1728175,1
1728182,0
1728445,0
1728545,0
1728765,0
1729058,1
1729810,0
1729922,0
1730044,0
1730376,0
1730853,0
1732588,0
1732794,0
1732901,0
1733089,0
1733153,0
1733261,0
1733567,0
1733587,0
1734038,0
1734056,0
1734068,0
1734323,0
1734532,0
1734794,0
1734932,0
1735500,0
1735618,0
1735942,0
1736532,0
1736642,0
1736663,0
1737271,0
1737396,0
1737826,0
1737865,0
1737945,0
1738049,0
1738351,0
1738524,0
1738600,0
1738611,0
1738928,0
1738948,0
1739026,0
1739045,0
1739154,0
1739238,0
1739496,0
1739529,0
1739703,0
1740036,0
1740042,0
1740047,0
1740159,0
1740274,0
1741411,0
1741436,0
1741534,0
1741805,0
1741854,0
1742097,0
1742192,0
1742215,0
1742327,0
1742631,0
1742849,0
1743147,0
1743235,0
1743283,0
1743351,0
1744200,0
1744583,0
1745137,0
1745143,0
1745159,0
1745317,0
1745858,0
1745985,0
1745997,0
1746197,0
1746361,0
1747140,0
1748141,0
1748178,0
1748384,0
1748468,0
1748488,0
1748506,0
1749533,0
1749586,0
1749731,0
1750299,0
1750313,0
1750553,0
1750784,0
1751062,0
1751221,0
1751417,0
1751488,0
1751633,0
1751797,0
1752098,0
1752337,0
1752471,0
1752488,0
1752585,0
1752794,0
1752969,0
1753169,0
1753538,0
1753587,0
1753751,0
1754150,0
1754654,1
1754821,0
1755095,0
1755163,0
1755350,0
1755460,0
1755800,0
1756108,0
1756118,0
1756466,0
1756474,0
1756616,0
1757386,0
1757534,0
1757551,0
1757785,0
1757883,0
1758604,0
1758715,0
1758812,0
1759695,0
1759874,0
1759884,0
1760005,0
1760166,0
1760419,0
1761103,0
1761212,0
1761404,0
1761471,0
1761874,0
1761975,0
1762174,0
1762280,0
1762326,0
1762372,0
1762713,0
1763139,0
1763913,0
1764050,0
1764160,0
1764417,0
1764703,0
1764741,0
1764809,0
1764922,0
1764938,0
1765378,0
1765589,0
1765862,0
1765964,0
1766200,0
1766462,0
1766547,0
1766587,0
1766599,0
1766630,0
1766852,0
1766917,0
1767641,0
1767867,0
1767871,0
1767969,0
1767982,0
1768051,0
1768088,0
1768267,0
1768278,0
1768515,0
1768792,0
1768881,0
1769056,0
1769131,0
1769154,0
1769337,0
1769417,0
1769510,0
1769564,0
1769643,0
1769948,0
1770354,0
1770514,0
1770596,0
1770625,0
1770689,0
1770811,0
1770865,1
1770959,0
1770993,0
1771468,0
1771572,0
1771969,0
1772145,0
1772148,0
1772215,0
1772267,0
1772526,0
1772727,0
1773505,0
1773515,0
1773776,0
1773888,0
1774272,0
1774352,0
1774379,0
1774553,0
1774878,0
1775017,0
1775027,0
1775375,0
1775559,0
1776333,0
1776414,0
1776497,0
1776627,0
1776959,0
1777096,0
1777664,0
1777687,0
1777885,0
1778128,0
1778883,0
1779524,0
1779687,0
1779803,0
1780486,0
1781971,0
1782067,0
1782104,0
1782411,0
1782529,1
1782739,0
1782817,0
1782920,0
1783567,0
1784290,0
1784392,0
1784625,0
1785606,0
1785781,0
1786411,0
1787210,0
1787390,0
1787633,0
1787884,0
1788041,1
1788238,0
1788430,0
1788464,0
1788707,0
1788927,1
1788972,0
1788983,0
1789060,0
1789277,0
1789362,0
1789883,0
1789979,0
1789987,0
1790139,0
1790199,0
1790233,0
1790444,0
1790453,0
1790483,0
1790556,0
1790671,0
1790696,0
1790769,0
1791010,1
1791093,0
1791193,0
1791481,1
1792081,0
1792227,0
1792306,0
1792438,0
1792583,0
1792837,0
1792847,0
1793832,0
1794353,0
1794468,0
1794637,0
1794649,0
1795031,0
1795136,0
1795264,0
1795281,0
1795478,0
1795591,0
1795684,0
1795694,0
1796551,0
1796754,0
1797074,0
1797106,0
1797289,0
1797629,0
1797632,0
1797679,0
1797988,0
1798000,0
1798010,0
1798224,0
1798363,0
1798533,0
1798635,0
1798667,0
1800193,0
1800312,0
1800466,0
1800706,0
1800728,0
1800935,0
1801340,0
1801708,0
1801736,0
1801835,0
1801889,0
1801930,0
1802453,0
1802657,0
1802665,0
1802697,0
1803032,0
1803933,0
1803987,0
1804010,0
1804189,0
1804292,0
1804825,0
1804856,0
1804885,0
1804964,0
1805086,0
1805427,0
1805448,0
1806461,0
1806669,0
1806687,0
1806930,0
1807207,0
1807399,0
1807543,0
1807653,0
1807736,0
1807822,0
1808119,0
1808141,0
1808998,0
1809341,0
1809409,0
1809506,0
1809540,0
1809790,0
1810081,0
1810440,0
1810963,0
1811062,0
1811153,0
1811296,0
1811556,0
1811610,0
1811902,0
1811913,0
1812138,0
1812599,0
1812846,0
1812923,0
1813207,0
1813373,0
1813660,0
1813917,0
1813937,0
1814103,0
1814651,0
1814786,0
1814804,0
1815237,0
1815366,0
1815394,0
1815396,0
1815558,0
1815641,1
1815772,0
1815943,0
1815968,0
1816486,0
1816946,0
1817737,0
1817801,0
1817970,0
1817991,0
1818511,0
1818633,0
1818857,0
1818917,0
1819213,0
1819233,0
1819239,0
1819354,0
1819397,0
1819623,1
1819729,0
1819965,0
1820318,0
1820950,0
1820956,0
1821313,0
1821543,0
1821625,0
1821641,0
1822024,0
1822070,0
1823090,0
1823103,0
1823195,0
1823400,0
1823536,0
1823940,0
1823967,0
1824227,0
1824300,0
1824348,0
1824435,0
1824483,0
1824623,0
1824835,0
1824843,0
1825066,0
1825426,0
1826017,0
1827282,0
1827884,0
1827951,0
1828163,0
1828259,0
1828804,0
1829211,0
1829313,0
1829432,0
1829483,0
1829850,0
1830225,0
1830663,0
1831490,0
1831602,0
1831662,0
1831771,0
1832579,0
1832613,0
1832871,0
1832884,0
1832930,0
1832972,0
1833364,0
1833367,0
1833837,0
1833961,0
1833990,0
1834088,0
1834109,0
1834166,0
1834275,0
1834372,0
1834595,0
1834630,0
1834691,0
1834788,0
1834890,0
1834922,0
1834929,0
1835184,0
1835365,0
1835638,0
1835796,0
1836117,0
1836483,0
1836490,0
1836491,0
1837336,0
1837566,0
1837958,1
1838579,0
1838594,0
1838600,0
1838603,0
1838650,0
1838813,0
1838954,0
1839310,0
1839410,0
1839522,0
1839654,0
1839743,1
1840038,0
1840722,1
1840754,0
1840849,0
1841905,0
1842125,0
1842249,0
1842278,0
1842286,0
1842501,0
1842578,0
1842676,0
1842681,0
1842865,0
1843089,0
1843218,0
1843342,0
1843460,0
1843530,0
1843813,0
1843818,0
1844057,0
1844426,1
1844444,0
1844560,0
1844578,0
1845340,0
1845816,0
1846155,0
1846547,0
1846635,0
1846753,1
1846927,0
1847040,0
1847241,0
1847401,0
1847520,0
1847556,0
1847563,0
1847581,0
1847626,0
1847970,0
1848020,0
1848220,0
1848865,0
1848878,0
1849623,0
1850045,0
1851008,0
1851141,0
1851523,0
1851547,0
1851825,0
1851858,0
1851875,0
1852060,0
1852130,0
1852897,0
1853080,0
1853321,0
1853692,0
1853712,0
1853993,0
1854380,0
1854518,0
1854768,0
1854986,0
1855109,0
1855229,0
1855273,0
1855393,0
1856682,0
1856863,0
1856890,0
1857197,0
1857302,0
1857453,0
1858012,0
1858231,0
1858264,0
1858319,0
1858409,0
1858413,1
1858425,0
1858463,0
1858517,0
1858585,0
1859264,0
1859333,0
1859710,0
1859880,0
1859940,0
1860248,0
1860394,0
1860578,0
1860590,0
1860604,0
1860642,0
1860670,0
1860989,0
1861183,0
1861371,0
1861539,1
1861724,0
1862292,0
1862455,1
1862775,0
1862802,0
1863088,0
1863176,0
1863290,0
1863614,0
1867665,0
1868345,0
1869925,0
1871585,0
1871845,0
1872240,0
1874629,0
1875826,0
1885640,0
1894615,0
1899315,0
1899393,0
1899507,0
1899609,0
1899794,0
1900274,0
1900292,0
1900561,0
1901182,0
1901670,0
1901924,0
1901974,0
1902313,0
1902556,0
1902722,0
1902773,0
1902795,0
1903279,0
1903441,0
1903546,0
1903829,0
1904441,0
1904498,0
1904635,1
1905149,0
1905228,0
1906025,0
1906444,0
1906633,0
1906865,0
1907099,0
1907259,0
1907284,0
1907379,1
1908307,0
1908327,1
1908505,0
1908523,0
1909160,0
1909296,0
1909391,0
1909523,0
1909812,0
1911116,0
1911291,0
1911293,0
1911608,0
1912046,0
1912105,0
1912650,0
1912687,0
1912868,0
1913145,1
1913489,0
1913555,0
1913609,0
1913831,0
1914072,0
1914083,0
1914294,0
1914509,0
1914510,0
1914818,0
1915062,0
1915400,0
1915661,0
1915715,0
1915973,0
1916126,0
1916700,0
1917292,0
1917354,0
1917410,0
1917487,1
1917503,0
1917621,0
1917797,0
1917831,0
1917846,0
1918009,0
1918035,0
1918250,0
1918454,0
1918542,0
1918603,0
1919202,0
1919236,0
1919592,0
1919652,0
1920146,0
1920320,0
1920927,0
1920946,0
1921318,0
1921585,0
1921662,0
1922608,0
1922632,0
1922682,0
1923819,0
1924619,1
1924722,0
1924947,0
1925404,0
1925804,0
1926039,0
1926074,0
1926160,1
1927340,0
1927468,0
1927593,0
1927782,0
1927795,0
1928051,0
1929050,0
1929462,0
1929585,0
1930353,0
1930642,0
1930743,1
1930785,0
1930830,0
1930892,0
1931071,0
1931116,0
1931297,0
1931785,1
1932152,0
1933050,0
1933071,0
1934332,0
1934440,0
1934564,0
1934983,0
1935070,0
1935213,0
1935854,0
1936491,0
1936718,0
1936778,0
1937758,0
1937855,0
1938102,0
1938199,0
1938342,0
1939181,0
1939357,0
1939663,0
1940781,0
1941154,0
1941557,0
1941813,0
1942153,1
1942192,0
1942252,0
1942279,0
1942962,0
1942967,0
1943128,0
1943436,0
1943492,0
1944016,0
1944077,0
1944159,0
1944265,0
1944364,0
1944453,0
1944454,0
1944464,0
1944564,0
1944754,0
1945044,0
1945233,0
1945655,0
1946026,0
1946148,1
1946193,0
1946777,0
1946784,0
1946822,0
1947415,0
1947590,0
1947755,0
1947861,0
1948514,0
1948581,0
1948615,0
1948814,0
1949068,0
1949187,0
1949223,0
1949300,0
1949366,0
1949404,0
1949571,0
1949641,0
1950487,0
1951225,0
1951555,0
1951633,0
1951638,0
1952993,0
1953186,0
1953253,0
1953290,0
1953701,0
1953964,0
1954071,0
1954943,0
1955021,0
1955043,0
1955349,0
1957137,0
1957558,1
1957819,0
1957855,0
1957942,0
1958100,0
1958288,0
1958305,0
1958499,0
1958792,0
1958918,0
1958972,0
1959942,0
1959990,0
1960231,0
1960273,0
1961176,0
1961319,0
1961395,0
1962129,0
1962220,0
1962317,0
1962339,0
1962342,0
1962830,0
1963030,0
1963072,0
1963251,0
1963429,0
1964045,0
1964194,0
1964302,0
1964651,1
1964776,0
1965358,0
1965423,0
1965595,0
1965662,0
1966023,0
1966247,0
1966314,0
1966580,0
1966895,0
1966898,0
1967511,0
1967786,0
1967817,0
1967873,0
1967972,0
1968361,1
1968480,0
1969396,0
1969778,0
1969916,0
1969955,0
1970666,0
1970766,0
1970945,0
1971153,0
1971715,0
1972359,0
1972580,0
1972726,0
1972782,0
1973048,0
1973131,0
1973775,0
1974020,0
1974146,0
1974243,0
1974252,0
1974521,0
1975076,0
1975398,0
1975612,0
1976004,0
1976169,0
1976170,0
1976291,0
1976660,0
1976807,0
1977166,0
1977533,0
1977668,0
1978010,0
1978296,0
1978794,0
1978974,0
1980527,0
1980730,0
1980896,0
1980966,0
1981657,0
1981685,0
1981891,0
1981916,0
1982312,0
1982516,0
1982919,0
1982927,0
1983347,0
1984051,0
1984195,0
1985060,0
1985829,0
1985999,0
1986495,0
1986703,0
1986960,1
1986965,0
1987012,0
1987580,0
1988026,0
1988161,0
1988300,0
1988623,0
1988745,0
1988791,0
1988829,0
1989317,0
1989460,0
1989502,0
1990289,0
1990717,0
1990773,0
1991148,0
1991223,0
1991511,0
1991621,0
1992162,0
1992403,1
1992442,0
1992671,0
1992778,0
1993096,0
1993125,0
1993307,0
1993411,0
1993704,0
1994118,0
1994549,0
1994962,0
1995017,0
1995639,0
1995684,0
1995690,0
1995771,0
1995967,0
1996034,0
1996544,0
1996936,0
1997093,0
1997248,0
1997277,0
1997663,0
1997775,0
1997778,0
1997817,0
1997956,0
1998107,0
1998110,0
1998368,0
1998397,0
1998801,0
1998893,0
1999147,0
1999257,0
1999263,0
1999668,0
2000034,0
2000362,0
2000777,0
2000964,0
2001157,0
2002070,0
2002579,0
2002594,0
2002677,0
2002739,0
2003128,0
2003148,0
2003226,0
2003295,0
2003428,0
2003770,0
2004841,0
2004864,0
2005100,0
2005190,0
2005327,0
2005373,0
2005575,0
2005850,0
2006135,0
2006264,0
2006332,0
2006401,0
2006419,0
2006580,0
2006776,0
2006826,0
2006835,0
2006933,0
2007284,0
2007420,0
2007431,0
2007896,0
2008159,0
2008605,0
2009142,0
2009406,0
2009444,0
2009682,0
2009858,0
2009955,0
2010268,0
2010365,1
2010426,0
2010479,0
2010732,0
2011432,0
2011549,0
2011682,0
2011693,0
2011898,0
2011945,0
2012073,0
2012086,0
2012373,0
2012425,0
2012666,0
2012724,0
2013147,0
2013354,0
2013499,0
2013716,0
2013804,0
2013948,0
2014131,0
2014462,0
2014705,0
2014954,0
2015084,0
2015163,0
2015227,0
2015700,0
2016097,0
2016131,0
2016914,0
2016951,1
2017696,0
2017739,0
2017934,0
2018207,0
2018320,0
2019159,0
2019253,0
2019301,0
2019634,0
2020068,0
2020374,0
2020848,0
2020851,0
2020895,0
2020896,0
2021206,0
2021699,0
2021746,0
2022035,0
2022202,0
2022983,0
2023119,0
2024187,0
2024286,0
2024580,0
2024975,0
2025054,0
2025768,0
2025780,0
2025823,0
2026799,0
2027215,0
2027521,0
2027942,0
2028320,0
2028406,0
2028536,0
2028599,0
2028611,0
2028650,0
2028775,0
2028804,0
2028840,0
2029015,0
2029482,0
2030121,0
2030368,0
2030518,0
2030609,0
2030794,0
2030856,0
2031145,0
2031244,0
2031335,0
2031450,0
2031698,0
2031699,0
2032126,0
2032596,0
2032604,0
2032623,0
2032783,0
2033573,0
2034358,0
2034392,0
2034517,0
2034582,0
2034598,0
2034692,0
2034889,0
2035178,0
2035843,0
2036021,0
2036055,1
2036389,0
2036729,0
2036971,0
2037593,0
2037597,0
2037783,0
2037822,0
2037931,0
2038307,0
2038406,0
2038568,0
2038679,0
2038692,0
2038847,0
2038849,0
2038885,0
2038918,0
2039002,0
2039247,0
2039255,0
2039627,0
2039659,0
2039720,0
2039852,1
2040148,0
2040188,0
2040459,0
2040583,0
2040735,0
2040761,0
2041400,0
2042209,0
2042232,0
2042341,0
2042469,0
2042547,0
2042837,0
2043252,0
2043297,0
2043400,0
2043705,0
2043989,0
2044081,0
2044301,0
2044705,0
2044767,0
2045329,0
2045579,0
2045747,0
2045765,0
2045898,0
2046012,0
2046015,0
2046668,0
2046701,0
2046797,0
2046943,0
2046949,0
2047173,0
2047204,0
2047527,0
2047917,0
2048346,0
2048638,0
2048894,0
2049245,0
2049422,0
2049528,0
2049816,0
2049983,0
2050520,0
2050555,0
2050956,0
2051155,0
2051262,0
2051386,0
2051570,0
2051664,0
2051833,0
2052043,0
2052059,0
2052125,0
2052233,0
2052637,0
2052908,0
2052946,0
2053041,0
2053390,0
2053454,0
2053664,0
2054079,0
2054272,1
2054459,0
2054718,0
2055113,0
2055421,0
2055575,1
2055627,0
2055689,0
2055716,0
2055789,0
2055900,0
2055956,0
2056247,0
2056258,0
2056623,0
2056650,0
2056677,0
2056852,0
2056858,0
2056938,0
2057048,0
2057244,0
2057252,0
2057405,0
2057741,0
2057781,0
2057970,0
2058044,0
2058082,0
2058474,0
2058552,0
2058636,0
2058880,0
2059312,0
2059383,0
2059534,0
2059585,0
2059708,0
2060429,0
2060844,0
2060939,0
2061044,0
2061349,0
2061458,0
2061687,0
2061975,0
2062231,0
2062335,0
2062806,0
2063143,0
2063252,0
2063400,0
2063564,0
2063904,0
2064050,0
2064312,0
2064402,0
2064507,0
2064595,0
2064704,0
2065215,0
2065292,0
2065971,0
2066039,0
2066704,0
2066940,0
2066967,0
2067045,0
2067282,0
2067508,0
2067514,0
2067571,0
2067615,0
2067661,0
2067786,0
2068000,0
2068369,0
2068391,0
2068460,0
2068539,0
2068678,0
2068707,0
2068943,0
2069453,0
2069486,0
2070003,0
2070075,0
2070410,0
2070451,0
2070739,0
2070741,0
2070806,0
2070844,0
2071269,0
2071422,0
2071539,0
2071817,0
2071845,0
2071852,0
2071932,0
2072192,0
2072481,0
2072849,0
2072909,0
2073006,0
2073365,0
2073581,0
2073735,0
2074903,0
2074945,0
2075343,0
2076010,1
2076288,0
2076544,0
2076617,0
2076740,0
2077259,0
2077466,0
2077599,0
2077645,0
2077844,0
2077955,0
2077975,0
2078181,0
2078412,0
2078726,0
2078746,0
2078884,0
2079034,0
2079096,0
2079426,0
2079542,0
2079834,0
2079847,0
2080425,0
2080633,0
2080786,0
2081183,0
2081323,0
2081552,0
2081876,0
2082048,0
2082066,0
2082565,0
2082709,0
2083111,0
2083546,0
2083904,0
2084192,0
2084261,1
2084344,0
2084492,0
2084693,0
2084831,0
2085192,0
2085215,0
2085299,0
2085950,0
2086437,0
2086562,0
2087391,0
2087685,0
2087772,0
2087999,0
2088169,0
2088243,0
2088398,0
2088496,0
2088507,0
2088517,0
2088781,0
2088914,0
2089021,0
2089288,0
2089291,1
2089802,0
2089835,0
2090118,0
2090268,0
2090290,0
2090539,0
2090801,0
2090833,0
2091023,0
2091118,0
2091258,0
2091537,0
2091550,0
2091863,0
2091941,0
2092003,0
2092055,0
2092174,0
2092249,0
2092292,0
2093124,0
2093246,0
2093397,0
2093604,0
2094034,0
2094121,0
2094280,0
2094381,0
2094685,0
2094930,0
2095194,0
2095255,0
2095690,0
2095724,0
2095728,0
2095978,0
2096016,0
2096600,0
2096729,0
2097209,0
2097558,0
2097710,1
2097775,1
2097933,0
2098309,0
2098928,1
2099996,0
2100443,0
2100790,0
2100816,0
2101068,0
2101396,0
2101440,0
2101460,0
2101559,0
2101631,0
2101886,0
2101986,0
2102204,0
2102271,1
2102305,0
2102596,0
2102619,0
2103019,0
2103520,0
2103599,0
2103635,0
2103719,0
2103737,0
2103742,0
2103758,0
2103917,0
2104005,0
2104212,0
2104651,0
2104851,0
2105040,0
2105204,0
2105212,0
2105365,0
2105619,1
2105734,0
2105771,0
2105777,0
2105814,0
2105911,0
2105990,0
2106251,0
2106610,0
2106624,0
2106900,0
2106912,0
2107416,0
2107860,0
2107865,0
2107924,0
2107944,0
2108238,0
2108292,0
2108713,0
2109153,0
2109625,1
2109893,0
2110044,0
2110045,1
2110108,0
2110362,0
2110470,0
2110619,0
2110812,0
2111414,0
2111526,0
2111832,0
2111860,0
2111941,0
2111989,0
2112283,0
2112368,0
2112464,0
2112548,0
2112709,0
2113010,0
2113259,0
2113402,0
2113523,0
2113532,0
2113868,0
2114103,0
2114356,1
2114528,0
2114903,0
2115028,0
2115332,0
2115404,0
2115419,0
2115601,0
2116166,0
2116212,1
2116233,0
2116283,0
2116313,0
2116469,0
2116573,0
2116828,0
2116928,0
2117107,0
2117334,0
2117442,0
2117782,0
2117937,0
2118342,0
2118764,0
2119160,0
2119625,0
2119687,0
2120035,0
2120188,0
2120446,0
2120609,0
2120612,0
2120972,0
2121118,0
2121217,0
2121375,0
2121505,1
2121612,0
2122215,0
2122519,0
2122533,1
2122556,0
2122586,0
2123007,0
2123244,0
2123353,0
2123530,0
2123536,0
2123674,0
2124311,0
2124386,0
2124561,0
2124804,0
2125051,0
2125130,0
2125154,0
2125426,1
2125461,0
2125737,0
2125919,0
2125928,0
2126111,0
2126116,0
2127128,1
2127616,0
2128369,0
2128388,0
2128404,0
2128535,0
2128747,1
2129626,0
2129708,0
2129887,0
2129925,0
2130412,0
2130465,0
2130505,0
2130778,0
2130910,0
2131273,0
2131521,0
2131562,0
2131605,0
2131963,0
2132580,0
2132639,0
2132888,0
2132999,0
2133357,0
2133657,0
2133675,0
2133709,0
2134168,0
2134343,0
2134375,0
2134430,0
2134737,0
2134738,0
2134770,0
2135214,0
2135363,0
2135529,0
2135711,0
2135743,0
2135745,0
2135941,0
2136164,0
2136169,0
2136462,0
2136557,0
2136651,0
2136749,0
2136810,1
2137216,0
2137661,0
2137873,0
2137987,0
2138045,0
2138107,0
2138370,0
2138476,0
2138512,0
2138538,0
2138584,0
2138765,0
2139063,0
2139468,0
2139493,1
2139720,0
2140294,1
2140843,0
2140860,0
2140877,0
2141611,0
2141671,0
2141961,0
2142743,1
2142777,0
2142968,0
2142978,0
2143784,0
2144107,1
2144109,0
2144909,0
2145387,0
2145717,0
2146079,0
2146467,0
2146744,0
2146968,0
2146990,0
2147121,0
2147183,0
2147257,0
2147336,0
2147393,1
2147562,0
2147791,0
2148101,0
2148187,0
2148351,0
2148711,0
2149097,0
2149245,0
2149539,0
2149587,0
2149768,0
2149819,0
2149862,0
2150150,0
2150644,0
2151112,0
2151437,0
2151453,0
2151457,0
2151508,0
2151726,0
2151838,0
2152902,0
2153409,0
2153430,0
2153569,0
2153834,0
2153838,0
2154206,0
2154425,0
2154580,1
2154833,0
2155097,0
2155177,0
2155389,0
2155455,0
2155698,0
2155969,0
2157028,0
2157173,0
2157206,0
2157337,0
2157395,0
2157648,0
2158151,0
2158159,0
2158467,0
2158786,0
2159013,0
2159019,0
2159148,0
2159555,0
2160092,0
2160725,0
2160962,0
2161030,0
2161038,0
2161114,0
2161290,0
2161909,0
2161989,0
2161999,0
2162241,0
2162316,0
2162453,0
2162500,0
2162538,0
2162640,0
2163316,0
2163364,0
2163460,0
2163466,0
2163598,0
2163911,0
2163938,0
2164102,0
2164109,0
2164165,0
2164315,1
2164856,0
2164982,0
2165277,0
2165284,0
2165376,0
2165463,0
2165847,1
2165850,0
2166013,0
2166976,0
2167255,0
2167379,0
2167584,0
2167586,0
2168609,0
2168804,0
2168874,1
2169198,1
2169257,0
2169613,0
2170128,0
2170481,0
2170513,0
2170651,0
2170768,0
2170948,0
2171141,0
2171166,0
2171481,0
2171587,0
2171697,0
2171735,0
2171998,0
2172357,0
2172359,0
2172651,0
2172667,0
2172754,0
2172803,0
2173086,0
2173282,0
2173608,0
2174241,0
2174657,0
2174659,0
2174900,0
2175036,0
2175207,0
2175508,0
2175546,0
2175680,0
2175848,0
2175933,0
2176898,0
2177107,0
2177135,0
2177153,0
2177333,0
2177512,0
2177584,0
2178770,0
2179321,0
2179522,0
2179897,0
2180273,0
2180350,0
2180485,0
2180502,0
2180732,0
2180735,0
2180886,0
2180920,0
2180945,0
2181018,0
2181095,0
2181113,0
2181310,0
2181879,0
2182212,0
2183246,0
2183368,0
2183487,0
2183520,0
2183804,0
2184106,0
2184219,0
2184223,0
2184442,0
2184541,0
2184586,0
2184624,0
2185156,0
2185279,0
2186014,0
2186836,0
2187088,0
2187160,0
2187196,0
2187446,0
2187546,0
2187568,0
2187672,0
2187826,1
2188068,0
2188377,0
2188554,0
2188603,0
2188751,0
2189300,0
2189677,0
2189741,0
2189903,0
2189914,0
2189971,0
2190723,0
2190833,0
2191042,0
2191321,0
2191467,0
2191539,0
2191626,0
2192044,0
2192195,0
2192196,0
2192368,0
2192387,1
2192629,0
2192892,0
2192917,0
2193404,0
2193446,0
2193608,0
2193926,0
2194427,0
2194754,0
2194947,0
2195079,0
2195104,0
2195113,0
2195369,0
2195607,0
2195784,0
2195799,0
2196041,0
2196121,0
2196156,1
2196330,0
2196440,0
2196575,0
2196610,0
2196718,0
2197525,0
2197877,0
2198101,0
2198134,0
2198145,0
2198424,0
2198936,0
2199183,0
2199358,0
2199445,0
2199479,0
2200012,0
2200051,0
2200133,0
2200185,0
2200290,0
2200331,0
2200693,0
2201179,0
2201222,0
2201266,0
2201473,0
2201738,0
2201795,0
2201994,0
2202344,0
2202488,0
2203226,0
2203485,0
2203535,0
2203665,0
2203680,0
2203754,0
2203882,0
2204148,0
2204226,0
2204335,0
2204898,0
2205191,0
2205196,0
2205381,0
2205390,0
2205985,0
2206327,0
2206876,0
2207196,0
2207440,0
2207570,0
2207830,0
2207968,0
2208222,0
2208666,0
2208729,0
2208865,0
2209190,0
2209307,0
2209451,0
2209612,0
2209722,0
2210130,0
2210214,0
2210469,0
2210531,1
2210597,0
2210614,0
2210657,0
2210726,0
2210931,0
2211068,0
2211488,0
2211657,0
2211924,0
2211931,0
2212058,1
2212119,0
2212423,0
2212671,0
2213075,0
2213159,0
2213614,0
2213856,0
2214262,0
2214435,0
2214903,0
2214963,0
2215055,0
2215208,0
2215416,0
2215905,0
2215922,0
2216146,0
2216301,0
2216382,0
2216649,0
2216764,0
2216824,0
2216899,0
2217151,0
2217196,0
2217292,0
2217460,0
2217478,0
2217518,1
2217562,0
2217591,0
2218053,0
2218478,0
2218806,0
2218959,0
2219010,0
2219277,0
2219505,0
2219759,0
2220050,0
2220159,0
2220403,0
2220544,0
2220599,0
2220981,0
2221332,0
2221601,0
2221737,0
2222215,0
2222222,0
2222739,0
2222920,0
2223247,0
2223501,0
2223741,0
2224252,0
2224818,0
2225173,0
2225188,0
2225418,0
2225499,0
2225510,0
2225512,0
2225541,0
2225552,0
2225758,0
2225865,0
2225910,1
2226023,0
2226071,0
2226162,0
2226206,0
2226218,0
2226293,0
2226690,0
2226800,0
2226863,0
2226971,0
2227111,1
2227280,0
2227482,0
2227594,0
2227865,0
2228343,0
2228497,0
2228796,0
2228868,0
2229057,0
2229324,0
2229587,0
2229616,0
2229826,0
2230767,0
2230814,0
2231514,0
2231680,0
2231801,0
2232266,0
2232310,0
2233271,0
2233304,0
2233473,0
2233572,0
2234090,0
2234160,0
2234186,0
2234649,0
2234650,0
2234691,0
2234714,0
2234795,0
2234889,0
2235007,0
2235400,0
2235442,0
2236165,0
2236332,0
2236497,0
2237074,0
2237306,0
2237820,0
2237963,0
2238031,0
2238040,0
2238220,0
2238501,0
2238934,0
2239561,0
2239794,0
2240148,0
2240410,0
2240566,0
2240643,0
2241010,0
2241199,0
2241416,0
2241738,0
2242005,0
2242100,0
2242333,0
2242650,0
2242823,0
2242911,0
2243040,0
2243601,0
2244449,0
2244548,1
2245185,0
2245507,0
2245519,0
2245751,0
2245898,0
2246170,0
2246228,1
2246367,0
2246548,0
2246563,0
2246802,0
2246931,0
2247541,0
2247606,0
2247860,0
2248247,0
2248380,0
2248788,0
2249035,0
2249038,0
2249159,0
2249425,0
2249500,0
2249526,0
2249681,0
2249713,0
2249764,0
2250065,0
2250380,0
2250857,0
2250860,0
2250889,0
2251124,0
2251220,0
2251643,0
2251739,0
2252020,0
2252323,0
2252488,0
2252561,0
2252576,0
2252970,1
2253369,0
2253587,0
2253592,0
2253620,0
2253892,0
2253931,0
2254097,0
2254174,0
2254498,0
2254533,0
2254656,0
2254920,0
2255031,1
2255040,0
2255436,0
2255491,0
2255497,0
2255630,0
2256107,0
2256220,0
2256954,0
2257141,0
2257193,0
2257344,0
2257434,0
2258070,1
2258081,0
2258177,0
2258298,0
2258658,0
2259111,0
2259129,0
2259164,0
2259186,0
2259568,0
2259877,0
2259938,0
2259975,0
2259980,0
2260010,0
2260604,0
2260611,0
2260860,0
2260987,0
2261245,0
2261634,0
2261792,0
2261846,0
2261852,0
2262020,0
2262485,0
2262571,0
2262764,0
2262779,0
2262812,0
2263062,0
2263374,0
2263459,0
2263592,0
2264147,0
2264228,0
2264229,0
2264313,0
2264414,0
2264573,0
2264771,0
2264956,0
2264980,0
2265435,0
2265554,0
2265576,0
2265655,0
2266228,1
2266247,0
2266525,0
2266820,0
2267746,0
2268073,0
2268694,0
2268922,0
2269084,0
2269567,0
2269641,0
2269795,0
2270005,0
2271050,0
2271107,0
2271108,0
2271314,0
2271439,0
2271581,0
2271693,0
2271764,0
2271807,0
2272032,0
2272145,0
2272301,0
2272374,0
2272399,0
2272578,0
2272595,0
2272760,0
2272869,0
2273073,0
2273356,0
2273420,0
2274242,0
2274246,0
2274295,0
2274314,0
2274971,0
2275243,0
2275324,0
2275656,0
2275755,0
2275811,0
2276250,0
2276351,1
2276474,0
2276614,0
2277021,0
2277056,0
2277364,0
2279040,0
2279400,0
2280136,0
2280317,1
2280439,0
2280441,0
2280660,0
2280776,0
2280911,0
2281196,0
2281310,0
2281444,0
2281572,0
2281654,0
2281695,0
2281949,0
2282123,0
2282402,0
2282535,0
2282654,0
2282849,0
2283611,0
2283680,0
2283789,0
2283811,0
2283820,0
2284304,0
2284313,0
2284512,0
2285241,0
2285523,0
2285844,0
2285918,0
2286001,0
2286153,0
2286467,0
2287077,0
2287684,0
2287728,0
2287862,0
2287880,0
2287954,0
2288172,0
2288223,0
2288257,0
2288699,0
2288773,0
2288919,0
2289238,0
2289297,0
2289374,0
2289566,0
2289832,0
2289860,0
2289933,0
2289954,0
2290000,0
2290033,0
2290044,0
2290325,0
2290331,0
2290367,0
2290648,0
2291033,0
2291038,0
2291196,0
2291403,0
2291458,0
2291856,0
2292122,0
2292556,0
2292886,0
2293062,0
2293183,0
2293516,0
2293608,0
2293953,0
2294141,0
2294607,0
2294631,0
2294640,0
2294933,0
2294973,0
2295035,0
2295314,0
2295663,0
2295790,0
2295826,1
2296180,0
2296451,0
2296578,0
2296591,0
2296656,0
2296982,0
2297736,0
2297866,0
2297893,0
2298008,0
2298152,0
2298270,0
2298600,0
2298696,0
2298737,0
2299098,0
2299137,0
2299301,0
2299550,0
2299597,0
2299720,0
2299790,0
2299887,0
2299973,0
2300010,0
2300671,0
2300686,0
2300745,0
2301096,0
2301271,1
2301339,0
2301557,0
2301612,0
2301634,0
2301806,0
2302300,0
2302520,0
2302548,0
2302613,0
2302725,0
2303029,0
2303277,0
2303593,1
2304097,0
2304378,0
2304438,0
2304809,0
2304950,0
2305040,0
2305329,1
2305404,0
2305541,0
2305784,0
2306044,0
2306262,0
2306367,0
2306397,0
2306439,0
2306681,0
2306788,0
2306947,0
2307161,0
2307271,0
2307374,0
2307413,0
2307446,0
2307648,0
2307750,0
2307839,0
2307891,0
2307960,0
2307992,0
2308201,0
2308401,0
2308975,0
2309089,0
2309242,0
2309621,0
2309727,0
2309911,0
2309945,0
2310077,0
2310133,0
2310168,0
2310216,0
2310345,0
2310528,0
2310529,0
2310602,0
2310615,0
2310686,0
2310829,0
2310928,0
2311245,0
2311344,0
2311489,0
2311533,0
2311583,0
2311827,0
2311896,0
2311934,0
2311952,0
2312047,1
2312059,0
2312101,0
2312255,0
2312277,0
2312501,0
2312730,0
2312902,0
2313009,0
2313174,0
2313206,0
2313261,0
2313274,0
2313892,0
2314073,0
2314235,0
2314647,0
2314783,0
2315593,0
2315625,0
2315697,0
2316131,0
2317107,0
2317186,0
2317453,0
2317832,0
2317912,0
2318152,0
2318462,0
2318766,0
2318930,0
2319137,0
2319396,0
2319590,0
2319876,0
2319891,0
2320126,0
2320241,0
2320475,1
2320484,0
2320829,0
2320837,0
2321318,0
2321479,0
2321545,0
2321860,0
2321918,0
2322315,0
2322657,0
2323042,0
2323188,0
2323291,0
2323693,0
2323705,0
2324110,0
2324643,0
2324656,1
2324710,0
2325015,0
2325149,0
2325160,0
2325707,0
2325975,0
2326138,0
2326235,0
2326721,0
2326992,0
2327406,0
2327623,0
2327757,0
2328078,0
2328134,0
2328310,0
2328609,0
2328808,0
2328886,0
2329168,0
2329330,0
2329672,0
2329894,1
2330045,0
2330202,0
2330367,0
2330564,0
2330683,0
2331007,0
2331100,0
2331133,0
2331138,0
2331919,0
2332054,0
2332099,0
2332108,0
2332506,0
2332622,0
2332927,0
2333006,0
2333239,0
2333580,0
2333840,0
2334239,0
2334374,1
2334545,0
2334741,0
2335159,0
2335186,0
2335403,0
2335496,0
2335732,0
2336182,0
2336199,0
2336265,0
2336655,0
2336684,0
2337267,0
2337992,0
2338807,0
2339448,0
2339928,0
2340100,0
2340272,0
2340418,0
2340700,0
2340774,0
2341087,0
2341239,0
2341267,0
2341410,0
2341555,0
2341587,0
2341662,0
2341757,0
2342263,0
2342275,0
2342361,0
2342531,0
2343281,0
2343377,1
2343417,0
2343857,1
2344927,0
2345233,0
2345273,1
2345508,0
2345647,0
2345942,0
2345993,0
2346053,0
2346144,0
2346215,0
2346352,0
2346425,0
2346838,0
2347016,0
2347019,1
2347203,0
2347213,0
2347323,0
2347585,0
2347713,0
2347783,0
2348793,0
2349066,0
2349126,0
2349250,0
2349251,0
2349568,0
2349877,0
2350013,0
2350077,0
2350117,0
2350150,0
2350353,0
2350356,0
2350702,0
2350771,0
2351117,0
2351141,0
2351225,0
2351257,0
2351577,0
2351637,0
2351770,0
2351781,0
2351976,0
2351978,0
2352379,0
2352461,0
2352972,0
2353309,0
2353319,0
2353382,0
2353388,0
2353407,0
2354818,0
2354828,0
2354842,0
2354851,0
2354911,0
2355004,0
2355043,0
2355353,0
2356502,0
2356652,0
2356817,0
2357049,0
2357090,0
2357136,0
2357213,0
2357737,0
2357885,0
2358191,0
2358318,0
2358599,0
2358717,0
2358761,0
2359171,0
2359210,0
2359307,0
2359343,0
2359384,0
2359522,0
2359591,0
2359621,0
2359658,0
2359861,0
2360319,0
2360366,0
2360493,0
2361197,0
2361327,0
2361427,1
2361656,0
2361798,0
2361959,0
2362028,0
2362115,0
2362265,0
2362444,0
2362991,0
2363242,0
2363343,0
2363371,0
2363383,0
2363389,0
2363396,0
2363423,0
2363610,0
2364055,0
2364067,0
2364302,0
2364578,0
2364767,0
2364953,0
2364956,0
2365559,0
2365745,0
2365985,0
2365995,0
2366453,0
2366636,0
2367490,0
2367913,1
2368689,0
2369084,0
2369324,0
2369466,0
2369480,0
2369957,0
2370279,0
2370485,0
2370964,0
2371037,0
2371268,0
2371407,0
2371621,0
2371807,0
2371835,0
2371864,0
2371908,0
2372015,0
2372156,1
2372292,0
2372550,0
2372638,0
2372758,0
2372872,0
2372938,0
2372950,0
2373557,0
2373618,0
2373803,0
2373977,0
2374099,0
2374160,0
2374204,0
2374207,0
2374238,0
2374367,0
2374691,0
2374879,0
2375203,0
2375239,0
2375241,0
2375268,0
2375471,1
2375706,0
2375855,1
2376048,0
2376247,0
2376852,0
2376875,0
2377184,0
2377544,0
2377761,0
2377930,0
2377937,0
2378091,0
2378637,0
2378785,0
2378862,0
2378992,0
2379376,0
2379542,0
2380050,0
2380523,0
2380558,0
2380953,0
2381118,0
2381503,0
2381718,0
2382091,0
2382107,0
2382157,0
2382312,0
2382360,0
2382553,0
2382640,0
2382773,0
2383134,0
2383488,0
2383736,0
2383775,0
2384484,1
2384536,0
2384748,0
2384831,0
2385149,0
2385172,0
2385254,0
2385299,0
2385374,0
2385456,0
2385458,1
2385694,0
2385709,0
2385793,0
2385817,0
2386134,0
2386397,0
2386582,0
2386837,0
2386924,0
2387060,0
2387096,0
2387340,0
2387565,0
2387674,0
2387689,0
2387987,0
2388081,0
2388386,0
2388827,0
2388965,1
2389159,0
2389233,0
2389299,0
2389318,0
2389449,0
2389515,0
2389671,0
2389675,0
2389967,0
2390010,0
2390059,0
2390103,0
2390196,0
2390360,0
2390462,0
2390784,0
2391016,0
2391048,0
2391166,0
2391319,0
2391391,0
2391432,0
2391481,0
2391508,0
2391578,0
2391654,0
2391673,0
2391780,0
2391943,1
2392102,0
2392211,0
2392226,0
2392300,0
2392408,0
2392553,0
2392754,0
2392924,0
2392974,0
2393005,0
2393083,0
2393271,0
2393713,0
2394153,0
2394412,0
2394638,0
2394892,0
2394897,0
2395242,0
2395287,0
2395305,0
2395314,0
2395554,0
2395751,0
2395869,0
2395876,0
2395916,0
2395921,0
2396049,0
2396200,0
2396858,0
2397049,0
2397189,0
2397386,0
2397568,0
2397590,0
2397750,0
2398117,0
2398155,0
2398346,0
2398615,0
2398828,0
2398910,0
2399223,0
2399317,0
2399390,0
2399417,0
2399907,0
2400155,0
2400299,0
2400368,0
2400739,0
2401332,0
2401338,0
2401419,0
2402056,0
2402259,0
2402274,0
2403217,0
2403256,0
2403367,0
2403463,0
2403643,0
2403814,0
2403904,0
2403907,0
2404419,0
2404814,0
2405025,0
2405234,0
2405390,0
2405751,0
2406221,0
2406271,0
2406426,0
2406655,0
2406709,0
2406745,0
2406817,0
2406869,0
2406903,0
2406979,0
2407019,0
2407132,0
2407201,0
2407316,0
2407365,0
2407653,0
2408067,0
2408283,0
2408536,0
2409201,0
2410057,0
2410124,0
2410369,0
2410694,0
2410712,0
2410750,0
2411040,0
2411388,0
2411885,1
2412289,0
2412613,0
2412617,0
2413214,0
2413239,0
2413694,0
2413724,0
2413912,0
2413933,0
2413994,0
2414194,0
2414217,0
2414819,0
2414852,0
2414877,0
2415003,0
2415020,0
2415043,0
2415701,0
2416072,0
2416482,0
2416577,0
2417030,0
2417137,0
2418714,0
2419021,0
2419033,0
2419227,0
2419267,0
2419621,0
2419633,0
2419706,0
2420152,0
2420629,1
2421092,0
2421171,0
2421182,1
2421215,0
2421261,0
2421616,0
2421649,0
2421797,0
2421830,0
2421960,0
2422243,0
2422587,0
2422698,0
2423124,0
2423150,0
2423304,0
2423561,1
2424081,0
2424473,0
2424655,0
2424809,0
2425129,0
2425202,0
2425573,0
2425700,0
2425942,0
2426039,0
2426200,0
2426977,0
2427192,0
2427195,0
2427196,0
2427215,0
2427487,0
2427631,0
2427657,0
2427816,0
2427827,0
2428046,0
2428300,0
2428470,0
2428733,0
2428817,0
2428889,0
2429457,0
2429525,0
2429586,0
2429590,0
2429595,0
2429746,0
2429793,0
2429902,0
2430198,0
2430273,0
2430478,0
2430815,0
2431489,0
2431518,0
2431666,0
2431796,0
2431956,0
2432487,0
2432809,0
2433020,1
2433026,0
2433089,0
2433616,0
2433834,0
2434214,0
2434343,0
2434526,0
2434611,0
2434731,0
2435011,0
2435189,0
2435501,0
2435555,0
2435570,0
2435584,0
2435799,0
2436596,0
2436712,0
2436718,0
2437227,0
2437264,0
2437291,0
2437522,0
2438101,0
2438257,0
2438387,0
2438475,0
2438762,0
2439022,0
2439855,0
2440167,0
2440593,0
2440640,0
2440740,0
2440797,0
2441102,0
2441473,0
2441655,0
2441951,0
2441967,0
2442020,0
2442371,0
2442664,0
2442699,1
2443229,0
2443270,0
2443307,0
2443355,0
2443466,0
2443674,0
2443793,0
2443868,0
2443920,0
2444330,0
2444382,0
2444434,0
2444789,0
2445162,0
2445565,0
2445653,0
2445844,0
2446275,0
2446471,0
2446615,0
2446845,0
2446962,0
2447698,0
2447843,0
2448049,0
2448058,0
2448094,0
2448107,0
2448174,0
2448571,0
2448705,0
2449090,0
2449125,0
2449138,0
2449740,0
2449766,0
2450610,0
2450612,0
2450696,0
2450733,0
2450769,0
2450912,0
2450981,0
2451054,0
2451471,0
2451630,0
2451657,0
2451707,0
2451773,0
2452193,0
2452461,0
2452662,0
2452780,0
2453550,0
2453584,0
2453968,0
2454074,0
2454169,0
2454208,0
2454672,0
2454895,0
2454957,0
2455218,0
2455825,1
2456073,1
2456281,0
2456448,0
2456792,0
2456793,0
2456899,0
2456905,0
2456970,0
2457203,0
2457374,0
2457567,0
2457633,0
2457996,0
2458077,0
2458126,0
2458146,0
2458363,0
2458386,0
2458686,0
2458802,0
2458827,0
2458916,0
2459660,0
2459860,0
2460685,0
2460746,0
2460988,0
2461511,0
2461562,0
2461790,0
2462041,0
2462515,0
2462524,0
2462984,0
2462993,0
2463118,0
2463167,0
2463384,0
2463484,0
2463966,0
2464151,0
2464243,0
2464693,0
2464865,0
2464985,0
2465413,0
2465655,0
2466060,0
2466283,1
2466320,0
2466640,0
2466647,0
2467050,0
2467818,0
2468006,0
2468215,0
2468440,0
2468443,0
2468712,1
2469234,0
2469362,0
2469972,0
2470563,0
2470634,0
2470660,0
2470846,1
2470882,0
2471022,0
2471189,0
2471638,1
2471671,0
2471785,0
2471805,0
2471854,0
2471873,0
2471998,0
2471999,0
2472112,0
2472146,0
2472183,0
2472714,0
2473324,0
2473383,0
2473425,0
2473454,0
2473791,0
2473921,0
2474166,0
2474171,0
2474258,0
2474270,0
2474328,0
2474877,0
2474878,0
2474981,0
2475051,0
2475262,0
2475339,0
2475408,0
2475484,0
2475587,0
2475772,0
2475826,0
2475864,0
2475905,0
2476409,0
2476471,0
2476486,0
2476590,0
2476688,0
2476770,0
2476785,0
2477022,0
2477225,0
2477532,0
2477555,0
2477610,0
2477937,0
2477982,0
2478595,0
2478729,0
2478763,0
2478918,0
2478992,0
2479205,0
2479291,0
2479342,0
2479694,0
2479763,0
2479863,0
2479902,0
2479986,0
2480016,0
2480426,0
2480754,0
2481600,0
2481676,0
2481866,0
2482060,0
2482120,0
2482367,0
2482386,0
2482533,0
2482603,0
2482804,0
2482962,0
2483277,0
2483750,0
2483982,0
2484049,0
2484165,0
2484356,0
2484385,0
2484472,1
2484901,0
2484984,0
2485181,0
2485625,0
2485760,0
2485814,0
2486451,0
2486531,0
2486689,0
2486694,0
2486897,0
2486964,0
2487161,0
2487504,0
2488194,0
2488350,0
2488494,0
2488624,0
2488630,0
2488797,0
2489328,0
2489695,0
2490141,0
2490142,0
2490148,0
2490226,0
2490690,0
2490805,0
2490958,0
2491008,0
2491041,0
2491242,0
2491249,0
2491554,0
2491575,0
2491989,0
2492713,0
2492842,0
2493832,0
2493837,0
2493854,0
2494048,0
2494210,0
2494348,0
2494379,0
2494762,0
2494925,0
2495082,0
2495266,0
2495384,0
2496243,0
2496452,0
2496777,0
2497039,0
2497391,0
2497395,0
2497428,0
2497690,0
2497810,0
2498081,0
2498615,0
2498708,0
2499211,0
2499219,0
2499249,0
2499366,0
2499536,0
2499608,0
2499737,0
2499759,0
2499793,0
2500010,0
2500424,0
2500526,0
2500902,0
2500932,0
2501253,0
2501329,0
2501441,0
2501654,0
2501911,0
2501970,0
2502237,0
2502398,0
2502627,0
2502715,0
2502891,0
2503026,0
2503143,0
2503312,0
2503331,0
2504077,0
2504120,0
2504133,0
2504251,0
2504581,0
2504657,0
2504906,0
2505216,0
2505305,1
2505592,0
2505593,0
2505719,0
2505923,0
2506006,0
2506156,0
2506276,0
2506610,0
2506631,0
2506918,0
2507125,0
2507156,0
2507284,0
2507390,0
2507752,0
2508201,0
2508225,0
2508343,0
2509043,0
2509673,0
2509770,0
2509842,0
2509948,0
2509955,0
2510343,0
2510622,0
2510627,0
2510656,0
2510792,0
2511530,0
2511811,0
2511899,0
2512329,0
2512556,0
2512824,0
2513002,0
2513154,0
2513179,0
2513188,0
2513256,0
2513519,0
2513724,0
2513806,0
2513843,0
2514095,0
2514614,0
2514840,0
2515058,0
2515245,0
2515328,0
2515467,0
2515698,0
2515710,0
2515742,0
2516038,0
2516203,0
2516264,0
2516341,0
2516358,0
2516875,0
2516952,0
2517141,0
2517703,0
2517773,0
2517831,0
2517973,0
2518383,0
2518583,0
2519554,0
2519847,0
2519889,0
2519986,0
2520039,0
2520086,0
2520475,0
2520836,0
2521058,0
2521562,0
2521591,0
2521659,0
2522024,0
2522173,0
2522654,0
2522675,0
2522997,0
2523586,0
2524002,0
2524077,0
2524158,0
2524260,0
2524265,0
2524367,0
2524424,0
2524480,0
2524562,0
2524730,0
2524944,0
2525144,0
2525541,0
2526736,0
2526787,0
2527073,0
2527321,0
2527489,0
2527803,0
2527906,0
2528059,0
2528280,0
2528620,0
2529860,0
2530025,0
2530324,0
2530362,0
2530779,0
2530810,0
2531294,0
2531440,0
2531463,0
2531576,0
2531774,0
2532117,0
2532526,0
2532583,0
2532943,0
2533017,0
2533289,0
2533506,0
2533612,0
2533883,0
2534730,0
2535555,0
2535967,0
2536422,0
2536451,0
2536577,0
2537016,0
2537020,0
2537355,0
2538124,0
2538437,0
2538593,0
2538918,1
2538966,0
2539006,0
2539402,0
2539463,0
2539701,0
2539733,0
2540009,0
2540127,0
2540149,0
2540273,0
2540345,0
2540985,0
2541638,0
2541768,0
2541992,0
2542102,0
2542877,0
2542988,0
2543089,0
2543502,0
2543686,0
2543741,0
2543806,0
2544103,0
2544159,0
2544239,1
2544261,0
2544459,0
2544799,0
2544833,0
2544887,1
2544903,0
2545677,0
2545945,0
2546159,0
2546167,0
2546279,0
2546460,0
2546740,0
2547141,0
2547289,0
2547331,0
2547954,0
2548395,0
2548935,0
2549025,0
2549087,0
2549194,0
2549447,0
2549549,0
2549672,0
2549800,0
2549958,0
2549998,0
2550004,0
2550014,0
2550440,0
2551486,0
2551508,0
2551516,0
2551994,0
2552616,0
2552762,0
2552768,0
2553137,0
2553154,0
2553389,0
2553533,0
2553896,0
2554219,0
2554222,1
2554461,0
2554561,0
2554909,0
2555003,0
2555245,0
2555353,0
2555763,0
2556209,1
2556459,0
2556472,0
2556844,0
2556919,0
2557104,0
2557382,0
2557401,0
2557443,0
2557481,0
2557486,0
2557518,0
2558937,0
2559022,0
2559461,0
2560066,0
2560417,0
2560489,0
2560629,0
2561226,0
2561274,0
2561430,0
2561517,0
2561592,0
2561610,0
2562091,0
2562537,0
2563042,0
2563060,0
2563126,0
2563278,0
2563331,0
2563580,0
2563842,0
2563979,0
2564371,0
2564563,0
2564723,0
2564737,0
2565288,0
2565313,0
2565500,0
2566037,0
2566278,0
2566316,0
2566521,0
2567481,0
2567710,0
2567737,0
2567802,0
2568164,0
2568310,0
2568583,0
2568666,0
2568898,0
2568958,0
2568959,0
2569012,0
2569349,0
2569652,0
2570363,0
2570502,0
2570556,0
2570717,0
2571229,0
2571633,0
2571652,1
2571932,0
2572239,0
2572296,0
2572416,0
2572506,0
2572678,0
2572981,0
2573444,0
2573601,0
2573790,0
2573815,0
2574295,0
2574387,0
2574621,0
2575214,0
2575261,0
2576180,0
2576693,0
2576996,0
2577030,0
2577068,0
2577159,0
2577919,0
2577962,0
2578469,0
2578652,0
2579208,0
2579274,0
2579463,0
2579866,0
2580216,0
2580404,0
2580472,0
2580972,0
2581235,0
2581803,0
2581814,0
2581853,0
2582101,0
2582189,0
2582243,0
2582304,0
2582336,0
2582406,0
2582498,0
2582590,0
2582929,1
2583151,0
2583429,0
2583475,0
2583498,0
2583655,0
2583736,0
2583750,0
2583785,0
2583845,0
2583932,0
2584208,0
2584711,0
2584807,0
2585096,0
2585252,0
2585288,0
2585343,0
2585436,0
2585469,0
2585481,0
2586004,0
2586098,0
2586217,1
2586296,0
2586433,0
2586534,0
2586535,0
2586633,0
2586706,0
2586810,0
2587166,0
2587415,0
2587477,0
2587520,0
2587612,0
2587834,0
2587928,0
2588016,0
2588175,0
2588207,0
2588288,0
2588808,0
2589897,0
2589976,0
2590767,0
2591131,0
2591236,0
2591999,0
2592019,0
1085297,0
1841984,0
374,0
427,0
446,0
737,0
905,0
982,0
996,0
1049,0
1079,0
1192,0
1251,0
1280,0
1283,0
1344,0
1441,0
1447,0
1498,0
1545,0
1573,0
1606,0
1611,0
1850,0
1901,0
1981,0
2182,0
2224,0
2363,0
2377,0
2388,0
2398,0
2467,0
2481,0
2779,0
2857,0
3015,0
3124,0
3125,0
3128,0
3241,0
3265,0
3289,0
3437,0
3609,0
3672,0
3748,0
3752,0
3856,0
4032,0
4224,0
4244,0
4246,0
4362,0
4382,0
4398,0
4571,0
4608,0
4912,0
5037,0
5156,0
5291,0
5403,0
5494,0
5499,0
5655,0
5661,0
5680,0
5702,0
5796,0
5839,0
5948,0
5986,0
6015,0
6107,0
6230,0
6231,0
6369,0
6507,0
6569,0
6586,0
6598,0
6670,0
6729,0
6766,0
6820,0
6859,0
6895,0
6942,0
7018,0
7165,0
7167,0
7231,0
7281,0
7285,0
7327,0
7356,0
7494,0
7605,0
7646,0
7653,0
7683,0
7818,0
8031,0
8051,0
8100,0
8138,0
8230,0
8262,0
8276,0
8302,0
8326,0
8361,0
8397,0
8417,0
8582,0
8723,0
8815,0
8829,0
8845,0
8886,0
8994,0
9173,0
9274,0
9281,0
9316,0
9353,0
9360,0
9370,0
9444,0
9494,0
9578,0
9584,0
9617,0
9621,0
9823,0
9972,0
10116,0
10179,0
10186,0
10234,0
10301,0
10341,0
10348,0
10413,0
10441,0
10450,0
10458,0
10490,0
10503,0
10518,0
10548,0
10552,0
10576,0
10658,0
10782,0
10791,0
10938,0
10940,0
10991,0
11047,0
11071,0
11078,0
11098,0
11101,0
11170,0
11171,0
11273,0
11379,0
11526,0
11697,0
11716,0
11775,0
11868,0
11886,0
11927,0
11964,0
11992,0
12048,0
12066,0
12469,0
12578,0
12614,0
12802,0
12809,0
12864,0
12876,0
12902,0
12918,0
12937,0
13211,0
13344,0
13478,0
13494,0
13524,0
13556,0
13731,0
13801,0
13826,0
13919,0
13966,0
14007,0
14010,0
14248,0
14272,0
14278,0
14311,0
14316,0
14501,0
14651,0
14657,0
14715,0
14769,0
14935,0
14949,0
15014,0
15100,0
15197,0
15454,0
15524,0
15569,0
15711,0
15792,0
15850,0
15857,0
15900,0
15960,0
15990,0
16078,0
16122,0
16207,0
16245,0
16262,0
16494,0
16522,0
16601,0
16632,0
16680,0
16684,0
16801,0
16947,0
17037,0
17184,0
17263,0
17353,0
17377,0
17496,0
17634,0
17809,0
17828,0
17843,0
17874,0
17893,0
18051,0
18066,0
18068,0
18174,0
18216,0
18250,0
18303,0
18464,0
18494,0
18541,0
18622,0
18729,0
18754,0
18807,0
18836,0
18912,0
18967,0
19011,0
19071,0
19074,0
19107,0
19110,0
19139,0
19269,0
19273,0
19279,0
19459,0
19513,0
19545,0
19597,0
19683,0
19733,0
19771,0
19813,0
19836,0
19892,0
19979,0
20114,0
20142,0
20150,0
20252,0
20354,0
20412,0
20417,0
20429,0
20621,0
20635,0
20636,0
20680,0
20700,0
20890,0
21064,0
21068,0
21096,0
21113,0
21197,0
21215,0
21316,0
21385,0
21495,0
21518,0
21530,0
21533,0
21548,0
21565,0
21567,0
21595,0
21726,0
21775,0
21862,0
21886,0
21905,0
21943,0
21973,0
22097,0
22248,0
22343,0
22468,0
22614,0
22736,0
22766,0
22814,0
22819,0
22829,0
23084,0
23133,0
23143,0
23251,0
23275,0
23368,0
23424,0
23539,0
23632,0
23647,0
23673,0
23710,0
23718,0
23729,0
23773,0
23776,0
23780,0
23914,0
23935,0
24226,0
24260,0
24457,0
24473,0
24518,0
24535,0
24618,0
24638,0
24670,0
24700,0
24788,0
24797,0
24801,0
24905,0
24908,0
25116,0
25169,0
25426,0
25506,0
25558,0
25600,0
25615,0
25732,0
25796,0
25823,0
25828,0
25865,0
25931,0
25932,0
25987,0
26031,0
26063,0
26079,0
26279,0
26302,0
26321,0
26541,0
26588,0
26592,0
26725,0
26835,0
26885,0
26935,0
27126,0
27177,0
27200,0
27240,0
27255,0
27405,0
27580,0
27630,0
27660,0
27758,0
28084,0
28090,0
28124,0
28192,0
28227,0
28229,0
28278,0
28305,0
28337,0
28345,0
28484,0
28740,0
28875,0
29022,0
29200,0
29231,0
29243,0
29261,0
29352,0
29394,0
29492,0
29497,0
29762,0
29772,0
29906,0
29954,0
30134,0
30231,0
30265,0
30479,0
30669,0
30673,0
30726,0
30860,0
30891,0
30938,0
30954,0
30970,0
30978,0
30980,0
31216,0
31234,0
31559,0
31564,0
31573,0
31832,0
32011,0
32062,0
32130,0
32196,0
32209,0
32223,0
32285,0
32288,0
32422,0
32476,0
32543,0
32566,0
32691,0
32693,0
32728,0
32751,0
32755,0
32777,0
32972,0
32990,0
33015,0
33047,0
33075,0
33367,0
33507,0
33551,0
33608,0
33707,0
33721,0
33730,0
33790,0
33847,0
33858,0
33979,0
33990,0
34055,0
34081,0
34090,0
34124,0
34161,0
34262,0
34275,0
34303,0
34315,0
34360,0
34499,0
34559,0
34635,0
34732,0
34965,0
34981,0
35189,0
35222,0
35381,0
35384,0
35434,0
35543,0
35588,0
35629,0
35630,0
35709,0
35960,0
35991,0
36188,0
36252,0
36286,0
36354,0
36395,0
36427,0
36431,0
36441,0
36550,0
36627,0
36637,0
36664,0
36886,0
37045,0
37080,0
37201,0
37220,0
37257,0
37285,0
37367,0
37505,0
37618,0
37673,0
37830,0
37856,0
37858,0
37979,0
38029,0
38133,0
38358,0
38485,0
38489,0
38505,0
38509,0
38559,0
38602,0
38628,0
38755,0
38758,0
38943,0
39034,0
39156,0
39269,0
39356,0
39473,0
39598,0
39659,0
39661,0
39743,0
39754,0
39762,0
39828,0
39841,0
39914,0
39923,0
39951,0
39990,0
40052,0
40077,0
40116,0
40133,0
40149,0
40174,0
40201,0
40242,0
40354,0
40392,0
40431,0
40622,0
40655,0
40929,0
40941,0
41020,0
41079,0
41142,0
41174,0
41208,0
41265,0
41280,0
41841,0
41849,0
41853,0
41859,0
41915,0
41957,0
41990,0
41999,0
42016,0
42079,0
42081,0
42096,0
42128,0
42197,0
42200,0
42209,0
42224,0
42319,0
42334,0
42385,0
42547,0
42606,0
42683,0
42695,0
42702,0
42711,0
42907,0
42961,0
43002,0
43037,0
43091,0
43092,0
43141,0
43185,0
43226,0
43387,0
43428,0
43522,0
43542,0
43544,0
43859,0
43919,0
43929,0
43941,0
43945,0
43984,0
44147,0
44217,0
44304,0
44312,0
44360,0
44372,0
44376,0
44429,0
44466,0
44510,0
44538,0
44592,0
44993,0
45010,0
45070,0
45104,0
45149,0
45167,0
45199,0
45277,0
45282,0
45478,0
45490,0
45571,0
45594,0
45602,0
45617,0
45647,0
45722,0
45743,0
45868,0
45959,0
46071,0
46122,0
46124,0
46239,0
46250,0
46337,0
46379,0
46388,0
46393,0
46400,0
46432,0
46450,0
46479,0
46516,0
46548,0
46622,0
46653,0
46728,0
46896,0
46900,0
46984,0
47035,0
47242,0
47279,0
47412,0
47537,0
47799,0
47827,0
47966,0
48002,0
48032,0
48071,0
48162,0
48294,0
48467,0
48666,0
48738,0
48953,0
48988,0
48991,0
49014,0
49085,0
49150,0
49202,0
49372,0
49441,0
49455,0
49496,0
49618,0
49776,0
49800,0
49841,0
50104,0
50194,0
50218,0
50236,0
50299,0
50306,0
50314,0
50323,0
50410,0
50533,0
50550,0
50551,0
50652,0
50679,0
50699,0
50802,0
50930,0
50955,0
50996,0
51106,0
51127,0
51145,0
51149,0
51191,0
51194,0
51225,0
51256,0
51341,0
51467,0
51511,0
51611,0
51680,0
51713,0
51732,0
51766,0
51823,0
51912,0
51916,0
51988,0
52043,0
52062,0
52206,0
52225,0
52276,0
52280,0
52300,0
52361,0
52436,0
52451,0
52536,0
52562,0
52595,0
52722,0
52741,0
52806,0
52831,0
52871,0
52879,0
52898,0
52914,0
52924,0
53001,0
53016,0
53048,0
53246,0
53440,0
53501,0
53541,0
53666,0
53755,0
53893,0
54188,0
54219,0
54274,0
54277,0
54294,0
54366,0
54384,0
54420,0
54530,0
54632,0
54669,0
54699,0
54842,0
54897,0
54971,0
54998,0
55045,0
55047,0
55051,0
55099,0
55244,0
55328,0
55339,0
55408,0
55499,0
55619,0
55745,0
55749,0
55943,0
55944,0
55967,0
56049,0
56069,0
56176,0
56215,0
56247,0
56324,0
56422,0
56465,0
56485,0
56499,0
56508,0
56586,0
56590,0
56628,0
56835,0
56980,0
57168,0
57518,0
57560,0
57591,0
57603,0
57625,0
57914,0
57967,0
58035,0
58093,0
58176,0
58190,0
58233,0
58312,0
58328,0
58334,0
58344,0
58564,0
58762,0
58780,0
58792,0
58808,0
58843,0
58847,0
58849,0
58875,0
58927,0
58967,0
59197,0
59207,0
59223,0
59252,0
59295,0
59327,0
59460,0
59504,0
59517,0
59527,0
59751,0
59903,0
59927,0
60111,0
60258,0
60269,0
60299,0
60329,0
60353,0
60373,0
60425,0
60459,0
60471,0
60601,0
60725,0
60773,0
60818,0
60892,0
60918,0
60962,0
61061,0
61287,0
61315,0
61439,0
61472,0
61677,0
61757,0
61948,0
61991,0
61998,0
62107,0
62186,0
62192,0
62223,0
62280,0
62298,0
62347,0
62399,0
62481,0
62596,0
62649,0
62723,0
63185,0
63228,0
63286,0
63302,0
63748,0
63749,0
63851,0
63854,0
63940,0
63973,0
64034,0
64070,0
64149,0
64159,0
64195,0
64207,0
64418,0
64423,0
64499,0
64509,0
64544,0
64586,0
64608,0
64659,0
64803,0
64805,0
64814,0
65030,0
65172,0
65285,0
65311,0
65390,0
65438,0
65442,0
65531,0
65542,0
65562,0
65763,0
65774,0
65809,0
65886,0
65932,0
66353,0
66394,0
66444,0
66445,0
66510,0
66762,0
66777,0
66858,0
66906,0
67107,0
67209,0
67213,0
67236,0
67471,0
67526,0
67542,0
67595,0
67637,0
67746,0
67761,0
67796,0
67813,0
67846,0
67931,0
67945,0
67991,0
68047,0
68194,0
68224,0
68365,0
68392,0
68565,0
68572,0
68590,0
68668,0
68699,0
68769,0
68840,0
68865,0
68991,0
68998,0
69037,0
69171,0
69270,0
69508,0
69520,0
69603,0
69646,0
69828,0
69847,0
69926,0
69957,0
70046,0
70079,0
70122,0
70141,0
70171,0
70371,0
70622,0
70673,0
70746,0
70862,0
70966,0
71042,0
71078,0
71083,0
71326,0
71332,0
71362,0
71436,0
71532,0
71656,0
71705,0
71878,0
71883,0
71994,0
72030,0
72067,0
72182,0
72197,0
72252,0
72322,0
72379,0
72391,0
72524,0
72656,0
72659,0
72683,0
72712,0
72723,0
73005,0
73049,0
73125,0
73165,0
73220,0
73238,0
73414,0
73443,0
73492,0
73508,0
73548,0
73618,0
74174,0
74229,0
74303,0
74456,0
74581,0
74603,0
74633,0
74890,0
74997,0
75018,0
75107,0
75111,0
75403,0
75458,0
75572,0
75756,0
75979,0
76070,0
76138,0
76310,0
76428,0
76442,0
76461,0
76549,0
76569,0
76711,0
76727,0
76795,0
76855,0
76948,0
77008,0
77145,0
77189,0
77214,0
77240,0
77244,0
77267,0
77388,0
77453,0
77459,0
77487,0
77502,0
77578,0
77600,0
77806,0
77932,0
77935,0
77950,0
77982,0
78043,0
78047,0
78084,0
78191,0
78434,0
78481,0
78512,0
78691,0
78692,0
78693,0
78696,0
78758,0
78789,0
78819,0
78965,0
78988,0
79057,0
79152,0
79192,0
79203,0
79305,0
79336,0
79351,0
79378,0
79645,0
79891,0
80004,0
80028,0
80053,0
80137,0
80149,0
80236,0
80238,0
80295,0
80438,0
80450,0
80627,0
80682,0
80683,0
80780,0
81014,0
81066,0
81222,0
81241,0
81247,0
81283,0
81335,0
81350,0
81467,0
81486,0
81575,0
81681,0
81883,0
81884,0
81930,0
81956,0
81970,0
82005,0
82035,0
82233,0
82435,0
82573,0
82722,0
82969,1
83038,0
83051,0
83133,0
83290,0
83313,0
83532,0
83742,0
83793,0
83845,0
84010,0
84135,0
84168,0
84213,0
84226,0
84248,0
84253,0
84370,0
84447,0
84527,0
84691,0
84701,0
84824,0
84852,0
84871,0
84906,0
84942,0
84991,0
85029,0
85059,0
85207,0
85262,0
85298,0
85369,0
85531,0
85586,0
85659,0
85676,0
85748,0
85886,0
85895,0
86056,0
86086,0
86189,0
86193,0
86213,0
86228,0
86254,0
86737,0
86791,0
86833,0
86993,0
87006,0
87211,0
87410,0
87421,0
87466,0
87479,0
87535,0
87595,0
87674,0
87687,0
87689,0
87703,0
87781,0
87784,0
87796,0
87904,0
87936,0
87937,0
88003,0
88111,0
88143,0
88229,0
88283,0
88339,0
88365,0
88385,0
88394,0
88400,0
88402,0
88505,0
88530,0
88531,0
88667,0
88675,0
88782,0
88819,0
88847,0
88900,0
88911,0
88918,0
89060,0
89199,0
89304,0
89367,0
89390,0
89400,0
89639,0
89663,0
89715,0
89718,0
89721,0
89756,0
89857,0
89899,0
89937,0
89972,0
90029,0
90248,0
90348,0
90362,0
90420,0
90517,0
90685,0
90768,0
90854,0
90917,0
91020,0
91155,0
91162,0
91235,0
91302,0
91389,0
91394,0
91423,0
91481,0
91632,0
91643,0
91697,0
91707,0
91795,0
91851,0
91876,0
91915,0
91949,0
92032,0
92067,0
92244,0
92307,0
92395,0
92424,0
92466,0
92592,0
92595,0
92612,0
92733,0
92747,0
92750,0
92833,0
92901,0
92958,0
93190,0
93222,0
93226,0
93271,0
93273,0
93303,0
93355,0
93439,0
93491,0
93501,0
93510,0
93533,0
93534,0
93641,0
93646,0
93654,0
93733,0
93789,0
93833,0
93850,0
93947,0
93973,0
94065,0
94156,0
94214,0
94257,0
94281,0
94315,0
94396,0
94466,0
94732,0
94792,0
94900,0
94915,0
95008,0
95158,0
95363,0
95386,0
95479,0
95562,0
95753,0
95783,0
95854,0
95917,0
95925,0
95989,0
96071,0
96198,0
96259,0
96262,0
96351,0
96420,0
96427,0
96443,0
96493,0
96521,0
96541,0
96560,0
96570,0
96696,0
96801,0
96812,0
96833,0
96964,0
97027,0
97179,0
97204,0
97216,0
97286,0
97372,0
97374,0
97425,0
97526,0
97609,0
97686,0
97781,0
97860,0
97862,0
97909,0
97910,0
98016,0
98022,0
98131,0
98456,0
98474,0
98503,0
98679,0
98747,0
98805,0
98945,0
98946,0
98954,0
99100,0
99220,0
99319,0
99348,0
99349,0
99541,0
99565,0
99620,0
99632,0
99649,0
99687,0
99761,0
99785,0
99906,0
100018,0
100045,0
100055,0
100136,0
100166,0
100233,0
100356,0
100358,0
100393,0
100398,0
100416,0
100695,0
100732,0
100925,0
100947,0
101062,0
101233,0
101401,0
101480,0
101497,0
101503,0
101563,0
101576,0
101754,0
101768,0
101771,0
101785,0
101919,0
101922,0
101946,0
101952,0
101960,0
101967,0
102110,0
102198,0
102214,0
102429,0
102435,0
102490,0
102631,0
102771,0
102828,0
102873,0
102896,0
102965,0
102966,0
103082,0
103145,0
103159,0
103163,0
103265,0
103281,0
103340,0
103418,0
103562,0
103601,0
103653,0
103691,0
103734,0
103803,0
103898,0
103925,0
104072,0
104104,0
104113,0
104195,0
104247,0
104364,0
104422,0
104434,0
104446,0
104495,0
104633,0
104737,0
104802,0
105021,0
105033,0
105093,0
105147,0
105178,0
105192,0
105236,0
105279,0
105293,0
105369,0
105399,0
105408,0
105496,0
105585,0
105818,0
105864,0
105867,0
105996,0
106049,0
106057,0
106087,0
106216,0
106303,0
106420,0
106529,0
106556,0
106704,0
106707,0
106751,0
106761,0
106840,0
106948,0
107022,0
107059,0
107132,0
107182,0
107205,0
107244,0
107271,0
107400,0
107417,0
107420,0
107422,0
107592,0
107626,0
107730,0
107745,0
107792,0
107796,0
107852,0
107896,0
107924,0
107927,0
108011,0
108024,0
108215,0
108217,0
108264,0
108309,0
108368,0
108395,0
108418,0
108428,0
108555,0
108556,0
108567,0
108676,0
108687,0
108738,0
108748,0
108755,0
108844,0
108917,0
108947,0
109189,0
109224,0
109475,0
109641,0
109656,0
109659,0
109741,0
109870,0
109889,0
110028,0
110074,0
110168,0
110227,0
110234,0
110237,0
110383,0
110403,0
110422,0
110440,0
110457,0
110497,0
110500,0
110514,0
110564,0
110691,0
110739,0
110821,0
110853,0
110860,0
110920,0
110948,0
110955,0
110962,0
111111,0
111186,0
111219,0
111470,0
111488,0
111519,0
111560,0
111580,0
111604,0
111643,0
111723,0
111727,0
111819,0
111869,0
111874,0
111966,0
111982,0
112153,0
112280,0
112511,0
112620,0
112633,0
112636,0
112692,0
112696,0
112775,0
112788,0
112815,0
112842,0
112845,0
112886,0
112909,0
112998,0
113045,0
113046,0
113085,0
113144,0
113187,0
113236,0
113326,0
113330,0
113338,0
113551,0
113612,0
113759,0
114013,0
114114,0
114213,0
114260,0
114468,0
114497,0
114602,0
114738,0
114766,0
114842,0
115129,0
115161,0
115225,0
115291,0
115393,0
115545,0
115603,0
115715,0
115732,0
115735,0
115756,0
115822,0
115866,0
115871,0
115927,0
115939,0
115980,0
116019,0
116092,0
116240,0
116287,0
116305,0
116470,0
116478,0
116586,0
116641,0
116705,0
116739,0
116756,0
116926,0
116986,0
117012,0
117015,0
117042,0
117167,0
117272,0
117435,0
117466,0
117498,0
117591,0
117710,0
117743,0
117779,0
117861,0
118095,0
118101,0
118127,0
118164,0
118167,0
118185,0
118283,0
118372,0
118503,0
118537,0
118551,0
118588,0
118663,0
118677,0
118700,0
118793,0
118805,0
118878,0
119078,0
119086,0
119187,0
119313,0
119357,0
119433,0
119473,0
119556,0
119616,0
119635,0
119677,0
119724,0
119781,0
119791,0
119893,0
119980,0
120103,0
120196,0
120259,0
120525,0
120658,0
120844,0
121034,0
121048,0
121269,0
121326,0
121351,0
121388,0
121465,0
121498,0
121514,0
121531,0
121614,0
121671,0
121750,0
121817,0
121878,0
121909,0
121913,0
122056,0
122075,0
122081,0
122139,0
122165,0
122183,0
122219,0
122376,0
122393,0
122414,0
122423,0
122437,0
122472,0
122487,0
122537,0
122621,0
122673,0
122747,0
122868,0
122909,0
122946,0
123031,0
123053,0
123064,0
123069,0
123116,0
123245,0
123281,0
123287,0
123398,0
123645,0
123653,0
123658,0
123759,0
123800,0
123837,0
123870,0
123936,0
123941,0
123957,0
124060,0
124396,0
124439,0
124469,0
124498,0
124546,0
124554,0
124600,0
124603,0
124662,0
124751,0
124759,0
124878,0
124879,0
124930,0
125052,0
125073,0
125124,0
125150,0
125183,0
125269,0
125288,0
125377,0
125401,0
125511,0
125567,0
125572,0
125573,0
125667,0
125680,0
125714,0
125722,0
125739,0
125892,0
125952,0
126010,0
126014,0
126108,0
126145,0
126165,0
126167,0
126193,0
126204,0
126216,0
126235,0
126451,0
126542,0
126571,0
126598,0
126650,0
126658,0
126719,0
126822,0
126961,0
127038,0
127055,0
127092,0
127200,0
127478,0
127494,0
127505,0
127621,0
127668,0
127736,0
127783,0
127809,0
127891,0
128057,0
128205,0
128217,0
128218,0
128310,0
128323,0
128475,0
128498,0
128515,0
128672,0
128741,0
128795,0
128800,0
128832,0
128935,0
128945,0
129000,0
129052,0
129081,0
129126,0
129250,0
129576,0
129678,0
129806,0
129816,0
129910,0
129988,0
130001,0
130020,0
130154,0
130167,0
130257,0
130270,0
130398,0
130472,0
130578,0
130636,0
130691,0
130738,0
130877,0
131010,0
131043,0
131107,0
131116,0
131119,0
131284,0
131699,0
131750,0
131865,0
132000,0
132067,0
132120,0
132128,0
132196,0
132326,0
132366,0
132421,0
132452,0
132523,0
132603,0
132716,0
132739,0
133015,0
133036,0
133106,0
133128,0
133378,0
133404,0
133416,0
133424,0
133516,0
133656,0
133695,0
133789,0
133815,0
133951,0
134249,0
134261,0
134394,0
134421,0
134456,0
134459,0
134498,0
134614,0
134645,0
134715,0
134800,0
134808,0
134839,0
134857,0
134887,0
134937,0
134992,0
135005,0
135057,0
135144,0
135151,0
135166,0
135186,0
135208,0
135316,0
135320,0
135450,0
135467,0
135528,0
135543,0
135550,0
135701,0
135765,0
135825,0
135864,0
135927,0
136061,0
136097,0
136128,0
136208,0
136297,0
136407,0
136463,0
136497,0
136563,0
136606,0
136641,0
136813,0
136816,0
136817,0
136863,0
136873,0
136985,0
137052,0
137060,0
137312,0
137363,0
137398,0
137517,0
137547,0
137695,0
137754,0
137763,0
137862,0
138018,0
138218,0
138329,0
138388,0
138547,0
138582,0
138785,0
138795,0
138797,0
138808,0
138959,0
139061,0
139074,0
139205,0
139207,0
139230,0
139305,0
139522,0
139866,0
139914,0
139921,0
139978,0
140149,0
140400,0
140431,0
140485,0
140516,0
140558,0
140586,0
140664,0
140680,0
140684,0
140725,0
140834,0
140879,0
141215,0
141246,0
141358,0
141418,0
141631,0
141664,0
141745,0
141789,0
141816,0
141830,0
141860,0
141915,0
141954,0
141972,0
142081,0
142088,0
142092,0
142123,0
142166,0
142242,0
142243,0
142420,0
142578,0
142616,0
142627,0
142642,0
142696,0
142747,0
142858,0
142887,0
142894,0
143093,0
143272,0
143323,0
143607,0
143650,0
143709,0
143758,0
143761,0
143789,0
143792,0
143804,0
143884,0
143903,0
144021,0
144065,0
144119,0
144147,0
144156,0
144232,0
144364,0
144396,0
144409,0
144445,0
144472,0
144503,0
144559,0
144674,0
144735,0
144815,0
144850,0
144900,0
144916,0
144933,0
144959,0
145050,0
145101,0
145178,0
145187,0
145224,0
145242,0
145315,0
145325,0
145381,0
145383,0
145433,0
145563,0
145575,0
145747,0
145783,0
145866,0
146006,0
146033,0
146066,0
146086,0
146148,0
146192,0
146265,0
146380,0
146381,0
146516,0
146572,0
146578,0
146580,0
146670,0
146779,0
146902,0
146908,0
147034,0
147054,0
147112,0
147124,0
147134,0
147173,0
147203,0
147223,0
147248,0
147327,0
147417,0
147441,0
147451,0
147486,0
147599,0
147656,0
147658,0
147693,0
147765,0
147856,0
147872,0
147875,0
147879,0
147915,0
147995,0
148180,0
148320,0
148356,0
148400,0
148401,0
148474,0
148533,0
148545,0
148587,0
148624,0
148640,0
148683,0
148758,0
148933,0
148961,0
148966,0
149018,0
149085,0
149171,0
149180,0
149185,0
149276,0
149384,0
149461,0
149786,0
149849,0
149937,0
150076,0
150148,0
150174,0
150203,0
150284,0
150317,0
150382,0
150383,0
150491,0
150516,0
150607,0
150817,0
150824,0
150862,0
150874,0
151018,0
151019,0
151144,0
151253,0
151380,0
151492,0
151527,0
151529,0
151567,0
151613,0
151675,0
151689,0
151899,0
151974,0
151978,0
151986,0
152004,0
152187,0
152192,0
152200,0
152262,0
152263,0
152334,0
152419,0
152535,0
152578,0
152629,0
152676,0
152734,0
152755,0
152929,0
152963,0
153102,0
153123,0
153138,0
153154,0
153155,0
153436,0
153655,0
153660,0
153667,0
153742,0
153761,0
153829,0
154009,0
154061,0
154116,0
154166,0
154420,0
154431,0
154432,0
154494,0
154548,0
154582,0
154590,0
154641,0
154659,0
154700,0
154715,0
154784,0
154797,0
154865,0
155063,0
155074,0
155110,0
155220,0
155322,0
155370,0
155386,0
155404,0
155434,0
155443,0
155579,0
155662,0
155697,0
155835,0
155870,0
156047,0
156107,0
156162,0
156457,0
156775,0
156822,0
156853,0
156916,0
157068,0
157090,0
157125,0
157140,0
157267,0
157270,0
157271,0
157354,0
157396,0
157481,0
157540,0
157560,0
157566,0
157640,0
157768,0
157813,0
157822,0
157841,0
157864,0
157865,0
157936,0
157983,0
158011,0
158080,0
158151,0
158183,0
158190,0
158251,0
158266,0
158269,0
158416,0
158419,0
158662,0
158677,0
158698,0
158849,0
159033,0
159289,0
159386,0
159429,0
159518,0
159638,0
159718,0
159757,0
159776,0
159807,0
159812,0
159862,0
159907,0
159960,0
160226,0
160277,0
160520,0
160638,0
160727,0
160858,0
160906,0
160951,0
160974,0
160980,0
161070,0
161096,0
161135,0
161165,0
161265,0
161373,0
161419,0
161436,0
161573,0
161638,0
161798,0
161802,0
161880,0
161896,0
161945,0
162096,0
162151,0
162565,0
162571,0
162587,0
162668,0
162802,0
162803,0
162887,0
163054,0
163080,0
163200,0
163220,0
163257,0
163328,0
163379,0
163408,0
163456,0
163573,0
163604,0
163605,0
163606,0
163655,0
163748,0
163828,0
163922,0
163957,0
163996,0
164025,0
164063,0
164247,0
164273,0
164351,0
164379,0
164427,0
164670,0
164682,0
164841,0
165064,0
165174,0
165214,0
165278,0
165363,0
165440,0
165559,0
165666,0
165770,0
165774,0
165866,0
166010,0
166037,0
166123,0
166198,0
166329,0
166368,0
166387,0
166463,0
166670,0
167251,0
167270,0
167292,0
167336,0
167564,0
167739,0
167747,0
167787,0
167853,0
167863,0
167888,0
167924,0
168022,0
168024,0
168077,0
168173,0
168176,0
168242,0
168338,0
168415,0
168472,0
168474,0
168489,0
168568,0
168723,0
168729,0
168770,0
169076,0
169164,0
169174,0
169204,0
169236,0
169358,0
169453,0
169480,0
169497,0
169501,0
169504,0
169573,0
169670,0
169699,0
169727,0
169728,0
169733,0
169755,0
169773,0
169844,0
169858,0
169861,0
169871,0
169986,0
170050,0
170055,0
170064,0
170160,0
170291,0
170318,0
170334,0
170639,0
170641,0
170711,0
170845,0
170865,0
170920,0
170923,0
170924,0
170942,0
170960,0
170964,0
171013,0
171031,0
171043,0
171183,0
171207,0
171322,0
171503,0
171506,0
171520,0
171546,0
171691,0
171824,0
171868,0
172100,0
172210,0
172317,0
172318,0
172487,0
172499,0
172507,0
172591,0
172682,0
172719,0
172788,0
172816,0
172857,0
172915,0
173032,0
173104,0
173126,0
173130,0
173238,0
173271,0
173351,0
173412,0
173439,0
173465,0
173628,0
173712,0
173789,0
173858,0
173888,0
173972,0
174167,0
174291,0
174313,0
174464,0
174493,0
174610,0
174622,0
174649,0
174670,0
174702,0
174882,0
174938,0
175010,0
175018,0
175142,0
175253,0
175287,0
175306,0
175465,0
175511,0
175531,0
175541,0
175686,0
175746,0
175815,0
175888,0
175901,0
176009,0
176032,0
176160,0
176208,0
176211,0
176212,0
176221,0
176247,0
176415,0
176424,0
176471,0
176499,0
176629,0
176693,0
176702,0
176735,0
176763,0
176980,0
176992,0
177014,0
177077,0
177223,0
177298,0
177305,0
177449,0
177592,0
177646,0
177740,0
177831,0
177844,0
177912,0
178018,0
178027,0
178060,0
178142,0
178212,0
178250,0
178383,0
178412,0
178423,0
178463,0
178484,0
178774,0
178813,0
178835,0
178916,0
178970,0
178992,0
179044,0
179121,0
179200,0
179212,0
179347,0
179417,0
179515,0
179637,0
179730,0
180030,0
180117,0
180147,0
180233,0
180245,0
180724,0
180728,0
180732,0
180777,0
180806,0
180893,0
181035,0
181184,0
181230,0
181323,0
181346,0
181436,0
181537,0
181589,0
181824,0
181946,0
182002,0
182074,0
182130,0
182154,0
182156,0
182228,0
182304,0
182320,0
182478,0
182571,0
182595,0
182626,0
182678,0
182680,0
182684,0
182724,0
182725,0
182793,0
182878,0
183185,0
183208,0
183252,0
183264,0
183389,0
183454,0
183524,0
183642,0
183841,0
183925,0
183950,0
183957,0
184215,0
184541,0
184582,0
184628,0
184692,0
184886,0
184926,0
185017,0
185056,0
185170,0
185336,0
185340,0
185432,0
185596,0
185651,0
185670,0
185687,0
185717,0
185961,0
185987,0
186050,0
186156,0
186183,0
186411,0
186474,0
186482,0
186513,0
186554,0
186624,0
186695,0
186775,0
186826,0
186940,0
187063,0
187071,0
187095,0
187096,0
187114,0
187154,0
187189,0
187301,0
187689,0
187766,0
187836,0
187855,0
187873,0
187905,0
188020,0
188158,0
188193,0
188239,0
188419,0
188421,0
188448,0
188461,0
188642,0
188655,0
188684,0
188790,0
188801,0
188862,0
188863,0
188921,0
189024,0
189039,0
189054,0
189149,0
189158,0
189162,0
189330,0
189336,0
189337,0
189497,0
189524,0
189557,0
189558,0
189572,0
189617,0
189627,0
189652,0
189666,0
189687,0
189702,0
189835,0
189911,0
189985,0
189988,0
190049,0
190100,0
190215,0
190482,0
190484,0
190636,0
190791,0
190932,0
190978,0
191002,0
191065,0
191093,0
191216,0
191265,0
191270,0
191412,0
191445,0
191527,0
191650,0
191735,0
191804,0
192026,0
192056,0
192092,0
192173,0
192251,0
192292,0
192431,0
192441,0
192528,0
192530,0
192615,0
192677,0
192876,0
192994,0
193023,0
193120,0
193198,0
193233,0
193234,0
193271,0
193275,0
193277,0
193278,0
193479,0
193514,0
193694,0
193698,0
193716,0
193753,0
193767,0
193774,0
193777,0
193893,0
193904,0
193933,0
193965,0
194000,0
194050,0
194207,0
194247,0
194367,0
194452,0
194491,0
194570,0
194674,0
194685,0
194869,0
195132,0
195152,0
195211,0
195230,0
195231,0
195251,0
195267,0
195295,0
195318,0
195405,0
195443,0
195487,0
195544,0
195653,0
195761,0
195820,0
195825,0
195894,0
195940,0
195997,0
196033,0
196383,0
196407,0
196558,0
196695,0
196747,0
196791,0
196963,0
197030,0
197035,0
197137,0
197198,0
197209,0
197231,0
197361,0
197593,0
197601,0
197641,0
197698,0
197702,0
197764,0
197828,0
197858,0
197869,0
198011,0
198060,0
198116,0
198161,0
198365,0
198374,0
198384,0
198445,0
198515,0
198564,0
198674,0
198743,0
198954,0
198956,0
198969,0
199026,0
199363,0
199376,0
199461,0
199512,0
199562,0
199752,0
199759,0
199786,0
199795,0
199804,0
199809,0
199843,0
199874,0
199887,0
199916,0
199927,0
200001,0
200106,0
200263,0
200288,0
200293,0
200310,0
200411,0
200412,0
200415,0
200457,0
200542,0
200599,0
200643,0
200645,0
200719,0
200762,0
200871,0
200917,0
200954,0
201117,0
201128,0
201144,0
201198,0
201240,0
201274,0
201275,0
201290,0
201490,0
201559,0
201715,0
201798,0
201833,0
201869,0
202018,0
202051,0
202099,0
202308,0
202415,0
202485,0
202487,0
202832,0
202839,0
202875,0
202946,0
202959,0
202985,0
202997,0
203003,0
203004,0
203208,0
203257,0
203265,0
203287,0
203294,0
203335,0
203379,0
203650,0
203679,0
203714,0
203741,0
203774,0
203928,0
203997,0
204203,0
204398,0
204447,0
204466,0
204473,0
204476,0
204486,0
204583,0
204589,0
204652,0
204700,0
204866,0
204894,0
204949,0
204955,0
204977,0
204981,0
205046,0
205196,0
205229,0
205399,0
205436,0
205492,0
205526,0
205534,0
205677,0
205855,0
205864,0
205893,0
206004,0
206053,0
206055,0
206137,0
206141,0
206174,0
206317,0
206400,0
206485,0
206538,0
206584,0
206589,0
206659,1
206752,0
206909,0
206921,0
206982,0
207017,0
207142,0
207167,0
207177,0
207202,0
207224,0
207258,0
207266,0
207286,0
207352,0
207698,0
207703,0
207871,0
207872,0
207884,0
207927,0
208004,0
208044,0
208129,0
208151,0
208174,0
208297,0
208384,0
208393,0
208611,0
208625,0
208922,0
208940,0
208960,0
209045,0
209308,0
209379,0
209382,0
209401,0
209596,0
209605,0
209632,0
209710,0
209782,0
209850,0
209888,0
210325,0
210365,0
210481,0
210510,0
210593,0
210673,0
210817,0
210887,0
210963,0
211038,0
211115,0
211246,0
211359,0
211475,0
211477,0
211684,0
211757,0
211794,0
211818,0
211884,0
211900,0
211979,0
212041,0
212111,0
212162,0
212183,0
212376,0
212407,0
212432,0
212439,0
212451,0
212627,0
212643,0
212975,0
213052,0
213076,0
213343,0
213475,0
213608,0
213696,0
213702,0
213738,0
213747,0
213760,0
213796,0
213799,0
213935,0
213951,0
214012,0
214086,0
214098,0
214113,0
214257,0
214259,0
214282,0
214475,0
214476,0
214512,0
214548,0
214603,0
214774,0
214854,0
214949,0
214961,0
215110,0
215154,0
215222,0
215258,0
215265,0
215302,0
215319,0
215329,0
215431,0
215495,0
215509,0
215574,0
215618,0
215636,0
215677,0
215699,0
215706,0
215811,0
215847,0
215874,0
215925,0
216020,0
216033,0
216059,0
216120,0
216214,0
216448,0
216581,0
216720,0
216728,0
216811,0
216843,0
216932,0
216983,0
217021,0
217037,0
217082,0
217086,0
217168,0
217170,0
217549,0
217585,0
217689,0
217693,0
217781,0
217836,0
217902,0
218018,0
218116,0
218129,0
218142,0
218168,0
218210,0
218465,0
218488,0
218650,0
218692,0
218745,0
218752,0
218777,0
218948,0
218995,0
219051,0
219142,0
219331,0
219423,0
219544,0
219573,0
219595,0
219811,0
219816,0
219854,0
219868,0
219880,0
219940,0
219946,0
219987,0
220080,0
220115,0
220157,0
220308,0
220371,0
220398,0
220405,0
220417,0
220696,0
220788,0
220818,0
220876,0
220878,0
220948,0
221075,0
221249,0
221529,0
221554,0
221572,0
221679,0
221682,0
221714,0
221807,0
221860,0
221917,0
221933,0
222075,0
222177,0
222207,0
222268,0
222291,0
222326,0
222431,0
222491,0
222501,0
222606,0
222607,0
222613,0
222809,0
223047,0
223209,0
223243,0
223251,0
223272,0
223313,0
223329,0
223498,0
223628,0
223634,0
223664,0
223703,0
223757,0
223820,0
223839,0
223871,0
223910,0
223941,0
224046,0
224062,0
224072,0
224242,0
224294,0
224298,0
224360,0
224419,0
224481,0
224482,0
224487,0
224545,0
224866,0
224989,0
225177,0
225180,0
225192,0
225197,0
225199,0
225336,0
225573,0
225707,0
225752,0
225779,0
225896,0
225974,0
226112,0
226143,0
226382,0
226543,0
226596,0
226623,0
226711,0
226733,0
226750,0
226756,0
226832,0
227107,0
227147,0
227214,0
227227,0
227290,0
227395,0
227697,0
227719,0
227727,0
227745,0
227793,0
227882,0
227962,0
228319,0
228401,0
228443,0
228528,0
228598,0
228617,0
228788,0
228933,0
228943,0
228945,0
229014,0
229039,0
229294,0
229350,0
229372,0
229439,0
229453,0
229516,0
229567,0
229596,0
229934,0
229987,0
230066,0
230079,0
230213,0
230222,0
230508,0
230556,0
230680,0
230713,0
231065,0
231095,0
231123,0
231125,0
231151,0
231229,0
231376,0
231392,0
231431,0
231815,0
231836,0
231869,0
231944,0
232002,0
232031,0
232190,0
232191,0
232207,0
232321,0
232381,0
232555,0
232597,0
232739,0
232870,0
232879,0
232880,0
232898,0
232915,0
233016,0
233049,0
233104,0
233142,0
233249,0
233317,0
233446,0
233535,0
233729,0
233835,0
234010,0
234062,0
234181,0
234300,0
234399,0
234513,0
234552,0
234581,0
234628,0
234683,0
234753,0
234854,0
234985,0
235055,0
235280,0
235311,0
235345,0
235484,0
235514,0
235516,0
235661,0
235675,0
235684,0
235776,0
235789,0
235914,0
235965,0
235985,0
236066,0
236396,0
236566,0
236701,0
236714,0
236767,0
236847,0
237106,0
237137,0
237159,0
237175,0
237223,0
237233,0
237251,0
237410,0
237448,0
237521,0
237585,0
237632,0
237662,0
237672,0
237706,0
237919,0
237921,0
237958,0
237986,0
238000,0
238024,0
238053,0
238093,0
238104,0
238211,0
238248,0
238274,0
238363,0
238396,0
238478,0
238648,0
238713,0
238856,0
238944,0
239229,0
239334,0
239344,0
239404,0
239434,0
239500,0
239629,0
239722,0
239734,0
239830,0
240099,0
240167,0
240241,0
240246,0
240267,0
240316,0
240329,0
240417,0
240540,0
240619,0
240646,0
240781,0
240789,0
240837,0
240846,0
240884,0
240950,0
240968,0
241026,0
241059,0
241152,0
241218,0
241292,0
241386,0
241539,0
241578,0
241671,0
241973,0
242065,0
242091,0
242240,0
242414,0
242486,0
242663,0
242744,0
242828,0
242839,0
242868,0
242882,0
243129,0
243223,0
243259,0
243314,0
243414,0
243417,0
243544,0
243630,0
243645,0
243762,0
243786,0
243791,0
243824,0
243831,0
243878,0
243918,0
243923,0
243935,0
244055,0
244067,0
244133,0
244177,0
244274,0
244289,0
244483,0
244491,0
244666,0
244698,0
244704,0
244714,0
244752,0
245086,0
245137,0
245181,0
245213,0
245225,0
245307,0
245410,0
245442,0
245571,0
245577,0
245604,0
245616,0
245635,0
245696,0
245771,0
245917,0
245968,0
245978,0
246031,0
246064,0
246103,0
246118,0
246177,0
246256,0
246296,0
246344,0
246353,0
246363,0
246388,0
246406,0
246416,0
246545,0
246574,0
246603,0
246619,0
246639,0
246652,0
246678,0
246997,0
247188,0
247261,0
247336,0
247359,0
247542,0
247559,0
247625,0
247639,0
247693,0
247804,0
247882,0
247898,0
247998,0
248010,0
248013,0
248034,0
248049,0
248123,0
248148,0
248170,0
248284,0
248307,0
248618,0
248624,0
248637,0
248726,0
248774,0
248780,0
248788,0
248835,0
248837,0
248888,0
248923,0
249110,0
249130,0
249144,0
249172,0
249207,0
249233,0
249294,0
249304,0
249344,0
249566,0
249599,0
249604,0
249615,0
249700,0
249701,0
249752,0
249937,0
249996,0
250064,0
250083,0
250153,0
250276,0
250440,0
250502,0
250516,0
250592,0
250611,0
250675,0
250704,0
250717,0
251135,0
251141,0
251155,0
251160,0
251204,0
251279,0
251318,0
251498,0
251630,0
251647,0
251787,0
251798,0
251851,0
251862,0
251945,0
251972,0
252043,0
252135,0
252387,0
252393,0
252471,0
252544,0
252595,0
252744,0
252778,0
252790,0
252884,0
252900,0
253025,0
253161,0
253192,0
253268,0
253272,0
253311,0
253416,0
253433,0
253439,0
253498,0
253705,0
253750,0
253841,0
253909,0
253919,0
253995,0
254152,0
254235,0
254239,0
254353,0
254376,0
254395,0
254708,0
255017,0
255062,0
255245,0
255318,0
255376,0
255458,0
255629,0
255824,0
255911,0
255922,0
255968,0
255986,0
256165,0
256334,0
256336,0
256371,0
256436,0
256620,0
256761,0
256892,0
256900,0
257055,0
257065,0
257147,0
257202,0
257246,0
257247,0
257253,0
257297,0
257347,0
257489,0
257517,0
257549,0
257662,0
257786,0
257894,0
257994,0
257998,0
258048,0
258159,0
258189,0
258205,0
258338,0
258360,0
258425,0
258465,0
258665,0
258681,0
258697,0
258790,0
258852,0
258880,0
258885,0
259147,0
259154,0
259197,0
259264,0
259275,0
259282,0
259342,0
259357,0
259376,0
259443,0
259459,0
259475,0
259649,0
259676,0
259760,0
259905,0
259973,0
260143,0
260159,0
260185,0
260202,0
260320,0
260459,0
260522,0
260612,0
260651,0
260673,0
260793,0
260966,0
261205,0
261212,0
261282,0
261393,0
261442,0
261490,0
261534,0
261547,0
261629,0
261660,0
262059,0
262098,0
262183,0
262208,0
262498,0
262505,0
262510,0
262519,0
262642,0
262647,0
262669,0
262699,0
262730,0
262925,0
263002,0
263027,0
263032,0
263035,0
263047,0
263063,0
263154,0
263178,0
263186,0
263187,0
263281,0
263300,0
263372,0
263379,0
263384,0
263476,0
263484,0
263520,0
263680,0
263804,0
263822,0
263834,0
263874,0
263905,0
263956,0
263964,0
264013,0
264054,0
264063,0
264074,0
264097,0
264120,0
264127,0
264134,0
264139,0
264143,0
264182,0
264310,0
264331,0
264367,0
264425,0
264428,0
264450,0
264487,0
264492,0
264522,0
264671,0
264700,0
264744,0
264825,0
264841,0
264873,0
264878,0
264885,0
264939,0
264952,0
265037,0
265065,0
265107,0
265126,0
265180,0
265274,0
265290,0
265302,0
265317,0
265344,0
265515,0
265532,0
265561,0
265613,0
265616,0
265620,0
265633,0
265672,0
265688,0
265703,0
265763,0
265792,0
265794,0
265796,0
265797,0
265816,0
265848,0
265959,0
265979,0
265981,0
266062,0
266144,0
266148,0
266154,0
266170,0
266219,0
266277,0
266313,0
266315,0
266370,0
266371,0
266381,0
266431,0
266446,0
266490,0
266532,0
266545,0
266553,0
266555,0
266570,0
266576,0
266603,0
266640,0
266715,0
266721,0
266741,0
266758,0
266762,0
266847,0
266872,0
266876,0
266883,0
266978,0
266979,0
267012,0
267027,0
267037,0
267081,0
267115,0
267148,0
267174,0
267279,0
267304,0
267395,0
267424,0
267433,0
267478,0
267531,0
267575,0
267630,0
267632,0
267671,0
267680,0
267711,0
267736,0
267780,0
267840,0
267856,0
267863,0
267867,0
267888,0
267916,0
267960,0
268191,0
268205,0
268212,0
268247,0
268327,0
268428,0
268654,0
268660,0
268749,0
268807,0
268877,0
268908,0
268916,0
268987,0
269019,0
269040,0
269124,0
269162,0
269165,0
269173,0
269235,0
269238,0
269277,0
269311,0
269369,0
269458,0
269529,0
269551,0
269574,0
269637,0
269659,0
269689,0
269780,0
269823,0
269833,0
269953,0
269983,0
270023,0
270111,0
270144,0
270174,0
270182,0
270307,0
270325,0
270333,0
270371,0
270393,0
270407,0
270451,0
270471,0
270495,0
270498,0
270579,0
270590,0
270603,0
270761,0
270835,0
270840,0
270842,0
270881,0
270981,0
270998,0
271082,0
271090,0
271097,0
271221,0
271232,0
271377,0
271386,0
271395,0
271405,0
271429,0
271486,0
271493,0
271511,0
271531,0
271634,0
271641,0
271651,0
271666,0
271711,0
271729,0
271746,0
271825,0
271831,0
271881,0
271920,0
271947,0
271958,0
271983,0
272016,0
272107,0
272108,0
272130,0
272206,0
272309,0
272310,0
272311,0
272388,0
272402,0
272428,0
272442,0
272447,0
272533,0
272590,0
272592,0
272598,0
272600,0
272642,0
272665,0
272701,0
272807,0
272861,0
272885,0
272908,0
273069,0
273075,0
273076,0
273093,0
273104,0
273221,0
273229,0
273312,0
273317,0
273448,0
273459,0
273502,0
273503,0
273573,0
273581,0
273628,0
273669,0
273675,0
273700,0
273708,0
273732,0
273754,0
273771,0
273801,0
273833,0
273907,0
273948,0
274059,0
274146,0
274169,0
274356,0
274376,0
274424,0
274507,0
274618,0
274631,0
274637,0
274731,0
274774,0
274819,0
274883,0
274890,0
274943,0
274952,0
275024,0
275086,0
275105,0
275132,0
275203,0
275211,0
275233,0
275264,0
275277,0
275327,0
275360,0
275437,0
275456,0
275489,0
275495,0
275525,0
275565,0
275566,0
275567,0
275655,0
275668,0
275776,0
275777,0
275782,0
275785,0
275841,0
275864,0
275876,0
275887,0
275960,0
276015,0
276035,0
276074,0
276093,0
276126,0
276157,0
276162,0
276176,0
276257,0
276364,0
276365,0
276370,0
276404,0
276426,0
276436,0
276444,0
276472,0
276492,0
276504,0
276508,0
276521,0
276524,0
276533,0
276541,0
276658,0
276694,0
276776,0
276833,0
276835,0
276844,0
276904,0
277057,0
277153,0
277155,0
277163,0
277208,0
277222,0
277294,0
277317,0
277325,0
277341,0
277356,0
277362,0
277379,0
277401,0
277402,0
277419,0
277426,0
277468,0
277537,0
277569,0
277689,0
277693,0
277696,0
277727,0
277754,0
277809,0
277855,0
277929,0
277955,0
277956,0
277960,0
278041,0
278161,0
278186,0
278190,0
278193,0
278221,0
278230,0
278235,0
278253,0
278268,0
278288,0
278309,0
278313,0
278360,0
278463,0
278555,0
278556,0
278576,0
278594,0
278655,0
278750,0
278840,0
278880,0
279029,0
279044,0
279139,0
279175,0
279257,0
279291,0
279302,0
279313,0
279343,0
279356,0
279378,0
279486,0
279493,0
279661,0
279670,0
279756,0
279787,0
279831,0
279859,0
279901,0
280048,0
280054,0
280086,0
280125,0
280155,0
280342,0
280345,0
280358,0
280407,0
280439,0
280476,0
280484,0
280500,0
280508,0
280515,0
280522,0
280634,0
280748,0
280788,0
280793,0
280800,0
280833,0
280915,0
280931,0
280988,0
281050,0
281071,0
281114,0
281188,0
281223,0
281248,0
281256,0
281294,0
281303,0
281360,0
281430,0
281435,0
281476,0
281482,0
281536,0
281556,0
281561,0
281573,0
281646,0
281699,0
281808,0
281809,0
281819,0
281827,0
281862,0
281868,0
281890,0
281942,0
281948,0
282015,0
282057,0
282098,0
282138,0
282155,0
282165,0
282185,0
282298,0
282307,0
282441,0
282467,0
282471,0
282569,0
282572,0
282650,0
282662,0
282720,0
282762,0
282819,0
282860,0
282902,0
282929,0
282956,0
282983,0
282988,0
283063,0
283159,0
283172,0
283276,0
283325,0
283363,0
283393,0
283395,0
283426,0
283430,0
283460,0
283540,0
283543,0
283546,0
283595,0
283640,0
283734,0
283786,0
283787,0
283792,0
283836,0
283840,0
283903,0
283908,0
283909,0
283945,0
284004,0
284070,0
284093,0
284142,0
284143,0
284163,0
284177,0
284296,0
284306,0
284348,0
284364,0
284464,0
284473,0
284490,0
284510,0
284595,0
284598,0
284605,0
284661,0
284730,0
284741,0
284811,0
284879,0
284880,0
284910,0
284915,0
285037,0
285128,0
285157,0
285265,0
285268,0
285290,0
285293,0
285301,0
285304,0
285309,0
285368,0
285387,0
285516,0
285592,0
285620,0
285657,0
285730,0
285748,0
285785,0
285790,0
285816,0
285857,0
285878,0
285942,0
286018,0
286028,0
286053,0
286083,0
286094,0
286113,0
286124,0
286128,0
286177,0
286269,0
286353,0
286358,0
286484,0
286517,0
286634,0
286666,0
286705,0
286733,0
286773,0
286796,0
286817,0
286945,0
286976,0
287022,0
287040,0
287082,0
287121,0
287124,0
287125,0
287140,0
287225,0
287258,0
287289,0
287429,0
287468,0
287471,0
287571,0
287582,0
287598,0
287600,0
287605,0
287624,0
287743,0
287751,0
287753,0
287780,0
287905,0
287913,0
287994,0
288035,0
288142,0
288168,0
288184,0
288329,0
288330,0
288344,0
288361,0
288393,0
288402,0
288414,0
288420,0
288428,0
288494,0
288537,0
288558,0
288595,0
288626,0
288632,0
288643,0
288648,0
288709,0
288755,0
288781,0
288836,0
288845,0
288935,0
288960,0
289018,0
289036,0
289090,0
289116,0
289131,0
289140,0
289236,0
289394,0
289412,0
289462,0
289553,0
289594,0
289613,0
289674,0
289690,0
289749,0
289781,0
289792,0
289810,0
289831,0
289892,0
289905,0
289937,0
290026,0
290033,0
290043,0
290057,0
290059,0
290168,0
290215,0
290236,0
290237,0
290307,0
290338,0
290384,0
290431,0
290435,0
290524,0
290576,0
290639,0
290649,0
290654,0
290710,0
290774,0
290782,0
290885,0
290905,0
290965,0
290968,0
291021,0
291025,0
291173,0
291204,0
291225,0
291280,0
291291,0
291294,0
291348,0
291361,0
291438,0
291468,0
291476,0
291517,0
291525,0
291545,0
291551,0
291586,0
291601,0
291602,0
291630,0
291648,0
291706,0
291718,0
291748,0
291831,0
291842,0
291914,0
291968,0
292065,0
292178,0
292225,0
292229,0
292244,0
292278,0
292299,0
292328,0
292343,0
292355,0
292509,0
292553,0
292580,0
292600,0
292668,0
292717,0
292802,0
292806,0
292889,0
292892,0
292919,0
292941,0
292948,0
292982,0
293091,0
293105,0
293212,0
293228,0
293272,0
293274,0
293278,0
293333,0
293344,0
293544,0
293599,0
293630,0
293648,0
293653,0
293663,0
293665,0
293686,0
293725,0
293726,0
293741,0
293746,0
293770,0
293785,0
293810,0
293904,0
293913,0
293927,0
294082,0
294105,0
294128,0
294179,0
294221,0
294253,0
294258,0
294267,0
294298,0
294330,0
294333,0
294345,0
294405,0
294460,0
294502,0
294505,0
294538,0
294571,0
294586,0
294609,0
294729,0
294759,0
294836,0
294845,0
294847,0
294905,0
294937,0
294979,0
294994,0
295011,0
295037,0
295165,0
295176,0
295233,0
295239,0
295253,0
295282,0
295307,0
295319,0
295327,0
295336,0
295341,0
295411,0
295429,0
295458,0
295465,0
295584,0
295605,0
295606,0
295613,0
295632,0
295717,0
295719,0
295732,0
295734,0
295755,0
295900,0
295904,0
295933,0
295991,0
296030,0
296078,0
296081,0
296109,0
296110,0
296194,0
296207,0
296253,0
296297,0
296318,0
296337,0
296404,0
296421,0
296431,0
296440,0
296485,0
296594,0
296605,0
296614,0
296717,0
296728,0
296754,0
296770,0
296789,0
296800,0
296813,0
296916,0
296957,0
296975,0
297009,0
297024,0
297030,0
297093,0
297106,0
297168,0
297177,0
297182,0
297200,0
297213,0
297242,0
297284,0
297285,0
297301,0
297302,0
297343,0
297416,0
297464,0
297465,0
297504,0
297619,0
297663,0
297703,0
297715,0
297790,0
297832,0
297878,0
297881,0
297884,0
297922,0
297931,0
297935,0
298049,0
298130,0
298211,0
298257,0
298304,0
298382,0
298396,0
298409,0
298417,0
298513,0
298570,0
298616,0
298656,0
298720,0
298722,0
298760,0
298766,0
298851,0
298896,0
298908,0
298946,0
298956,0
299009,0
299016,0
299041,0
299046,0
299067,0
299109,0
299164,0
299231,0
299256,0
299257,0
299267,0
299329,0
299486,0
299589,0
299620,0
299637,0
299683,0
299758,0
299781,0
299792,0
299808,0
299816,0
299839,0
299997,0
300026,0
300040,0
300120,0
300277,0
300278,0
300305,0
300332,0
300351,0
300399,0
300416,0
300427,0
300439,0
300441,0
300520,0
300598,0
300615,0
300627,0
300679,0
300704,0
300761,0
300792,0
300839,0
300852,0
300933,0
301042,0
301060,0
301064,0
301206,0
301252,0
301303,0
301304,0
301346,0
301354,0
301397,0
301421,0
301433,0
301479,0
301500,0
301517,0
301543,0
301550,0
301557,0
301637,0
301638,0
301666,0
301869,0
302028,0
302065,0
302115,0
302192,0
302271,0
302301,0
302319,0
302371,0
302375,0
302412,0
302425,0
302472,0
302503,0
302520,0
302552,0
302580,0
302610,0
302617,0
302675,0
302710,0
302722,0
302737,0
302742,0
302747,0
302767,0
302780,0
302872,0
302887,0
302894,0
302941,0
302949,0
302968,0
302969,0
302990,0
303030,0
303042,0
303092,0
303093,0
303096,0
303132,0
303145,0
303147,0
303176,0
303202,0
303220,0
303277,0
303373,0
303415,0
303419,0
303455,0
303504,0
303505,0
303595,0
303675,0
303740,0
303797,0
303813,0
303817,0
303857,0
303862,0
303879,0
303905,0
304007,0
304028,0
304034,0
304163,0
304204,0
304208,0
304226,0
304230,0
304311,0
304323,0
304358,0
304377,0
304419,0
304458,0
304489,0
304497,0
304633,0
304652,0
304679,0
304683,0
304705,0
304764,0
304796,0
304803,0
304828,0
304835,0
304946,0
304960,0
304999,0
305079,0
305089,0
305128,0
305197,0
305200,0
305253,0
305291,0
305409,0
305423,0
305455,0
305468,0
305535,0
305591,0
305634,0
305646,0
305653,0
305688,0
305789,0
305922,0
305934,0
305959,0
305971,0
305991,0
306019,0
306027,0
306069,0
306174,0
306262,0
306273,0
306286,0
306309,0
306355,0
306380,0
306432,0
306451,0
306461,0
306527,0
306579,0
306582,0
306593,0
306647,0
306681,0
306683,0
306704,0
306713,0
306717,0
306723,0
306774,0
306905,0
306918,0
306939,0
306970,0
307026,0
307030,0
307034,0
307068,0
307072,0
307189,0
307222,0
307235,0
307271,0
307478,0
307588,0
307610,0
307684,0
307704,0
307716,0
307739,0
307744,0
307851,0
307972,0
307974,0
307976,0
307995,0
308074,0
308094,0
308103,0
308126,0
308139,0
308180,0
308231,0
308239,0
308264,0
308347,0
308392,0
308394,0
308408,0
308428,0
308440,0
308472,0
308497,0
308503,0
308556,0
308603,0
308627,0
308636,0
308704,0
308725,0
308751,0
308777,0
308790,0
308807,0
308833,0
308886,0
308896,0
308943,0
308968,0
309050,0
309069,0
309096,0
309118,0
309119,0
309157,0
309178,0
309206,0
309224,0
309252,0
309257,0
309259,0
309304,0
309357,0
309410,0
309425,0
309428,0
309504,0
309571,0
309629,0
309767,0
309782,0
309807,0
309817,0
309866,0
309879,0
309970,0
310017,0
310025,0
310055,0
310065,0
310068,0
310158,0
310250,0
310254,0
310312,0
310370,0
310409,0
310441,0
310487,0
310537,0
310555,0
310728,0
310769,0
310822,0
310840,0
310864,0
310905,0
310910,0
310936,0
310952,0
310955,0
310966,0
310968,0
311012,0
311095,0
311096,0
311170,0
311207,0
311253,0
311279,0
311294,0
311338,0
311366,0
311380,0
311408,0
311436,0
311476,0
311498,0
311555,0
311671,0
311724,0
311822,0
311861,0
311897,0
311905,0
311916,0
311933,0
311976,0
311989,0
312007,0
312102,0
312112,0
312182,0
312217,0
312239,0
312249,0
312279,0
312312,0
312340,0
312346,0
312365,0
312373,0
312401,0
312407,0
312410,0
312451,0
312500,0
312521,0
312566,0
312579,0
312593,0
312642,0
312708,0
312730,0
312733,0
312788,0
312817,0
312830,0
312832,0
312839,0
312848,0
312853,0
312868,0
312884,0
312891,0
312954,0
312985,0
313026,0
313087,0
313171,0
313174,0
313256,0
313260,0
313262,0
313282,0
313303,0
313345,0
313392,0
313423,0
313434,0
313485,0
313502,0
313538,0
313567,0
313587,0
313591,0
313706,0
313721,0
313722,0
313730,0
313751,0
313777,0
313816,0
313862,0
313962,0
314013,0
314051,0
314060,0
314074,0
314170,0
314194,0
314218,0
314219,0
314232,0
314280,0
314288,0
314306,0
314319,0
314431,0
314528,0
314610,0
314652,0
314692,0
314724,0
314761,0
314764,0
314828,0
314855,0
314924,0
314999,0
315015,0
315086,0
315212,0
315317,0
315468,0
315476,0
315564,0
315626,0
315795,0
315829,0
315889,0
315922,0
315924,0
315961,0
315966,0
315972,0
316021,0
316038,0
316059,0
316105,0
316125,0
316197,0
316198,0
316228,0
316308,0
316345,0
316403,0
316467,0
316496,0
316508,0
316537,0
316554,0
316567,0
316589,0
316620,0
316625,0
316673,0
316678,0
316720,0
316721,0
316771,0
316821,0
316833,0
316863,0
316906,0
316927,0
316951,0
316962,0
316980,0
316987,0
316999,0
317030,0
317062,0
317073,0
317083,0
317128,0
317171,0
317172,0
317196,0
317236,0
317245,0
317268,0
317312,0
317342,0
317366,0
317479,0
317580,0
317588,0
317700,0
317808,0
317810,0
317884,0
317947,0
317986,0
318046,0
318058,0
318076,0
318123,0
318132,0
318221,0
318241,0
318245,0
318289,0
318296,0
318346,0
318488,0
318519,0
318527,0
318634,0
318667,0
318752,0
318757,0
318813,0
318817,0
318944,0
318956,0
319022,0
319176,0
319184,0
319186,0
319203,0
319232,0
319290,0
319315,0
319338,0
319538,0
319614,0
319646,0
319697,0
319747,0
319817,0
319858,0
319890,0
319912,0
319994,0
320001,0
320068,0
320118,0
320201,0
320241,0
320284,0
320287,0
320328,0
320492,0
320500,0
320505,0
320518,0
320541,0
320557,0
320565,0
320581,0
320624,0
320627,0
320633,0
320809,0
320870,0
320871,0
320891,0
320986,0
320995,0
321061,0
321066,0
321067,0
321108,0
321141,0
321166,0
321184,0
321193,0
321207,0
321235,0
321293,0
321307,0
321337,0
321342,0
321451,0
321507,0
321508,0
321524,0
321544,0
321556,0
321559,0
321581,0
321720,0
321736,0
321807,0
321832,0
321897,0
321974,0
321990,0
322029,0
322030,0
322068,0
322111,0
322154,0
322214,0
322292,0
322320,0
322324,0
322366,0
322385,0
322459,0
322493,0
322495,0
322577,0
322757,0
322813,0
322877,0
322962,0
323001,0
323012,0
323031,0
323045,0
323062,0
323066,0
323108,0
323119,0
323208,0
323285,0
323287,0
323300,0
323369,0
323572,0
323584,0
323736,0
323777,0
323838,0
323920,0
323955,0
323987,0
324009,0
324037,0
324111,0
324217,0
324274,0
324315,0
324325,0
324339,0
324408,0
324430,0
324491,0
324551,0
324644,0
324649,0
324695,0
324710,0
324738,0
324762,0
324764,0
324773,0
324790,0
324824,0
324858,0
324880,0
324895,0
325056,0
325076,0
325093,0
325103,0
325131,0
325132,0
325170,0
325178,0
325195,0
325221,0
325281,0
325381,0
325441,0
325475,0
325481,0
325494,0
325520,0
325652,0
325780,0
325805,0
325834,0
325862,0
325868,0
325875,0
325888,0
325894,0
326028,0
326056,0
326107,0
326141,0
326155,0
326193,0
326208,0
326212,0
326216,0
326233,0
326265,0
326280,0
326306,0
326464,0
326555,0
326703,0
326706,0
326765,0
326823,0
326843,0
326872,0
326895,0
326914,0
326932,0
326942,0
327016,0
327077,0
327094,0
327118,0
327161,0
327338,0
327381,0
327399,0
327414,0
327535,0
327557,0
327561,0
327683,0
327685,0
327713,0
327863,0
327984,0
328041,0
328084,0
328338,0
328342,0
328380,0
328449,0
328502,0
328506,0
328541,0
328544,0
328590,0
328591,0
328642,0
328651,0
328728,0
328755,0
328773,0
328808,0
328833,0
328916,0
328939,0
328954,0
329064,0
329072,0
329090,0
329114,0
329130,0
329143,0
329155,0
329183,0
329207,0
329257,0
329311,0
329367,0
329439,0
329480,0
329524,0
329569,0
329662,0
329731,0
329763,0
329764,0
329855,0
329883,0
329902,0
329956,0
330129,0
330153,0
330163,0
330235,0
330297,0
330301,0
330307,0
330311,0
330337,0
330373,0
330379,0
330459,0
330462,0
330524,0
330630,0
330653,0
330690,0
330697,0
330715,0
330764,0
330793,0
330797,0
330819,0
330854,0
330859,0
330919,0
331017,0
331059,0
331146,0
331171,0
331200,0
331243,0
331277,0
331339,0
331355,0
331368,0
331401,0
331483,0
331503,0
331523,0
331592,0
331609,0
331617,0
331627,0
331669,0
331716,0
331723,0
331726,0
331732,0
331826,0
331845,0
332006,0
332050,0
332078,0
332086,0
332151,0
332173,0
332174,0
332242,0
332250,0
332334,0
332400,0
332479,0
332485,0
332495,0
332534,0
332549,0
332571,0
332579,0
332597,0
332601,0
332628,0
332668,0
332877,0
332920,0
333025,0
333093,0
333096,0
333108,0
333165,0
333173,0
333188,0
333233,0
333240,0
333290,0
333297,0
333328,0
333338,0
333470,0
333490,0
333502,0
333619,0
333641,0
333702,0
333828,0
333862,0
333911,0
333913,0
333940,0
334012,0
334075,0
334183,0
334203,0
334228,0
334296,0
334302,0
334303,0
334342,0
334360,0
334361,0
334367,0
334399,0
334412,0
334436,0
334509,0
334514,0
334546,0
334547,0
334550,0
334571,0
334598,0
334721,0
334732,0
334750,0
334790,0
334969,0
335050,0
335120,0
335139,0
335152,0
335186,0
335222,0
335244,0
335245,0
335261,0
335391,0
335491,0
335506,0
335515,0
335619,0
335634,0
335661,0
335748,0
335764,0
335766,0
335864,0
335892,0
335899,0
335936,0
335952,0
335971,0
336012,0
336020,0
336052,0
336071,0
336095,0
336102,0
336160,0
336241,0
336288,0
336328,0
336334,0
336383,0
336416,0
336481,0
336492,0
336510,0
336529,0
336542,0
336566,0
336803,0
336845,0
336897,0
336955,0
336957,0
336966,0
336968,0
336976,0
336999,0
337031,0
337070,0
337073,0
337090,0
337143,0
337153,0
337173,0
337274,0
337317,0
337343,0
337358,0
337377,0
337383,0
337550,0
337575,0
337584,0
337585,0
337683,0
337727,0
337733,0
337740,0
337749,0
337769,0
337853,0
337925,0
337927,0
337950,0
337959,0
337961,0
337981,0
337985,0
338019,0
338044,0
338238,0
338252,0
338299,0
338322,0
338329,0
338334,0
338351,0
338356,0
338384,0
338401,0
338410,0
338477,0
338485,0
338494,0
338521,0
338617,0
338720,0
338794,0
338891,0
339016,0
339069,0
339159,0
339187,0
339209,0
339218,0
339220,0
339317,0
339319,0
339399,0
339415,0
339472,0
339608,0
339681,0
339719,0
339723,0
339753,0
339771,0
339780,0
339813,0
339839,0
340010,0
340017,0
340115,0
340122,0
340149,0
340273,0
340299,0
340303,0
340470,0
340477,0
340531,0
340599,0
340630,0
340645,0
340743,0
340816,0
340819,0
340821,0
340829,0
340877,0
340913,0
340955,0
341022,0
341079,0
341105,0
341230,0
341272,0
341386,0
341445,0
341468,0
341479,0
341578,0
341585,0
341593,0
341757,0
341792,0
341816,0
341824,0
341853,0
341926,0
342038,0
342111,0
342170,0
342189,0
342222,0
342360,0
342362,0
342366,0
342394,0
342438,0
342476,0
342544,0
342724,0
342777,0
342805,0
342817,0
342864,0
342881,0
342893,0
342918,0
342925,0
342980,0
342992,0
343052,0
343057,0
343067,0
343086,0
343135,0
343163,0
343181,0
343222,0
343287,0
343367,0
343372,0
343471,0
343488,0
343549,0
343649,0
343724,0
343733,0
343762,0
343784,0
343819,0
343832,0
343952,0
343990,0
344024,0
344090,0
344113,0
344135,0
344250,0
344257,0
344263,0
344342,0
344371,0
344372,0
344426,0
344491,0
344524,0
344575,0
344607,0
344616,0
344625,0
344769,0
344806,0
344810,0
344824,0
344841,0
344877,0
344930,0
344940,0
344987,0
345015,0
345049,0
345063,0
345091,0
345223,0
345260,0
345285,0
345300,0
345329,0
345406,0
345420,0
345500,0
345690,0
345716,0
345734,0
345797,0
345814,0
345830,0
345832,0
345883,0
345998,0
346001,0
346037,0
346220,0
346263,0
346478,0
346498,0
346504,0
346509,0
346517,0
346520,0
346599,0
346624,0
346737,0
346798,0
346816,0
346849,0
346961,0
347015,0
347033,0
347066,0
347069,0
347178,0
347218,0
347235,0
347299,0
347424,0
347539,0
347611,0
347695,0
347710,0
347777,0
347883,0
348026,0
348061,0
348187,0
348209,0
348224,0
348252,0
348343,0
348389,0
348448,1
348457,0
348459,0
348489,0
348591,0
348701,0
348712,0
348723,0
348744,0
348836,0
348850,0
348857,0
348865,0
348910,0
348914,0
348976,0
349013,0
349014,0
349060,0
349100,0
349123,0
349169,0
349191,0
349233,0
349323,0
349363,0
349474,0
349476,0
349487,0
349525,0
349547,0
349589,0
349691,0
349828,0
349873,0
349926,0
349974,0
349980,0
349990,0
350076,0
350103,0
350119,0
350249,0
350263,0
350296,0
350330,0
350343,0
350355,0
350385,0
350432,0
350457,0
350509,0
350517,0
350592,0
350606,0
350621,0
350646,0
350712,0
350730,0
350731,0
350748,0
350758,0
350770,0
350825,0
350869,0
350873,0
350911,0
350947,0
350985,0
350991,0
351002,0
351034,0
351041,0
351051,0
351102,0
351168,0
351221,0
351229,0
351238,0
351254,0
351273,0
351309,0
351406,0
351410,0
351470,0
351490,0
351506,0
351512,0
351564,0
351610,0
351618,0
351622,0
351670,0
351734,0
351785,0
351900,0
351942,0
351997,0
352027,0
352067,0
352080,0
352116,0
352137,0
352149,0
352251,0
352320,0
352345,0
352347,0
352355,0
352375,0
352388,0
352406,0
352474,0
352476,0
352574,0
352578,0
352597,0
352619,0
352643,0
352677,0
352679,0
352696,0
352718,0
352813,0
352827,0
352832,0
352860,0
352907,0
352983,0
352998,0
353037,0
353079,0
353192,0
353199,0
353235,0
353237,0
353305,0
353309,0
353311,0
353339,0
353351,0
353368,0
353382,0
353389,0
353425,0
353445,0
353501,0
353605,0
353711,0
353777,0
353814,0
353856,0
353915,0
353927,0
354012,0
354079,0
354105,0
354109,0
354245,0
354246,0
354275,0
354278,0
354352,0
354378,0
354403,0
354471,0
354516,0
354539,0
354567,0
354600,0
354607,0
354671,0
354706,0
354726,0
354795,0
354874,0
354884,0
354943,0
354969,0
354985,0
355049,0
355066,0
355067,0
355103,0
355137,0
355207,0
355293,0
355302,0
355354,0
355404,0
355411,0
355494,0
355535,0
355613,0
355655,0
355699,0
355730,0
355735,0
355772,0
355802,0
355874,0
355877,0
355880,0
355981,0
356052,0
356056,0
356058,0
356141,0
356238,0
356331,0
356395,0
356497,0
356525,0
356529,0
356592,0
356617,0
356624,0
356636,0
356691,0
356712,0
356747,0
356768,0
356842,0
356925,0
357083,0
357096,0
357152,0
357261,0
357291,0
357304,0
357529,0
357565,0
357657,0
357677,0
357698,0
357700,0
357709,0
357766,0
357882,0
357930,0
357934,0
357975,0
357979,0
358071,0
358098,0
358114,0
358272,0
358340,0
358361,0
358363,0
358364,0
358472,0
358527,0
358598,0
358600,0
358650,0
358656,0
358658,0
358688,0
358702,0
358707,0
358870,0
358923,0
358991,0
358998,0
359103,0
359111,0
359194,0
359220,0
359227,0
359238,0
359296,0
359320,0
359369,0
359389,0
359404,0
359415,0
359463,0
359464,0
359532,0
359541,0
359549,0
359590,0
359690,0
359740,0
359754,0
359831,0
359915,0
359948,0
359990,0
360086,0
360105,0
360129,0
360226,0
360243,0
360254,0
360333,0
360457,0
360458,0
360470,0
360503,0
360559,0
360561,0
360593,0
360600,0
360662,0
360692,0
360703,0
360716,0
360738,0
360763,0
360789,0
360849,0
360908,0
360926,0
361005,0
361145,0
361147,0
361211,0
361234,0
361312,0
361326,0
361341,0
361357,0
361391,0
361398,0
361467,0
361474,0
361562,0
361626,0
361634,0
361651,0
361670,0
361685,0
361700,0
361734,0
361778,0
361793,0
361838,0
361917,0
361991,0
362029,0
362074,0
362181,0
362203,0
362205,0
362221,0
362228,0
362261,0
362328,0
362329,0
362333,0
362343,0
362344,0
362352,0
362463,0
362478,0
362622,0
362782,0
362790,0
362915,0
362967,0
363003,0
363005,0
363046,0
363200,0
363251,0
363254,0
363259,0
363302,0
363391,0
363411,0
363439,0
363592,0
363709,0
363724,0
363747,0
363800,0
363858,0
363948,0
364029,0
364053,0
364164,0
364516,0
364517,0
364533,0
364634,0
364687,0
364699,0
364770,0
364777,0
364796,0
364801,0
364806,0
364853,0
364876,0
364897,0
364899,0
364943,0
364953,0
364955,0
364959,0
364963,0
365062,0
365080,0
365090,0
365167,0
365178,0
365183,0
365191,0
365233,0
365346,0
365348,0
365353,0
365374,0
365465,0
365483,0
365593,0
365599,0
365603,0
365609,0
365614,0
365648,0
365662,0
365804,0
365858,0
365866,0
365898,0
365996,0
366036,0
366122,0
366147,0
366164,0
366193,0
366277,0
366390,0
366395,0
366438,0
366471,0
366492,0
366521,0
366615,0
366626,0
366678,0
366720,0
366771,0
366787,0
366857,0
366867,0
366889,0
366942,0
366978,0
367005,0
367103,0
367141,0
367192,0
367193,0
367222,0
367241,0
367306,0
367427,0
367480,0
367656,0
367657,0
367687,0
367818,0
367871,0
368164,0
368201,0
368223,0
368304,0
368362,0
368382,0
368394,0
368426,0
368430,0
368490,0
368503,0
368506,0
368508,0
368527,0
368682,0
368686,0
368690,0
368749,0
368770,0
368788,0
368930,0
368955,0
368980,0
368986,0
369009,0
369125,0
369168,0
369225,0
369231,0
369318,0
369366,0
369418,0
369570,0
369587,0
369614,0
369685,0
369720,0
369778,0
369788,0
369817,0
369836,0
369852,0
370034,0
370055,0
370068,0
370074,0
370093,0
370126,0
370195,0
370214,0
370238,0
370248,0
370253,0
370307,0
370355,0
370452,0
370533,0
370705,0
370775,0
371050,0
371053,0
371390,0
371510,0
371528,0
371706,0
371711,0
371758,0
371872,0
371904,0
371949,0
371980,0
372102,0
372120,0
372147,0
372376,0
372474,0
372491,0
372494,0
372557,0
372671,0
372688,0
372747,0
372762,0
372842,0
372865,0
372911,0
373086,0
373157,0
373169,0
373226,0
373241,0
373379,0
373465,0
373557,0
373573,0
373678,0
373769,0
373772,0
373875,0
373905,0
373957,0
373997,0
374059,0
374082,0
374094,0
374144,0
374220,0
374256,0
374306,0
374450,0
374536,0
374671,0
374965,0
375011,0
375121,0
375179,0
375236,0
375278,0
375395,0
375896,0
375959,0
376253,0
376270,0
376338,0
376521,0
376545,0
376576,0
376602,0
376605,0
376617,0
376626,0
376692,0
376770,0
376808,0
376993,0
377140,0
377367,0
377551,0
377564,0
377598,0
377644,0
377784,0
377992,0
378008,0
378057,0
378130,0
378146,0
378350,0
378396,0
378419,0
378448,0
378537,0
378547,0
378558,0
378568,0
378626,0
378786,0
378813,0
378898,0
378915,0
378991,0
379038,0
379065,0
379194,0
379264,0
379340,0
379356,0
379443,0
379699,0
379729,0
379827,0
379952,0
380028,0
380231,0
380362,0
380379,0
380453,0
380538,0
380691,0
380719,0
380737,0
380820,0
380828,0
380856,0
380914,0
380952,0
380973,0
381175,0
381217,0
381451,0
381595,0
381675,0
381685,0
381808,0
381834,0
381835,0
381904,0
381981,0
382126,0
382157,0
382161,0
382324,0
382429,0
382524,0
382691,0
382726,0
382766,0
382768,0
383419,0
383486,0
383665,0
383745,0
383853,0
383886,0
383902,0
383932,0
383999,0
384101,0
384144,0
384198,0
384222,0
384253,0
384546,0
384597,0
384600,0
384618,0
384629,0
384670,0
384683,0
384858,0
384870,0
384883,0
384921,0
384956,0
384977,0
385074,0
385108,0
385170,0
385183,0
385306,0
385363,0
385393,0
385490,0
385555,0
385605,0
385897,0
385899,0
386064,0
386176,0
386195,0
386276,0
386290,0
386302,0
386326,0
386336,0
386443,0
386456,0
386538,0
386569,0
386639,0
386674,0
386890,0
386912,0
387051,0
387072,0
387077,0
387088,0
387219,0
387385,0
387413,0
387563,0
387671,0
387787,0
387902,0
388003,0
388305,0
388308,0
388362,0
388424,0
388465,0
388492,0
388593,0
388619,0
388675,0
388765,0
388793,0
388870,0
389074,0
389299,0
389394,0
389430,0
389433,0
389465,0
389524,0
389531,0
389539,0
389604,0
389635,0
389679,0
389815,0
389843,0
390002,0
390015,0
390096,0
390099,0
390103,0
390130,0
390135,0
390497,0
390526,0
390550,0
390570,0
390577,0
390664,0
390710,0
390713,0
390855,0
390937,0
390991,0
390993,0
391113,0
391319,0
391379,0
391387,0
391529,0
391646,0
391740,0
392164,0
392262,0
392635,0
392689,0
392801,0
392868,0
392883,0
392941,0
392988,0
393177,0
393316,0
393579,0
393840,0
393905,0
393918,0
393966,0
393982,0
394042,0
394072,0
394101,0
394137,0
394406,0
394832,0
394906,0
395001,0
395193,0
395223,0
395339,0
395377,0
395412,0
395665,0
395711,0
395799,0
395842,0
395929,0
395952,0
396055,0
396252,0
396384,0
396671,0
396772,0
396785,0
396815,0
396913,0
397018,0
397268,0
397282,0
397287,0
397389,0
397521,0
397528,0
397583,0
397586,0
397673,0
397709,0
397765,0
397867,0
398059,0
398203,0
398281,0
398326,0
398449,0
398457,0
398541,0
398833,0
398877,0
398907,0
398960,0
399214,0
399299,0
399338,0
399340,0
399343,0
399502,0
399514,0
399524,0
399541,0
399568,0
399784,0
399798,0
400195,0
400259,0
400423,0
400433,0
400447,0
400512,0
400585,0
400636,0
400846,0
401212,0
401251,0
401282,0
401316,0
401433,0
401565,0
401686,0
401895,0
401949,0
402025,0
402038,0
402108,0
402184,0
402411,0
402416,0
402569,0
402652,0
402702,0
402703,0
402838,0
402972,0
402987,0
403073,0
403280,0
403343,0
403348,0
403415,0
403420,0
403466,0
403679,0
403702,0
403730,0
403763,0
403807,0
403816,0
403847,0
403876,0
404156,0
404481,0
404500,0
404712,0
404717,0
404748,0
404813,0
404835,0
404849,0
404992,0
405033,0
405149,0
405270,0
405303,0
405421,0
405454,0
405477,0
405626,0
405648,0
405705,0
405724,0
406049,0
406179,0
406247,0
406266,0
406395,0
406537,0
406590,0
406669,0
406706,0
407032,0
407036,0
407379,0
407497,0
407558,0
407641,0
407718,0
407720,0
407739,0
407741,0
407797,0
407895,0
408049,0
408216,0
408248,0
408533,0
408662,0
408691,0
408755,0
408813,0
409071,0
409179,0
409557,0
409594,0
409666,0
409763,0
409859,0
409966,0
409977,0
410024,0
410297,0
410326,0
410543,0
410583,0
410640,0
410955,0
411020,0
411111,0
411250,0
411279,0
411441,0
411529,0
411687,0
411714,0
412234,0
412335,0
412431,0
412452,0
412467,0
412481,0
412669,0
412814,0
412909,0
412912,0
413143,0
413162,0
413246,0
413409,0
413502,0
413648,0
413701,0
413719,0
413760,0
413929,0
413960,0
414032,0
414037,0
414039,0
414107,0
414303,0
414359,0
414449,0
414498,0
414563,0
414581,0
414584,0
414617,0
414642,0
414645,0
414650,0
414690,0
414711,0
414714,0
414779,0
414793,0
414795,0
414890,0
414908,0
414984,0
415002,0
415029,0
415096,0
415127,0
415281,0
415310,0
415318,0
415511,0
415567,0
415572,0
415582,0
415760,0
415845,0
415852,0
415961,0
415966,0
415979,0
415997,0
416031,0
416037,0
416084,0
416202,0
416208,0
416217,0
416402,0
416416,0
416475,0
416487,0
416491,0
416539,0
416562,0
416574,0
416634,0
416680,0
416686,0
416744,0
416827,0
416846,0
416929,0
416940,0
416942,0
416999,0
417043,0
417067,0
417143,0
417170,0
417181,0
417195,0
417230,0
417246,0
417342,0
417372,0
417408,0
417435,0
417461,0
417557,0
417577,1
417605,0
417635,0
417636,0
417679,0
417746,0
417819,0
417827,0
417838,0
417861,0
417889,0
417950,0
417953,0
418016,0
418050,0
418071,0
418091,0
418115,0
418196,0
418203,0
418224,0
418228,0
418251,0
418275,0
418276,0
418304,0
418316,0
418321,0
418364,0
418484,0
418518,0
418522,0
418613,0
418655,0
418747,0
418754,0
418772,0
418801,0
418820,0
418839,0
418845,0
418875,0
418881,0
418967,0
418996,0
419002,0
419013,0
419077,0
419252,0
419253,0
419263,0
419291,0
419326,0
419339,0
419372,0
419447,0
419450,0
419480,0
419525,0
419534,0
419547,0
419622,0
419648,0
419658,0
419702,0
419730,0
419748,0
419749,0
419800,0
419819,0
419838,0
419929,0
419996,0
420081,0
420087,0
420135,0
420154,0
420190,0
420256,0
420261,0
420307,0
420352,0
420357,0
420366,0
420387,0
420526,0
420641,0
420654,0
420744,0
420750,0
420811,0
420839,0
420848,0
420858,0
420996,0
421063,0
421071,0
421096,0
421530,0
421544,0
421559,0
421682,0
421692,0
421758,0
421759,0
421801,0
421866,0
421919,0
422006,0
422071,0
422084,0
422094,0
422098,0
422114,0
422149,0
422215,0
422273,0
422279,0
422325,0
422390,0
422398,0
422413,0
422437,0
422475,0
422492,0
422565,0
422569,0
422598,0
422641,0
422729,0
422801,0
422815,0
423001,0
423136,0
423156,0
423217,0
423318,0
423333,0
423357,0
423393,0
423483,0
423497,0
423580,0
423725,0
423782,0
423824,0
423826,0
423911,0
423918,0
424026,0
424056,0
424065,0
424091,0
424130,0
424256,0
424258,0
424347,0
424405,0
424463,0
424506,0
424544,0
424547,0
424621,0
424641,0
424657,0
424704,0
424853,0
424869,0
424909,0
424945,0
425006,0
425052,0
425146,0
425155,0
425191,0
425196,0
425203,0
425264,0
425288,0
425294,0
425352,0
425394,0
425398,0
425494,0
425587,0
425637,0
425737,0
425772,0
425831,0
425865,0
425871,0
425887,0
425946,0
425954,0
425963,0
425992,0
426168,0
426176,0
426190,0
426231,0
426251,0
426296,0
426297,0
426319,0
426331,0
426384,0
426386,0
426502,0
426629,0
426683,0
426686,0
426842,0
426949,0
426950,0
426964,0
426986,0
427139,0
427179,0
427191,0
427199,0
427231,0
427312,0
427357,0
427368,0
427502,0
427511,0
427610,0
427682,0
427701,0
427759,0
427796,0
427801,0
427832,0
427842,0
427883,0
427909,0
428004,0
428031,0
428050,0
428107,0
428135,0
428165,0
428202,0
428237,0
428254,0
428275,0
428349,0
428351,0
428377,0
428437,0
428510,0
428517,0
428524,0
428633,0
428650,0
428682,0
428683,0
428703,0
428716,0
428725,0
428775,0
428830,0
428860,0
429011,0
429056,0
429082,0
429218,0
429308,0
429329,0
429330,0
429396,0
429406,0
429434,0
429452,0
429470,0
429474,0
429542,0
429602,0
429605,0
429607,0
429610,0
429620,0
429657,0
429721,0
429736,0
429743,0
429820,0
429837,0
429958,0
429978,0
430015,0
430030,0
430171,0
430210,0
430269,0
430292,0
430318,0
430355,0
430457,0
430499,0
430507,0
430614,0
430623,0
430633,0
430693,0
430776,0
430871,0
430953,0
431006,0
431033,0
431047,0
431112,0
431158,0
431159,0
431189,0
431190,0
431210,0
431282,0
431359,0
431479,0
431535,0
431565,0
431602,0
431633,0
431703,0
431736,0
431778,0
431779,0
431783,0
431835,0
431895,0
431918,0
432095,0
432207,0
432233,0
432254,0
432269,0
432279,0
432304,0
432360,0
432373,0
432451,0
432490,0
432502,0
432525,0
432625,0
432691,0
432750,0
432753,0
432836,0
432935,0
432968,0
433005,0
433046,0
433073,0
433173,0
433208,0
433242,0
433278,0
433442,0
433497,0
433626,0
433655,0
433748,0
433829,0
433831,0
433897,0
433904,0
433908,0
433997,0
434002,0
434042,0
434213,0
434255,0
434321,0
434342,0
434388,0
434463,0
434509,0
434565,0
434589,0
434613,0
434635,1
434663,0
434682,0
434752,0
434778,0
434783,0
434788,0
434793,0
434913,0
434945,0
434981,0
434992,0
435141,0
435160,0
435206,0
435333,0
435342,0
435376,0
435411,0
435440,0
435465,0
435503,0
435553,0
435591,0
435594,0
435611,0
435634,0
435657,0
435677,0
435679,0
435715,0
435726,0
435755,0
435759,0
435772,0
435834,0
435896,0
435906,0
435964,0
436081,0
436133,0
436224,0
436300,0
436357,0
436446,0
436468,0
436503,0
436522,0
436535,0
436569,0
436608,0
436640,0
436722,0
436726,0
436837,0
436842,0
436960,0
436968,0
436977,0
436984,0
437159,0
437210,0
437212,0
437239,0
437270,0
437314,0
437468,0
437528,0
437532,0
437538,0
437558,0
437563,0
437625,0
437642,0
437755,0
437761,0
437818,0
437827,0
437859,0
437863,0
437928,0
437962,0
438068,0
438131,0
438179,0
438224,0
438256,0
438315,0
438354,0
438373,0
438450,0
438498,0
438512,0
438535,0
438567,0
438590,0
438614,0
438629,0
438679,0
438731,0
438732,0
438794,0
438875,0
438880,0
438934,0
439010,0
439021,0
439038,0
439100,0
439186,0
439219,0
439257,0
439274,0
439293,0
439338,0
439559,0
439566,0
439567,0
439674,0
439691,0
439751,0
439768,0
439774,0
439815,0
439827,0
439849,0
439859,0
439870,0
439936,0
439957,0
440004,0
440008,0
440043,0
440128,0
440136,0
440243,0
440260,0
440392,0
440500,0
440504,0
440576,0
440714,0
440904,0
441062,0
441079,0
441082,0
441099,0
441151,0
441229,1
441238,0
441350,0
441399,0
441471,0
441490,0
441507,0
441524,0
441582,0
441615,0
441625,0
441630,0
441914,0
441938,0
441949,0
442011,0
442013,0
442038,0
442185,0
442252,0
442287,0
442288,0
442321,0
442333,0
442392,0
442460,0
442550,0
442560,0
442599,0
442606,0
442783,0
442793,0
442823,0
442873,0
442877,0
442924,0
442955,0
442995,0
443009,0
443045,0
443138,0
443149,0
443211,0
443260,0
443352,0
443425,0
443509,0
443513,0
443515,0
443542,0
443589,0
443609,0
443671,0
443781,0
443795,0
443806,0
443862,0
443918,0
444051,0
444087,0
444140,0
444157,0
444189,0
444238,0
444371,0
444444,0
444453,0
444473,0
444479,0
444520,0
444592,0
444608,0
444745,0
444759,0
444768,0
444788,0
444878,0
444951,0
444965,0
445211,0
445238,0
445260,0
445330,0
445368,0
445387,0
445407,0
445444,0
445570,0
445579,0
445649,0
445665,0
445756,0
445780,0
445819,0
445869,0
445907,0
445943,0
445958,0
445973,0
446008,0
446017,0
446059,0
446185,0
446191,0
446196,0
446284,0
446385,0
446397,0
446419,0
446432,0
446445,0
446457,0
446517,0
446565,0
446569,0
446613,0
446692,0
446735,0
446747,0
446762,0
446812,0
446828,0
446923,0
446961,0
446991,0
447030,0
447037,0
447100,0
447104,0
447163,0
447188,0
447269,0
447306,0
447309,0
447357,0
447373,0
447398,0
447438,0
447625,0
447667,0
447693,0
447737,0
447740,0
447803,0
447824,0
447905,0
447907,0
447948,0
447950,0
447979,0
448007,0
448056,0
448206,0
448264,0
448267,0
448289,0
448309,0
448397,0
448412,0
448456,0
448473,0
448513,0
448534,0
448675,0
448682,0
448697,0
448715,0
448754,0
448776,0
448828,0
448878,0
448939,0
449042,0
449106,0
449125,0
449138,0
449145,0
449159,0
449171,0
449172,0
449188,0
449193,0
449214,0
449224,0
449296,0
449337,0
449449,0
449470,0
449528,0
449626,0
449646,0
449662,0
449684,0
449752,0
449816,0
449826,0
449839,0
450066,0
450102,0
450188,0
450194,0
450289,0
450304,0
450305,0
450350,0
450364,0
450421,0
450526,0
450673,0
450777,0
450813,0
450821,0
450891,0
450925,0
450933,0
450990,0
451023,0
451025,0
451038,0
451044,0
451083,0
451119,0
451129,0
451140,0
451190,0
451275,0
451292,0
451336,0
451338,0
451404,0
451508,0
451550,0
451588,0
451598,0
451608,0
451841,0
451874,0
451892,0
451932,0
451963,0
452085,0
452097,0
452315,0
452323,0
452335,0
452350,0
452363,0
452408,0
452412,0
452455,0
452462,0
452515,0
452557,0
452563,0
452641,0
452678,0
452729,0
452745,0
452798,0
452833,0
452844,0
452893,0
452907,0
452911,0
452935,0
453009,0
453097,0
453136,0
453168,0
453246,0
453253,0
453324,0
453333,0
453433,0
453450,0
453553,0
453575,0
453699,0
453710,0
453767,0
453768,0
453782,0
453787,0
453813,0
453999,0
454052,0
454063,0
454082,0
454083,0
454120,0
454146,0
454196,0
454281,0
454315,0
454398,0
454427,0
454491,0
454508,0
454542,0
454584,0
454615,0
454622,0
454639,0
454785,0
454788,0
454890,0
454932,0
455012,0
455015,0
455181,0
455353,0
455400,0
455425,0
455454,0
455478,0
455639,0
455751,0
455849,0
455850,0
455871,0
455912,0
455919,0
455925,0
455968,0
455976,0
456005,0
456058,0
456118,0
456211,0
456227,0
456232,0
456283,0
456377,0
456388,0
456428,0
456446,0
456470,0
456482,0
456582,0
456596,0
456652,0
456681,0
456696,0
456771,0
456854,0
456888,0
456895,0
456971,0
457078,0
457083,0
457090,0
457116,0
457240,0
457304,0
457312,0
457339,0
457351,0
457483,0
457579,0
457589,0
457595,0
457636,0
457703,0
457743,0
457845,0
457853,0
457894,0
457933,0
457965,0
457975,0
458060,0
458064,0
458253,0
458277,0
458303,0
458403,0
458407,0
458440,0
458443,0
458568,0
458611,0
458669,0
458696,0
458723,0
458731,0
458878,0
458899,0
458953,0
459040,0
459044,0
459082,0
459083,0
459166,0
459170,0
459182,0
459186,1
459339,0
459374,0
459528,0
459556,0
459627,0
459732,0
459777,0
459927,0
459928,0
460014,0
460149,0
460173,0
460183,0
460290,0
460304,0
460314,0
460324,0
460376,0
460425,0
460499,0
460618,0
460740,0
460840,0
460852,0
460937,0
460948,0
460986,0
461081,0
461504,0
461514,0
461555,0
461588,0
461597,0
461627,0
461740,0
461742,0
461836,0
461863,0
461904,0
461913,0
461968,0
461994,0
462092,0
462145,0
462195,0
462246,0
462256,0
462267,0
462270,0
462367,0
462440,0
462447,0
462483,0
462496,0
462516,0
462615,0
462638,0
462750,0
462766,0
462782,0
462804,0
462844,0
462925,0
462957,0
462988,0
462998,0
463025,0
463030,0
463217,0
463253,0
463302,0
463434,0
463503,0
463507,0
463627,0
463728,0
463765,0
463793,0
463833,0
463839,0
463883,0
463969,0
464034,0
464076,0
464117,0
464153,0
464349,0
464363,0
464420,0
464447,0
464448,0
464478,0
464537,0
464542,0
464616,0
464654,0
464657,0
464678,0
464688,0
464735,0
464810,0
464859,0
464884,0
464887,0
464890,0
464915,0
464979,0
465027,0
465071,0
465099,0
465100,0
465179,0
465189,0
465233,0
465286,0
465403,0
465434,0
465554,0
465728,0
465820,0
465843,0
465858,0
465941,0
466136,0
466196,0
466220,0
466455,0
466499,0
466665,0
466722,0
466728,0
466757,0
466832,0
466873,0
466883,0
466910,0
466929,0
466954,0
467115,0
467129,0
467249,0
467334,0
467396,0
467434,0
467450,0
467487,0
467491,0
467520,0
467553,0
467606,0
467652,0
467708,0
467713,0
467754,0
467775,0
467814,0
467913,0
467919,0
467920,0
467933,0
467976,0
468158,0
468228,0
468434,0
468454,0
468639,0
468645,0
468670,0
468672,0
468739,0
468740,0
468758,0
468787,0
468998,0
469094,0
469151,0
469225,0
469229,0
469302,0
469331,0
469353,0
469357,0
469438,0
469475,0
469502,0
469515,0
469586,0
469675,0
469786,0
469858,0
469865,0
469874,0
469950,0
470077,0
470082,0
470139,0
470200,0
470257,0
470338,0
470375,0
470411,0
470415,0
470423,0
470424,0
470447,0
470556,0
470614,0
470618,0
470638,0
470656,0
470692,0
470735,0
470901,0
470954,0
471018,0
471142,0
471144,0
471219,0
471230,0
471276,0
471295,0
471309,0
471322,0
471353,0
471355,0
471421,0
471486,0
471491,0
471493,0
471513,0
471597,0
471748,0
471855,0
472099,0
472185,0
472200,0
472208,0
472223,0
472295,0
472389,0
472393,0
472543,0
472556,0
472578,0
472605,0
472623,0
472676,0
472850,0
472890,0
472922,0
472927,0
472998,0
473046,0
473141,0
473144,0
473193,0
473285,0
473322,0
473401,0
473510,0
473521,0
473769,0
473853,0
473855,0
473899,0
473908,0
473912,0
474045,0
474191,0
474212,0
474236,0
474298,0
474317,0
474347,0
474356,0
474364,0
474415,0
474422,0
474447,0
474468,0
474615,0
474752,0
474804,0
474819,0
474841,0
474871,0
474886,0
474900,0
475075,0
475108,0
475150,0
475216,0
475219,0
475260,0
475338,0
475367,0
475382,0
475408,0
475413,0
475466,0
475494,0
475580,0
475623,0
475644,0
475651,0
475716,0
475743,0
475793,0
475815,0
475844,0
475902,0
476050,0
476150,0
476181,0
476182,0
476199,0
476246,0
476253,0
476304,0
476445,0
476470,0
476516,0
476531,0
476555,0
476579,0
476822,0
476831,0
476926,0
477000,0
477134,0
477170,0
477195,0
477199,0
477202,0
477215,0
477255,0
477272,0
477328,0
477443,0
477459,0
477520,0
477527,0
477547,0
477596,0
477668,0
477726,0
477732,0
477793,0
477881,0
477928,0
477940,0
477971,0
477992,0
478045,0
478075,0
478099,0
478102,0
478111,0
478182,0
478196,0
478251,0
478254,0
478275,0
478319,0
478469,0
478473,0
478478,0
478489,0
478657,0
478740,0
478882,0
479018,0
479083,0
479165,0
479173,0
479175,0
479195,0
479369,0
479392,0
479420,0
479456,0
479499,0
479535,0
479562,0
479585,0
479653,0
479690,0
479776,0
479833,0
479902,0
480008,0
480038,0
480090,0
480133,0
480184,0
480329,0
480339,0
480387,0
480507,0
480555,0
480583,0
480649,0
480698,0
480700,0
480775,0
480790,0
480835,0
480935,0
480990,0
480994,0
481080,0
481090,0
481140,0
481176,0
481205,0
481218,0
481226,0
481413,0
481450,0
481530,0
481531,0
481592,0
481598,0
481689,0
481742,0
481815,0
481839,0
481929,0
482006,0
482053,0
482086,0
482142,0
482143,0
482149,0
482194,0
482301,0
482306,0
482393,0
482409,0
482422,0
482492,0
482558,0
482632,0
482652,0
482692,0
482820,0
482831,0
482847,0
482886,0
482907,0
482988,0
482993,0
483218,0
483280,0
483281,0
483340,0
483357,0
483372,0
483420,0
483428,0
483473,0
483563,0
483633,0
483769,0
483796,0
483848,0
483876,0
484071,0
484235,0
484243,0
484246,0
484247,0
484261,0
484282,0
484289,0
484294,0
484318,0
484326,0
484335,0
484456,0
484499,0
484518,0
484561,0
484567,0
484642,0
484651,0
484662,0
484686,0
484769,0
484781,0
484883,0
484893,0
484906,0
484912,0
484961,0
485063,0
485083,0
485130,0
485197,0
485222,0
485241,0
485242,0
485297,0
485326,0
485359,0
485397,0
485410,0
485447,0
485502,0
485596,0
485730,0
485769,0
485778,0
485840,0
485867,0
485938,0
485959,0
486044,0
486052,0
486108,0
486132,0
486149,0
486306,0
486359,0
486361,0
486365,0
486404,0
486411,0
486429,0
486465,0
486466,0
486533,0
486632,0
486646,0
486655,0
486842,0
486888,0
486965,0
486997,0
487027,0
487036,0
487039,0
487136,0
487250,0
487389,0
487443,0
487538,0
487642,0
487659,0
487713,0
487739,0
487758,0
487847,0
487920,0
487933,0
487997,0
488053,0
488118,0
488141,0
488143,0
488145,0
488202,0
488266,0
488300,0
488336,0
488338,0
488462,0
488511,0
488552,0
488619,0
488623,0
488630,0
488649,0
488687,0
488736,0
488863,0
488890,0
488933,0
488938,0
488958,0
488999,0
489030,0
489182,0
489188,0
489219,0
489222,0
489239,0
489285,0
489366,0
489381,0
489421,0
489429,0
489469,0
489547,0
489548,0
489595,0
489656,0
489677,0
489727,0
489744,0
489787,0
489802,0
489828,0
489831,0
489891,0
489900,0
489964,0
490014,0
490164,0
490226,0
490245,0
490273,0
490293,0
490294,0
490319,0
490321,0
490436,0
490446,0
490477,0
490522,0
490550,0
490563,0
490594,0
490612,0
490659,0
490669,0
490680,0
490708,0
490716,0
490748,0
490766,0
490785,0
490944,0
491034,0
491058,0
491087,0
491141,0
491224,0
491247,0
491271,0
491434,0
491436,0
491442,0
491520,0
491573,0
491592,0
491607,0
491653,0
491712,0
491811,0
491834,0
491843,0
491855,0
491940,0
491999,0
492060,0
492083,0
492094,0
492105,0
492144,0
492160,0
492284,0
492350,0
492372,0
492375,0
492552,0
492580,0
492656,0
492743,0
492886,0
492901,0
493012,0
493023,0
493099,0
493160,0
493171,0
493189,0
493210,0
493279,0
493299,0
493324,0
493399,0
493451,0
493467,0
493592,0
493597,0
493619,0
493725,0
493736,0
493849,0
493875,0
493947,0
493967,0
494040,0
494106,0
494176,0
494365,0
494408,0
494425,0
494485,0
494538,0
494550,0
494559,0
494574,0
494595,0
494609,0
494638,0
494704,0
494887,0
494906,0
494955,0
495086,0
495159,0
495166,0
495266,0
495314,0
495322,0
495323,0
495337,0
495353,0
495387,0
495411,0
495461,0
495463,0
495479,0
495534,0
495571,0
495621,0
495662,0
495679,0
495690,0
495831,0
495884,0
495897,0
495911,0
495987,0
496051,0
496097,0
496149,0
496152,0
496251,0
496262,0
496330,0
496523,0
496559,0
496626,0
496680,0
496759,0
496928,0
496956,0
497036,0
497075,0
497114,0
497142,0
497164,0
497278,0
497307,0
497317,0
497354,0
497416,0
497570,0
497576,0
497586,0
497606,0
497611,0
497668,0
497684,0
497782,0
497827,0
497842,0
497883,0
497904,0
498090,0
498107,0
498173,0
498283,0
498355,0
498391,0
498451,0
498487,0
498551,0
498660,0
498789,0
498790,0
498842,0
498884,0
499005,0
499115,0
499140,0
499252,0
499290,0
499296,0
499337,0
499358,0
499365,0
499391,0
499422,0
499443,0
499511,0
499609,0
499634,0
499653,0
499679,0
499681,0
499718,0
499788,0
499793,0
499804,0
499861,0
499958,0
500041,0
500143,0
500245,0
500269,0
500327,0
500373,0
500403,0
500588,0
500702,0
500723,0
500852,0
500889,0
500901,0
501167,0
501218,0
501239,0
501310,0
501349,0
501353,0
501437,0
501488,0
501495,0
501510,0
501599,0
501784,0
501832,0
501872,0
501907,0
501989,0
501991,0
502043,0
502091,0
502109,0
502255,0
502289,0
502355,0
502398,0
502452,0
502456,0
502597,0
502616,0
502620,0
502663,0
502719,0
502790,0
502816,0
502831,0
502921,0
502938,0
502955,0
502967,0
502979,0
503050,0
503126,0
503132,0
503237,0
503429,0
503574,0
503671,0
503835,0
503908,0
503946,0
503969,0
504025,0
504140,0
504163,0
504220,0
504254,0
504339,0
504464,0
504477,0
504478,0
504494,0
504648,0
504754,0
504844,0
504925,0
504963,0
504964,0
504988,0
505051,0
505075,0
505097,0
505175,0
505212,0
505337,0
505370,0
505422,0
505450,0
505523,0
505553,0
505571,0
505593,0
505720,0
505756,0
505986,0
506075,0
506089,0
506217,0
506222,0
506261,0
506314,0
506392,0
506444,0
506455,0
506493,0
506518,0
506592,0
506640,0
506679,0
506693,0
506696,0
506734,0
506747,0
506769,0
506794,0
506891,0
506925,0
506968,0
506997,0
507041,0
507195,0
507234,0
507266,0
507299,0
507336,0
507341,0
507362,0
507408,0
507635,0
507679,0
507725,0
507741,0
507772,0
507819,0
507870,0
507941,0
507964,0
508081,0
508095,0
508097,0
508112,0
508117,0
508161,0
508248,0
508300,0
508313,0
508696,0
508766,0
508778,0
508781,0
508812,0
508815,0
508863,0
508884,0
508947,0
508989,0
509059,0
509075,0
509087,0
509091,0
509127,0
509164,0
509185,0
509190,0
509255,0
509306,0
509336,0
509356,0
509358,0
509477,0
509492,0
509503,0
509542,0
509650,0
509748,0
509893,0
509917,0
509959,0
509962,0
509972,0
510027,0
510099,0
510141,0
510238,0
510301,0
510396,0
510417,0
510425,0
510637,0
510699,0
510753,0
510782,0
510790,0
510865,0
511014,0
511098,0
511111,0
511135,0
511184,0
511229,0
511285,0
511298,0
511350,0
511377,0
511385,0
511534,0
511616,0
511669,0
511815,0
511986,0
512041,0
512061,0
512079,0
512097,0
512116,0
512167,0
512321,0
512334,0
512342,0
512371,0
512417,0
512451,0
512618,0
512716,0
512748,0
512756,0
512777,0
512920,0
512946,0
512947,0
513005,0
513122,0
513132,0
513191,0
513213,0
513234,0
513245,0
513357,0
513403,0
513506,0
513534,0
513610,0
513646,0
513688,0
513787,0
513938,0
513964,0
514086,0
514124,0
514135,0
514178,0
514184,0
514198,0
514219,0
514293,0
514323,0
514456,0
514699,0
514834,0
514877,0
514904,0
514958,0
514987,0
514996,0
514998,0
515004,0
515007,0
515065,0
515186,0
515190,0
515302,0
515371,0
515404,0
515412,0
515484,0
515624,0
515671,0
515919,0
515994,0
516104,0
516113,0
516207,0
516249,0
516361,0
516382,0
516432,0
516520,0
516582,0
516621,0
516638,0
516670,0
516683,0
516728,0
516771,0
516932,0
516988,0
517017,0
517172,0
517277,0
517321,0
517340,0
517732,0
517789,0
517939,0
518078,0
518079,0
518139,0
518150,0
518180,0
518185,0
518232,0
518324,0
518329,0
518420,0
518574,0
518604,0
518628,0
518657,0
518793,0
518798,0
518898,0
518904,0
518906,0
518957,0
519000,0
519055,0
519139,0
519142,0
519146,0
519176,0
519189,0
519265,0
519309,0
519339,0
519342,0
519372,0
519385,0
519428,0
519439,0
519470,0
519623,0
519638,0
519644,0
519743,0
519837,0
519871,0
519924,0
519990,0
520201,0
520222,0
520320,0
520388,0
520403,0
520430,0
520545,0
520554,0
520616,0
520638,0
520641,0
520674,0
520678,0
520732,0
520749,0
520773,0
520872,0
520893,0
521047,0
521163,0
521164,0
521165,0
521206,0
521270,0
521339,0
521364,0
521442,0
521479,0
521576,0
521722,0
521772,0
521792,0
521871,0
522075,0
522094,0
522134,0
522142,0
522214,0
522324,0
522328,0
522329,0
522332,0
522349,0
522367,0
522451,0
522492,0
522585,0
522614,0
522643,0
522755,0
522849,0
522880,0
522943,0
523005,0
523126,0
523303,0
523496,0
523746,0
523827,0
523881,0
523907,0
523963,0
523990,0
524181,0
524343,0
524374,0
524392,0
524416,0
524434,0
524626,0
524669,0
524770,0
524781,0
524822,0
524875,0
524922,0
524998,0
525100,0
525160,0
525243,0
525300,0
525375,0
525388,0
525392,0
525425,0
525639,0
525740,0
525854,0
526028,0
526043,0
526060,0
526107,0
526186,0
526203,0
526242,0
526362,0
526718,0
526770,0
526806,0
526832,0
526912,0
526957,0
527038,0
527153,0
527274,0
527329,0
527357,0
527384,0
527443,0
527461,0
527481,0
527536,0
527557,0
527591,0
527636,0
527702,0
527846,0
527904,0
527938,0
527986,0
528047,0
528165,0
528167,0
528216,0
528222,0
528296,0
528346,0
528486,0
528494,0
528688,0
528721,0
528861,0
528975,0
529057,0
529115,0
529167,0
529188,0
529399,0
529408,0
529418,0
529449,0
529500,0
529508,0
529518,0
529566,0
529571,0
529635,0
529685,0
529743,0
529754,0
529788,0
529818,0
529824,0
529874,0
529896,0
529907,0
529909,0
529979,0
530078,0
530087,0
530184,0
530207,0
530212,0
530226,0
530255,0
530449,0
530474,0
530511,0
530539,0
530619,0
530784,0
530829,0
530943,0
530951,0
530953,0
530967,0
531024,0
531078,0
531087,0
531153,0
531313,0
531358,0
531449,0
531503,0
531658,0
531764,0
531775,0
532009,0
532030,0
532063,0
532138,0
532150,0
532341,0
532463,0
532592,0
532614,0
532636,0
532666,0
532798,0
532878,0
532947,0
532997,0
533010,0
533056,0
533199,0
533206,0
533219,0
533224,0
533396,0
533439,0
533453,0
533537,0
533563,0
533569,0
533594,0
533669,0
533885,0
533895,0
533953,0
534151,0
534183,0
534252,0
534334,0
534533,0
534588,0
534604,0
534674,0
534711,0
534742,0
534783,0
534820,0
534863,0
534926,0
534932,0
534979,0
535056,0
535102,0
535159,0
535177,0
535289,0
535301,0
535324,0
535402,0
535478,0
535525,0
535541,0
535544,0
535591,0
535623,0
535651,0
535860,0
535976,0
536077,0
536098,0
536110,0
536136,0
536189,0
536224,0
536320,0
536322,0
536352,0
536400,0
536446,0
536485,0
536531,0
536782,0
536791,0
536834,0
536930,0
537007,0
537098,0
537112,0
537124,0
537203,0
537276,0
537308,0
537326,0
537369,0
537375,0
537386,0
537543,0
537544,0
537686,0
538129,0
538145,0
538154,0
538157,0
538179,0
538227,0
538244,0
538318,0
538328,0
538361,0
538492,0
538607,0
538614,0
538619,0
538646,0
538648,0
538738,0
538740,0
538859,0
539010,0
539153,0
539191,0
539305,0
539325,0
539354,0
539365,0
539401,0
539463,0
539637,0
539795,0
539912,0
540001,0
540042,0
540076,0
540209,0
540303,0
540350,0
540354,0
540551,0
540574,0
540652,0
540702,0
540778,0
540784,0
540794,0
540860,0
540944,0
540976,0
540989,0
541079,0
541155,0
541180,0
541242,0
541274,0
541289,0
541315,0
541473,0
541488,0
541568,0
541613,0
541681,0
541786,0
541904,0
541916,0
541955,0
541968,0
542041,0
542102,0
542106,0
542140,0
542147,0
542447,0
542673,0
542695,0
542707,0
542729,0
542786,0
542789,0
542854,0
542937,0
542945,0
542962,0
543033,0
543051,0
543057,0
543103,0
543131,0
543135,0
543225,0
543227,0
543247,0
543343,0
543525,0
543580,0
543656,0
543705,0
543710,0
543718,0
543736,0
543747,0
543875,0
543877,0
543880,0
543940,0
543974,0
543988,0
544046,0
544117,0
544199,0
544288,0
544292,0
544413,0
544449,0
544462,0
544466,0
544469,0
544473,0
544482,0
544579,0
544614,0
544625,0
544657,0
544664,0
544683,0
544764,0
544882,0
544919,0
545049,0
545058,0
545084,0
545160,0
545186,0
545237,0
545244,0
545472,0
545608,0
545634,0
545756,0
545946,0
546006,0
546056,0
546080,0
546122,0
546138,0
546170,0
546227,0
546288,0
546389,0
546544,0
546646,0
546655,0
546855,0
546862,0
546922,0
547078,0
547187,0
547209,0
547254,0
547297,0
547320,0
547331,0
547472,0
547520,0
547560,0
547649,0
547922,0
547960,0
548098,0
548179,0
548195,0
548197,0
548263,0
548324,0
548333,0
548436,0
548448,0
548473,0
548536,0
548730,0
548764,0
548777,0
548838,0
548846,0
548850,0
548918,0
548941,0
548993,0
549068,0
549083,0
549084,0
549132,0
549156,0
549166,0
549181,0
549293,0
549365,0
549393,0
549412,0
549471,0
549558,0
549579,0
549584,0
549611,0
549644,0
549670,0
549671,0
549711,0
549736,0
549737,0
549749,0
549800,0
549814,0
549821,0
549841,0
550055,0
550138,0
550151,0
550228,0
550242,0
550390,0
550409,0
550410,0
550412,0
550726,0
550755,0
550980,0
551025,0
551031,0
551136,0
551168,0
551333,0
551358,0
551375,0
551427,0
551431,0
551507,0
551547,0
551559,0
551708,0
551800,0
551857,0
551864,0
551933,0
551962,0
551972,0
551986,0
551999,0
552009,0
552165,0
552201,0
552213,0
552250,0
552292,0
552307,0
552332,0
552466,0
552508,0
552516,0
552569,0
552584,0
552595,0
552642,0
552655,0
552662,0
552694,0
552749,0
552790,0
552830,0
552971,0
552985,0
552987,0
553049,0
553130,0
553172,0
553266,0
553312,0
553369,0
553395,0
553409,0
553430,0
553482,0
553484,0
553527,0
553637,0
553640,0
553649,0
553685,0
553718,0
553780,0
553840,0
553930,0
553934,0
554018,0
554093,0
554108,0
554185,0
554219,0
554225,0
554280,0
554671,0
554764,0
554800,0
554864,0
554912,0
555088,0
555277,0
555313,0
555428,0
555446,0
555471,0
555554,0
555598,0
555642,0
555677,0
555704,0
555731,0
555816,0
555892,0
555934,0
555951,0
556117,0
556196,0
556221,0
556373,0
556439,0
556579,0
556720,0
556754,0
556785,0
556873,0
556916,0
556924,0
557034,0
557090,0
557130,0
557195,0
557199,0
557236,0
557258,0
557278,0
557326,0
557433,0
557496,0
557670,0
557672,0
557691,0
557735,0
557754,0
557923,0
557946,0
557968,0
558082,0
558085,0
558163,0
558261,0
558295,0
558327,0
558424,0
558536,0
558551,0
558552,0
558631,0
558659,0
558777,0
558845,0
558866,0
559007,0
559045,0
559067,0
559118,0
559129,0
559141,0
559353,0
559365,0
559446,0
559449,0
559483,0
559517,0
559606,0
559614,0
559628,0
559729,0
559978,0
559980,0
560201,0
560226,0
560227,0
560341,0
560351,0
560407,0
560758,0
560959,0
560982,0
561123,0
561142,0
561175,0
561359,0
561376,0
561459,0
561724,0
561806,0
561872,0
561904,0
561936,0
561992,0
562064,0
562076,0
562108,0
562126,0
562134,0
562222,0
562252,0
562278,0
562283,0
562421,0
562437,0
562472,0
562493,0
562528,0
562746,0
562827,0
562829,0
562837,0
563106,0
563113,0
563170,0
563189,0
563207,0
563232,0
563303,0
563311,0
563321,0
563665,0
563693,0
563709,0
563739,0
563743,0
563767,0
563866,0
563987,0
564091,0
564183,0
564203,0
564233,0
564263,0
564267,0
564286,0
564323,0
564372,0
564475,0
564491,0
564498,0
564563,0
564682,0
564744,0
564762,0
564797,0
564836,0
564839,0
564889,0
564890,0
564902,0
565021,0
565174,0
565362,0
565399,0
565520,0
565638,0
565642,0
565666,0
565667,0
565692,0
565802,0
565817,0
565850,0
565935,0
566124,0
566128,0
566152,0
566171,0
566177,0
566203,0
566217,0
566232,0
566255,0
566256,0
566333,0
566364,0
566389,0
566438,0
566466,0
566670,0
566753,0
566762,0
566801,0
566815,0
566908,0
566941,0
566945,0
566950,0
566955,0
566986,0
567010,0
567070,0
567088,0
567090,0
567092,0
567125,0
567173,0
567186,0
567315,0
567380,0
567394,0
567559,0
567571,0
567602,0
567609,0
567715,0
567727,0
567838,0
567865,0
567929,0
567948,0
567994,0
568053,0
568148,0
568164,0
568227,0
568248,0
568249,0
568264,0
568302,0
568317,0
568331,0
568333,0
568374,0
568424,0
568431,0
568526,0
568533,0
568584,0
568726,0
568729,0
568746,0
568769,0
568794,0
568816,0
568817,0
569084,0
569111,0
569191,0
569291,0
569325,0
569448,0
569575,0
569612,0
569739,0
569818,0
569891,0
569939,0
569979,0
569983,0
570003,0
570219,0
570253,0
570257,0
570302,0
570433,0
570446,0
570480,0
570603,0
570616,0
570638,0
570731,0
570828,0
570833,0
570836,0
570938,0
570966,0
571039,0
571063,0
571109,0
571119,0
571133,0
571196,0
571392,0
571424,0
571495,0
571507,0
571514,0
571706,0
571709,0
571781,0
571801,0
571980,0
572131,0
572141,0
572258,0
572288,0
572329,0
572384,0
572473,0
572489,0
572492,0
572568,0
572624,0
572654,0
572798,0
572802,0
572850,0
572865,0
572866,0
572893,0
573018,0
573035,0
573124,0
573129,0
573136,0
573175,0
573294,0
573373,0
573512,0
573565,0
573568,0
573765,0
573815,0
573831,0
573894,0
573964,0
573994,0
574007,0
574096,0
574139,0
574154,0
574156,0
574402,0
574423,0
574450,0
574459,0
574600,0
574629,0
574638,0
574702,0
574713,0
574780,0
574840,0
574880,0
574921,0
574929,0
575068,0
575102,0
575244,0
575432,0
575513,0
575527,0
575571,0
575609,0
575635,0
575650,0
575715,0
575765,0
575804,0
575842,1
575888,0
576041,0
576047,0
576127,0
576159,0
576202,0
576247,0
576349,0
576539,0
576700,0
576752,0
576828,0
576868,0
576995,0
577016,0
577026,0
577056,0
577157,0
577186,0
577451,0
577452,0
577465,0
577503,0
577535,0
577569,0
577593,0
577613,0
577629,0
577678,0
577700,0
577801,0
577836,0
577892,0
578035,0
578054,0
578057,0
578170,0
578219,0
578253,0
578275,0
578434,0
578549,0
578580,0
578631,0
578633,0
578661,0
578709,0
578730,0
578740,0
578818,0
579000,0
579071,0
579080,0
579104,0
579122,0
579264,0
579377,0
579393,0
579436,0
579616,0
579673,0
579688,0
579712,0
579793,0
579849,0
579973,0
580035,0
580080,0
580127,0
580141,0
580295,0
580402,0
580472,0
580481,0
580497,0
580540,0
580645,0
580699,0
580819,0
580964,0
580969,0
580991,0
581171,0
581175,0
581348,0
581492,0
581528,0
581545,0
581589,0
581647,0
581710,0
581796,0
581864,0
581869,0
582044,0
582283,0
582322,0
582421,0
582504,0
582564,0
582683,0
582692,0
582737,0
582752,0
582758,0
582794,0
582809,0
582962,0
582966,0
583005,0
583032,0
583081,0
583086,0
583170,0
583171,0
583195,0
583202,0
583277,0
583280,0
583400,0
583497,0
583508,0
583562,0
583605,0
583730,0
583733,0
583803,0
583829,0
583968,0
584052,0
584143,0
584266,0
584270,0
584272,0
584322,0
584397,0
584721,0
584906,0
584935,0
584941,0
585013,0
585040,0
585045,0
585051,0
585080,0
585099,0
585162,0
585312,0
585360,0
585383,0
585582,0
585940,0
586063,0
586101,0
586113,0
586171,0
586218,0
586235,0
586313,0
586332,0
586360,0
586428,0
586446,0
586448,0
586476,0
586495,0
586510,0
586637,0
586655,0
586703,0
586948,0
587091,0
587190,0
587284,0
587288,0
587316,0
587360,0
587389,0
587402,0
587460,0
587469,0
587506,0
587516,0
587617,0
587632,0
587942,0
588023,0
588030,0
588040,0
588060,0
588102,0
588125,0
588136,0
588287,0
588299,0
588444,0
588467,0
588594,0
588691,0
588742,0
588880,0
588943,0
588955,0
589119,0
589129,0
589253,0
589374,0
589406,0
589416,0
589536,0
589542,0
589546,0
589644,0
589666,0
589689,0
589946,0
589991,0
590175,0
590221,0
590240,0
590313,0
590319,0
590423,0
590431,0
590526,0
590556,0
590612,0
590660,0
590676,0
590843,0
590887,0
590922,0
591024,0
591092,0
591232,0
591234,0
591247,0
591294,0
591352,0
591473,0
591491,0
591609,0
591650,0
591653,0
591661,0
591696,0
591741,0
591795,0
591884,0
591906,0
591989,0
592029,0
592160,0
592231,0
592288,0
592295,0
592365,0
592445,0
592493,0
592539,0
592551,0
592677,0
592715,0
592722,0
592842,0
592872,0
592978,0
592987,0
593006,0
593020,0
593137,0
593175,0
593179,0
593242,0
593334,0
593367,0
593435,0
593473,0
593561,0
593572,0
593701,0
593747,0
593833,0
593885,0
593937,0
593951,0
594009,0
594058,0
594246,0
594309,0
594321,0
594374,0
594385,0
594387,0
594509,0
594554,0
594577,0
594721,0
594736,0
594791,0
594953,0
594981,0
595058,0
595137,0
595159,0
595185,0
595187,0
595210,0
595256,0
595316,0
595405,0
595471,0
595590,0
595636,0
595681,0
595703,0
595734,0
595853,0
595923,0
595981,0
595988,0
596278,0
596300,0
596345,0
596354,0
596367,0
596447,0
596455,0
596538,0
596609,0
596620,0
596643,0
596652,0
596757,0
596805,0
596921,0
596924,0
597034,0
597037,0
597144,0
597157,0
597210,0
597257,0
597276,0
597377,0
597447,0
597451,0
597460,0
597473,0
597579,0
597698,0
597901,0
598042,0
598279,0
598298,0
598401,0
599037,0
599059,0
599080,0
599088,0
599319,0
599377,0
599391,0
599406,0
599416,0
599450,0
599473,0
599680,0
599716,0
599842,0
599872,0
599947,0
600040,0
600090,0
600094,0
600228,0
600275,0
600329,0
600330,0
600367,0
600464,0
600487,0
600510,0
600597,0
600605,0
600612,0
600633,0
600654,0
600775,0
600788,0
600826,0
600856,0
600874,0
600907,0
600971,0
601025,0
601067,0
601069,0
601140,0
601262,0
601271,0
601297,0
601369,0
601446,0
601450,0
601493,0
601581,0
601585,0
601626,0
601652,0
601692,0
601714,0
601775,0
601947,0
601970,0
602124,0
602221,0
602342,0
602344,0
602355,0
602388,0
602446,0
602520,0
602530,0
602532,0
602575,0
602593,0
602669,0
602714,0
602740,0
602755,0
602782,0
602887,0
602888,0
602912,0
603041,0
603061,0
603241,0
603317,0
603388,0
603479,0
603492,0
603508,0
603539,0
603707,0
603742,0
603771,0
603794,0
603992,0
604126,0
604156,0
604195,0
604293,0
604354,0
604408,0
604679,0
604746,0
604889,0
604957,0
604998,0
605244,0
605323,0
605489,0
605553,0
605571,0
605606,0
605646,0
605687,0
605747,0
605785,0
605790,0
605880,0
605925,0
605980,0
606004,0
606196,0
606203,0
606272,0
606311,0
606342,0
606364,0
606380,0
606429,0
606509,0
606520,0
606598,0
606663,0
606748,0
606813,0
607066,0
607098,0
607176,0
607234,0
607309,0
607321,0
607423,0
607514,0
607612,0
607642,0
607689,0
607707,0
607838,0
607901,0
607932,0
607980,0
608020,0
608162,0
608255,0
608301,0
608317,0
608318,0
608608,0
608815,0
608831,0
608847,0
608920,0
608926,0
608946,0
609106,0
609118,0
609176,0
609182,0
609223,0
609227,0
609244,0
609283,0
609385,0
609425,0
609592,0
609638,0
609693,0
609712,0
609758,0
609809,0
609838,0
609839,0
609842,0
609913,0
609950,0
609989,0
610020,0
610103,0
610195,0
610286,0
610324,0
610351,0
610447,0
610454,0
610463,0
610491,0
610508,0
610529,0
610818,0
610883,0
610971,0
610979,0
611006,0
611149,0
611286,0
611289,0
611439,0
611458,0
611526,0
611546,0
611638,0
611859,0
611885,0
612065,0
612075,0
612108,0
612128,0
612162,0
612182,0
612328,0
612405,0
612447,0
612509,0
612559,0
612603,0
612755,0
612811,0
612832,0
612953,0
612959,0
613001,0
613085,0
613096,0
613184,0
613294,0
613297,0
613351,0
613470,0
613496,0
613498,0
613528,0
613629,0
613644,0
613696,0
613712,0
613728,0
613834,0
613936,0
614007,0
614008,0
614023,0
614031,0
614055,0
614089,0
614249,0
614299,0
614465,0
614669,0
614678,0
614778,0
614849,0
614858,0
614915,0
614917,0
614927,0
614947,0
614959,0
614999,0
615125,0
615188,0
615220,0
615293,0
615339,0
615359,0
615377,0
615385,0
615394,0
615404,0
615437,0
615508,0
615590,0
615877,0
615887,0
615949,0
616017,0
616079,0
616086,0
616172,0
616194,0
616279,0
616335,0
616340,0
616401,0
616403,0
616483,0
616504,0
616562,0
616688,0
616701,0
616705,0
616808,0
616816,0
616838,0
616918,0
616987,0
617011,0
617022,0
617154,0
617178,0
617286,0
617311,0
617318,0
617345,0
617493,0
617511,0
617589,0
617590,0
617592,0
617638,0
617679,0
617721,0
617795,0
617820,0
617821,0
617853,0
617893,0
617980,0
618018,0
618165,0
618306,0
618312,0
618458,0
618568,0
618778,0
618928,0
618967,0
619125,0
619135,0
619143,0
619157,0
619427,0
619490,0
619507,0
619560,0
619713,0
619765,0
619781,0
619827,0
619911,0
620046,0
620145,0
620187,0
620198,0
620240,0
620283,0
620343,0
620371,0
620375,0
620405,0
620415,0
620541,0
620705,0
620742,0
620776,0
620822,0
620957,0
621006,0
621096,0
621111,0
621212,0
621235,0
621356,0
621448,0
621575,0
621606,0
621616,0
621647,0
621687,0
621975,0
621989,0
622041,0
622065,0
622067,0
622113,0
622140,0
622146,0
622212,0
622484,0
622489,0
622532,0
622617,0
622655,0
622690,0
622728,0
622762,0
622803,0
622888,0
622967,0
622976,0
623000,0
623009,0
623048,0
623060,0
623081,0
623096,0
623109,0
623120,0
623208,0
623281,0
623316,0
623359,0
623407,0
623441,0
623454,0
623550,0
623787,0
623824,0
623850,0
623947,0
624050,0
624105,0
624142,0
624214,0
624239,0
624286,0
624289,0
624393,0
624400,0
624446,0
624457,0
624473,0
624553,0
624579,0
624654,0
624711,0
624774,0
624850,0
624860,0
625031,0
625100,0
625101,0
625190,0
625217,0
625306,0
625363,0
625529,0
625562,0
625567,0
625638,0
625699,0
625713,0
625746,0
625765,0
625766,0
625881,0
625955,0
626036,0
626053,0
626059,0
626129,0
626132,0
626159,0
626394,0
626424,0
626431,0
626498,0
626609,0
626636,0
626643,0
626728,0
626827,0
626875,0
626939,0
626942,0
626984,0
627064,0
627088,0
627302,0
627307,0
627358,0
627365,0
627382,0
627420,0
627594,0
627603,0
627615,0
627629,0
627660,0
627702,0
627790,0
627908,0
627992,0
628049,0
628100,0
628153,0
628394,0
628443,0
628554,0
628566,0
628591,0
628608,0
628801,0
628809,0
629112,0
629168,0
629237,0
629286,0
629357,0
629418,0
629450,0
629527,0
629535,0
629583,0
629591,0
629628,0
629865,0
629890,0
629987,0
630045,0
630112,0
630199,0
630329,0
630335,0
630400,0
630431,0
630475,0
630832,0
630838,0
630881,0
630895,0
630939,0
630999,0
631080,0
631176,0
631258,0
631335,0
631337,0
631400,0
631483,0
631505,0
631558,0
631612,0
631629,0
631684,0
631687,0
631773,0
631808,0
631892,0
632003,0
632047,0
632135,0
632212,0
632326,0
632612,0
632640,0
632667,0
632990,0
633049,0
633060,0
633243,0
633417,0
633499,0
633511,0
633559,0
633617,0
633624,0
633631,0
633706,0
633783,0
633807,0
633909,0
633918,0
633974,0
634018,0
634086,0
634192,0
634294,0
634393,0
634399,0
634448,0
634453,0
634514,0
634652,0
634663,0
634786,0
634879,0
634936,0
634959,0
635036,0
635104,0
635121,0
635221,0
635364,0
635373,0
635402,0
635408,0
635412,0
635454,0
635464,0
635595,0
635643,0
635726,0
635750,0
635789,0
635807,0
635878,0
635897,0
636025,0
636036,0
636070,0
636130,0
636174,0
636283,0
636474,0
636543,0
636610,0
636678,0
636762,0
636770,0
636846,0
636867,0
636963,0
637041,0
637051,0
637127,0
637193,0
637384,0
637394,0
637534,0
637559,0
637661,0
637749,0
637775,0
637794,0
637860,0
637908,0
638018,0
638020,0
638128,0
638146,0
638153,0
638155,0
638159,0
638287,0
638335,0
638409,0
638442,0
638552,0
638588,0
638599,0
638662,0
638676,0
638718,0
638726,0
638782,0
638855,0
638879,0
639002,0
639056,0
639141,0
639185,0
639355,0
639361,0
639464,0
639509,0
639544,0
639805,0
639814,0
639830,0
639901,0
640080,0
640124,0
640327,0
640364,0
640586,0
640774,0
641015,0
641016,0
641026,0
641053,0
641064,0
641126,0
641132,0
641181,0
641223,0
641265,0
641366,0
641420,0
641527,0
641558,0
641559,0
641769,0
641805,0
641884,0
641906,0
642071,0
642144,0
642154,0
642179,0
642252,0
642318,0
642436,0
642541,0
642921,0
642989,0
643008,0
643087,0
643138,0
643162,0
643314,0
643325,0
643409,0
643424,0
643463,0
643635,0
643822,0
643851,0
644030,0
644048,0
644094,0
644117,0
644203,0
644205,0
644235,0
644283,0
644324,0
644356,0
644366,0
644504,0
644552,0
644553,0
644649,0
644671,0
644723,0
644744,0
644758,0
644761,0
644780,0
644849,0
644851,0
644874,0
644877,0
645001,0
645007,0
645086,0
645143,0
645209,0
645232,0
645262,0
645271,0
645339,0
645347,0
645352,0
645438,0
645470,0
645610,0
645650,0
645728,0
645746,0
645806,0
645832,0
645909,0
645999,0
646026,0
646058,0
646107,0
646128,0
646171,0
646233,0
646245,0
646277,0
646292,0
646475,0
646482,0
646575,0
646601,0
646608,0
646680,0
646687,0
646694,0
646722,0
646766,0
646770,0
646783,0
646857,0
646880,0
646894,0
646932,0
647051,0
647136,0
647151,0
647160,0
647163,0
647379,0
647397,0
647521,0
647564,0
647566,0
647679,0
647775,0
647812,0
647859,0
648046,0
648083,0
648096,0
648109,0
648113,0
648214,0
648230,0
648308,0
648323,0
648381,0
648436,0
648456,0
648459,0
648499,0
648575,0
648593,0
648640,0
648760,0
648806,0
648922,0
648972,0
649006,0
649016,0
649021,0
649022,0
649113,0
649210,0
649299,0
649326,0
649365,0
649368,0
649477,0
649629,0
649648,0
649707,0
649818,0
649821,0
649855,0
649959,0
649970,0
650004,0
650057,0
650165,0
650171,0
650200,0
650288,0
650376,0
650548,0
650599,0
650608,0
650630,0
650688,0
650772,0
650850,0
651004,0
651007,0
651074,0
651113,0
651242,0
651395,0
651619,0
651659,0
651734,0
651764,0
651806,0
651817,0
651836,0
651864,0
651926,0
651944,0
652082,0
652093,0
652094,0
652132,0
652141,0
652147,0
652440,0
652450,0
652461,0
652485,0
652546,0
652580,0
652583,0
652674,0
652763,0
652835,0
653014,0
653094,0
653148,0
653208,1
653362,0
653374,0
653467,0
653655,0
653806,0
653808,0
653812,0
653952,0
653960,0
653979,0
654034,0
654096,0
654204,0
654244,0
654254,0
654356,0
654391,0
654413,0
654439,0
654550,0
654559,0
654574,0
654651,0
654863,0
654881,0
654904,0
654923,0
655047,0
655074,0
655115,0
655146,0
655148,0
655285,0
655309,0
655374,0
655376,0
655384,0
655385,0
655426,0
655555,0
655609,0
655611,0
655677,0
655689,0
655703,0
655732,0
655775,0
655788,0
655837,0
655924,0
655986,0
655988,0
656107,0
656164,0
656214,0
656224,0
656423,0
656467,0
656509,0
656540,0
656543,0
656561,0
656579,0
656582,0
656621,0
656695,0
656793,0
656869,0
656920,0
657004,0
657021,0
657087,0
657135,0
657173,0
657336,0
657621,0
657711,0
658046,0
658078,0
658109,0
658134,0
658247,0
658272,0
658342,0
658363,0
658368,0
658384,0
658387,0
658391,0
658401,0
658449,0
658533,0
658534,0
658552,0
658667,0
658688,0
658824,0
658866,0
658877,0
658892,0
659014,0
659031,0
659052,0
659094,0
659136,0
659151,0
659346,0
659402,0
659441,0
659459,0
659506,0
659509,0
659602,0
659610,0
659620,0
659747,0
659844,0
659900,0
659913,0
659929,0
659989,0
660025,0
660104,0
660117,0
660147,0
660374,0
660427,0
660542,0
660557,0
660635,0
660671,0
660919,0
660990,0
661087,0
661096,0
661135,0
661201,0
661281,0
661368,0
661384,0
661487,0
661488,0
661489,0
661491,0
661504,0
661624,0
661629,0
661681,0
661882,0
661940,0
661960,0
661998,0
662008,0
662133,0
662197,0
662385,0
662406,0
662434,0
662456,0
662525,0
662610,0
662629,0
662637,0
662652,0
662659,0
662692,0
662710,0
662733,0
662792,0
662816,0
662893,0
662918,0
662919,0
662991,0
663052,0
663055,0
663073,0
663102,0
663145,0
663245,0
663273,0
663305,0
663499,0
663523,0
663598,0
663654,0
663693,0
663705,0
663732,0
663903,0
663964,0
664115,0
664208,0
664364,0
664384,0
664386,0
664430,0
664474,0
664623,0
664710,0
664711,0
664723,0
664737,0
664743,0
664825,0
664868,0
664879,0
664908,0
664925,0
664952,0
664953,0
665084,0
665125,0
665139,0
665185,0
665240,0
665596,0
665631,0
665726,0
665754,0
665767,0
665818,0
665933,0
666048,0
666062,0
666066,0
666076,0
666097,0
666110,0
666155,0
666170,0
666284,0
666454,0
666507,0
666661,0
666680,0
666697,0
666722,0
666812,0
666902,0
666956,0
667056,0
667078,0
667127,0
667192,0
667208,0
667320,0
667390,0
667464,0
667472,0
667521,0
667546,0
667548,0
667602,0
667652,0
667738,0
667759,0
667789,0
667803,0
667833,0
667856,0
668056,0
668085,0
668215,0
668253,0
668260,0
668303,0
668432,0
668509,0
668603,0
668663,0
668678,0
668746,0
668774,0
668894,0
668900,0
669135,0
669315,0
669321,0
669382,0
669438,0
669477,0
669482,0
669489,0
669518,0
669592,0
669770,0
669788,0
669850,0
669969,0
669997,0
669999,0
670065,0
670090,0
670180,0
670355,0
670362,0
670404,0
670452,0
670582,0
670614,0
670715,0
670847,0
670854,0
670859,0
670899,0
670908,0
670918,0
670926,0
671022,0
671096,0
671154,0
671243,0
671287,0
671288,0
671440,0
671449,0
671527,0
671530,0
671789,0
671955,0
671966,0
672174,0
672179,0
672206,0
672239,0
672240,0
672254,0
672296,0
672336,0
672388,0
672538,0
672561,0
672564,0
672713,0
672792,0
672863,0
672976,0
672989,0
673095,0
673118,0
673264,0
673375,0
673425,0
673435,0
673438,0
673448,0
673473,0
673580,0
673639,0
673719,0
673759,0
673769,0
673833,0
673873,0
673959,0
673970,0
673973,0
674084,0
674221,0
674294,0
674333,0
674394,0
674470,0
674485,0
674565,0
674725,0
674811,0
674855,0
675004,0
675072,0
675159,0
675180,0
675268,0
675298,0
675375,0
675423,0
675534,0
675603,0
675661,0
675676,0
675677,0
675784,0
675832,0
675905,0
675918,0
675924,0
676020,0
676075,0
676105,0
676189,0
676276,0
676311,0
676359,0
676388,0
676411,0
676483,0
676652,0
676657,0
676745,0
676801,0
677039,0
677098,0
677127,0
677158,0
677163,0
677258,0
677328,0
677336,0
677427,0
677555,0
677712,0
677777,0
677779,0
677865,0
677914,0
677924,0
677958,0
678004,0
678052,0
678089,0
678154,0
678356,0
678402,0
678642,0
678685,0
678693,0
678762,0
678794,0
678968,0
678974,0
679016,0
679023,0
679065,0
679067,0
679220,0
679309,0
679342,0
679401,0
679470,0
679588,0
679592,0
679606,0
679648,0
679677,0
679705,0
679722,0
679820,0
679864,0
679868,0
679896,0
680107,0
680214,0
680280,0
680373,0
680423,0
680454,0
680494,0
680512,0
680574,0
680660,0
680836,0
680889,0
680896,0
680935,0
680949,0
681011,0
681124,0
681180,0
681221,0
681230,0
681325,0
681359,0
681427,0
681611,0
681637,0
681687,0
681719,0
681780,0
682006,0
682113,0
682127,0
682139,0
682204,0
682259,0
682273,0
682281,0
682421,0
682468,0
682479,0
682488,0
682516,0
682529,0
682568,0
682584,0
682712,0
682734,0
682825,0
682890,0
683065,0
683129,0
683260,0
683339,0
683429,0
683452,0
683520,0
683601,0
683778,0
683861,0
683999,0
684023,0
684065,0
684228,0
684259,0
684318,0
684352,0
684357,0
684381,0
684454,0
684460,0
684493,0
684615,0
684780,0
684794,0
684832,0
684923,0
685057,0
685395,0
685407,0
685425,0
685454,0
685462,0
685511,0
685562,0
685687,0
685702,0
685740,0
685745,0
685792,0
685970,0
686088,0
686236,0
686413,0
686479,0
686594,0
686619,0
686673,0
686683,0
686759,0
686781,0
686847,0
687040,0
687124,0
687150,0
687238,0
687242,0
687247,0
687262,0
687412,0
687638,0
687654,0
687665,0
687677,0
687681,0
687686,0
687805,0
687824,0
687833,0
687852,0
687880,0
687922,0
687960,0
688075,0
688090,0
688234,0
688280,0
688300,0
688345,0
688376,0
688402,0
688424,0
688541,0
688623,0
688686,0
688699,0
688793,0
688945,0
689051,0
689061,0
689064,0
689141,0
689182,0
689357,0
689369,0
689397,0
689408,0
689414,0
689570,0
689721,0
689793,0
689804,0
689964,0
690030,0
690101,0
690114,0
690174,0
690316,0
690331,0
690337,0
690352,0
690359,0
690365,0
690391,0
690419,0
690478,0
690515,0
690604,0
690676,0
690705,0
690734,0
690818,0
690842,0
690906,0
690916,0
690964,0
691081,0
691139,0
691150,0
691245,0
691346,0
691514,0
691578,0
691588,0
691698,0
691749,0
691761,0
691787,0
691875,0
691927,0
691941,0
691955,0
692030,0
692087,0
692217,0
692246,0
692288,0
692382,0
692468,0
692501,0
692605,0
692623,0
692760,0
692766,0
693056,0
693108,0
693233,0
693237,0
693373,0
693381,0
693470,0
693503,0
693595,0
693631,0
693674,0
693693,0
693724,0
693805,0
693861,0
693868,0
693898,0
693927,0
693937,0
693956,0
694004,0
694027,0
694062,0
694084,0
694161,0
694186,0
694199,0
694224,0
694229,0
694290,0
694309,0
694345,0
694458,0
694473,0
694598,0
694691,0
694728,0
694758,0
694805,0
694810,0
694829,0
694911,0
695086,0
695112,0
695270,0
695302,0
695336,0
695429,0
695437,0
695453,0
695497,0
695523,0
695731,0
695761,0
695953,0
695960,0
695986,0
696011,0
696045,0
696243,0
696332,0
696345,0
696364,0
696408,0
696528,0
696548,0
696613,0
696675,0
696779,0
696925,0
696951,0
696966,0
697018,0
697064,0
697150,0
697160,0
697210,0
697306,0
697369,0
697463,0
697474,0
697502,0
697503,0
697581,0
697604,0
697737,0
697813,0
697856,0
697887,0
697930,0
698010,0
698032,0
698168,0
698178,0
698207,0
698228,0
698315,0
698355,0
698379,0
698469,0
698499,0
698529,0
698626,0
698657,0
698722,0
698748,0
698906,0
698912,0
698928,0
699037,0
699039,0
699051,0
699066,0
699202,0
699229,0
699269,0
699383,0
699423,0
699437,0
699560,0
699584,0
699657,0
699707,0
699781,0
699877,0
699882,0
699885,0
699953,0
699991,0
699995,0
700008,0
700067,0
700105,0
700215,0
700218,0
700240,0
700252,0
700324,0
700338,0
700354,0
700372,0
700421,0
700422,0
700426,0
700438,0
700446,0
700479,0
700633,0
700643,0
700716,0
700754,0
700847,0
700940,0
700963,0
701253,0
701278,0
701300,0
701386,0
701432,0
701482,0
701511,0
701610,0
701634,0
701648,0
701770,0
701804,0
701948,0
702000,0
702099,0
702155,0
702176,0
702189,0
702204,0
702227,0
702228,0
702244,0
702345,0
702620,0
702643,0
702764,0
702784,0
702820,0
702917,0
702970,0
703091,0
703228,0
703230,0
703271,0
703335,0
703355,0
703476,0
703482,0
703497,0
703570,0
703624,0
703709,0
703844,0
703847,0
703858,0
703977,0
704013,0
704094,0
704126,0
704169,0
704171,0
704259,0
704305,0
704362,0
704437,0
704451,0
704456,0
704463,0
704497,0
704498,0
704534,0
704641,0
704696,0
704706,0
704712,0
704785,0
704801,0
704959,0
705032,0
705139,0
705153,0
705164,0
705173,0
705256,0
705277,0
705367,0
705387,0
705422,0
705499,0
705547,0
705581,0
705601,0
705697,0
705801,0
705814,0
706008,0
706028,0
706090,0
706154,0
706270,0
706276,0
706352,0
706476,0
706590,0
706620,0
706642,0
706649,0
706659,0
706686,0
706776,0
706931,0
706970,0
707050,0
707125,0
707134,0
707159,0
707167,0
707252,0
707274,0
707284,0
707374,0
707387,0
707396,0
707446,0
707467,0
707583,0
707624,0
707633,0
707646,0
707656,0
707666,0
707740,0
707785,0
707790,0
707820,0
707899,0
707901,0
707918,0
708013,0
708015,0
708052,0
708102,0
708116,0
708161,0
708174,0
708239,0
708311,0
708386,0
708391,0
708545,0
708583,0
708640,0
708653,0
708654,0
708698,0
708712,0
708713,0
708867,0
709060,0
709064,0
709110,0
709322,0
709324,0
709347,0
709429,0
709458,0
709463,0
709591,0
709598,0
709616,0
709626,0
709636,0
709667,0
709714,0
709762,0
709825,0
709830,0
709902,0
709944,0
709984,0
710004,0
710023,0
710156,0
710190,0
710219,0
710227,0
710393,0
710465,0
710489,0
710548,0
710765,0
710778,0
710781,0
710816,0
710833,0
710912,0
711107,0
711127,0
711148,0
711178,0
711385,0
711472,0
711553,0
711581,0
711589,0
711614,0
711633,0
711717,0
711777,0
711799,0
711877,0
711918,0
711938,0
711955,0
711987,0
712040,0
712061,0
712227,0
712234,0
712310,0
712316,0
712470,0
712516,0
712624,0
712637,0
712641,0
712645,0
712963,0
713050,0
713082,0
713102,0
713175,0
713247,0
713248,0
713318,0
713319,0
713322,0
713332,0
713336,0
713388,0
713398,0
713559,0
713672,0
713828,0
713906,0
713962,0
714008,0
714064,0
714141,0
714219,0
714393,0
714529,0
714587,0
714644,0
714648,0
714685,0
714693,0
714767,0
714998,0
715008,0
715067,0
715123,0
715187,0
715232,0
715394,0
715423,0
715465,0
715490,0
715498,0
715678,0
715740,0
715988,0
716113,0
716210,0
716350,0
716484,0
716510,0
716528,0
716574,0
716634,0
716640,0
716709,0
716811,0
716897,0
716903,0
716944,0
716962,0
716984,0
717034,0
717069,0
717129,0
717290,0
717494,0
717499,0
717502,0
717543,0
717544,0
717615,0
717769,0
717771,0
717826,0
717866,0
717966,0
718028,0
718144,0
718154,0
718190,0
718275,0
718363,0
718466,0
719005,0
719057,0
719159,0
719257,0
719296,0
719370,0
719373,0
719599,0
719609,0
719613,0
719622,0
719733,0
719756,0
719855,0
719886,0
719988,0
720000,0
720004,0
720011,0
720039,0
720078,0
720177,0
720267,0
720311,0
720323,0
720354,0
720370,0
720480,0
720512,0
720802,0
720833,0
720877,0
720907,0
720935,0
720939,0
720940,0
720962,0
720969,0
721045,0
721050,0
721060,0
721066,0
721085,0
721086,0
721095,0
721199,0
721245,0
721258,0
721324,0
721331,0
721349,0
721478,0
721482,0
721574,0
721781,0
721791,0
721849,0
721862,0
721878,0
721891,0
722407,0
722411,0
722429,0
722474,0
722504,0
722587,0
722628,0
722658,0
722755,0
722762,0
722819,0
722850,0
722901,0
722998,0
723027,0
723082,0
723101,0
723120,0
723209,0
723512,0
723546,0
723587,0
723637,0
723708,0
723777,0
723826,0
723844,0
723906,0
723928,0
723951,0
723979,0
724058,0
724149,0
724295,0
724344,0
724371,0
724411,0
724421,0
724426,0
724774,0
724818,0
724861,0
725022,0
725049,0
725060,0
725080,0
725086,0
725131,0
725183,0
725189,0
725215,0
725217,0
725325,0
725361,0
725459,0
725465,0
725466,0
725488,0
725504,0
725523,0
725598,0
725626,0
725638,0
725658,0
725715,0
725751,0
725756,0
725764,0
725770,0
725852,0
725855,0
726057,0
726067,0
726198,0
726209,0
726253,0
726275,0
726311,0
726331,0
726372,0
726441,0
726519,0
726522,0
726712,0
726719,0
726990,0
727004,0
727032,0
727182,0
727243,0
727253,0
727279,0
727302,0
727311,0
727316,0
727406,0
727467,0
727485,0
727673,0
727674,0
727702,0
727706,0
727860,0
727889,0
728090,0
728097,0
728198,0
728239,0
728245,0
728303,0
728307,0
728384,0
728468,0
728495,0
728531,0
728578,0
728632,0
728711,0
728717,0
728742,0
728822,0
728980,0
728987,0
729051,0
729057,0
729097,0
729332,0
729349,0
729423,0
729541,0
729550,0
729780,0
729910,0
729911,0
729944,0
730037,0
730177,0
730286,0
730300,0
730404,0
730425,0
730492,0
730642,0
730699,0
730777,0
730796,0
730839,0
730863,0
730905,0
730906,0
730923,0
731045,0
731046,0
731062,0
731078,0
731190,0
731221,0
731224,0
731266,0
731290,0
731331,0
731370,0
731386,0
731451,0
731509,0
731554,0
731570,0
731582,0
731653,0
731696,0
731747,0
731845,0
731866,0
731924,0
731984,0
732014,0
732026,0
732293,0
732339,0
732371,0
732384,0
732448,0
732552,0
732559,0
732784,0
732891,0
732971,0
732977,0
733016,0
733062,0
733064,0
733180,0
733191,0
733237,0
733241,0
733253,0
733297,0
733400,0
733462,0
733559,0
733633,0
733650,0
733807,0
733828,0
733990,0
734003,0
734110,0
734216,0
734230,0
734251,0
734276,0
734407,0
734439,0
734457,0
734503,0
734552,0
734598,0
734607,0
734710,0
734719,0
734761,0
734777,0
734816,0
734851,0
734926,0
734932,0
734960,0
734976,0
734987,0
735043,0
735077,0
735124,0
735208,0
735292,0
735395,0
735402,0
735574,0
735604,0
735673,0
735758,0
735800,0
735910,0
735984,0
736026,0
736102,0
736125,0
736152,0
736268,0
736328,0
736543,0
736606,0
736668,0
736731,0
736757,0
736800,0
736932,0
736937,0
737030,0
737039,0
737079,0
737318,0
737359,0
737380,0
737426,0
737584,0
737667,0
737668,0
737722,0
737768,0
737874,0
737985,0
738055,0
738119,0
738202,0
738258,0
738367,0
738483,0
738524,0
738541,0
738650,0
738652,0
738816,0
738911,0
738919,0
738940,0
738948,0
739001,0
739021,0
739199,0
739225,0
739282,0
739291,0
739294,0
739302,0
739314,0
739410,0
739461,0
739498,0
739534,0
739567,0
739585,0
739613,0
739645,0
739720,0
739738,0
739764,0
739783,0
739848,0
739952,0
740004,0
740187,0
740227,0
740244,0
740326,0
740506,0
740558,0
740597,0
740627,0
740638,0
740690,0
740845,0
740865,0
740949,0
740989,0
741068,0
741110,0
741226,0
741265,0
741276,0
741343,0
741345,0
741506,0
741672,0
741696,0
741731,0
741732,0
741837,0
741857,0
741860,0
741974,0
741977,0
742132,0
742310,0
742423,0
742429,0
742579,0
742664,0
742719,0
742734,0
742817,0
742937,0
743001,0
743022,0
743033,0
743120,0
743166,0
743267,0
743369,0
743382,0
743425,0
743443,0
743451,0
743456,0
743462,0
743509,0
743530,0
743566,0
743636,0
743639,0
743644,0
743662,0
743695,0
743711,0
743791,0
743918,0
743919,0
743920,0
743988,0
744000,0
744074,0
744082,0
744122,0
744283,0
744388,0
744410,0
744418,0
744434,0
744442,0
744455,0
744463,0
744492,0
744504,0
744519,0
744521,0
744552,0
744621,0
744698,0
744722,0
744851,0
744873,0
744940,0
745039,0
745052,0
745194,0
745223,0
745380,0
745381,0
745490,0
745541,0
745562,0
745585,0
745643,0
745682,0
745697,0
745731,0
745776,0
745824,0
745837,0
745848,0
745878,0
745883,0
745929,0
745966,0
745983,0
746117,0
746142,0
746235,0
746239,0
746273,0
746493,0
746515,0
746560,0
746632,0
746651,0
746708,0
746717,0
746756,0
746770,0
746941,0
746943,0
746990,0
746999,0
747029,0
747041,0
747075,0
747091,0
747130,0
747215,0
747219,0
747261,0
747272,0
747400,0
747416,0
747432,0
747486,0
747642,0
747671,0
747697,0
747748,0
747768,0
747770,0
747790,0
747855,0
747921,0
748069,0
748174,0
748229,0
748286,0
748317,0
748326,0
748329,0
748359,0
748397,0
748415,0
748443,0
748469,0
748472,0
748526,0
748541,0
748551,0
748554,0
748612,0
748713,0
748761,0
748822,0
748915,0
748985,0
749070,0
749158,0
749178,0
749195,0
749223,0
749352,0
749365,0
749527,0
749540,0
749664,0
749688,0
749727,0
749787,0
749879,0
749961,0
750092,0
750124,0
750299,0
750414,0
750426,0
750524,0
750621,0
750638,0
750653,0
750776,0
750779,0
750837,0
750860,0
750900,0
750911,0
750932,0
751257,0
751258,0
751267,0
751332,0
751432,0
751481,0
751549,0
751607,0
751654,0
751691,0
751749,0
751771,0
751903,0
751911,0
751953,0
751999,0
752136,0
752162,0
752232,0
752275,0
752296,0
752315,0
752467,0
752501,0
752550,0
752707,0
752731,0
752769,0
752846,0
752931,0
752951,0
752988,0
753019,0
753105,0
753219,0
753229,0
753451,0
753586,0
753694,0
753700,0
753736,0
753787,0
753823,0
753847,0
753873,0
753897,0
753955,0
753967,0
753992,0
754048,0
754063,0
754064,0
754086,0
754099,0
754244,0
754250,0
754368,0
754384,0
754389,0
754398,0
754412,0
754544,0
754693,0
754711,0
754754,0
754837,0
754930,0
754990,0
755041,0
755043,0
755070,0
755080,0
755104,0
755222,0
755245,0
755416,0
755421,0
755500,0
755507,0
755522,0
755596,0
755667,0
755678,0
755691,0
755768,0
755784,0
755856,0
755886,0
755924,0
756036,0
756120,0
756181,0
756219,0
756310,0
756345,0
756378,0
756452,0
756494,0
756522,0
756525,0
756803,0
756845,0
756881,0
756955,0
756958,0
757036,0
757055,0
757097,0
757164,0
757169,0
757264,0
757293,0
757399,0
757490,0
757491,0
757616,0
757658,0
757724,0
757797,0
757920,0
758133,0
758139,0
758346,0
758391,0
758423,0
758523,0
758624,0
758640,0
758659,0
758691,0
758737,0
758763,0
758903,0
759003,0
759029,0
759168,0
759220,0
759326,0
759349,0
759358,0
759419,0
759499,0
759503,0
759527,0
759535,0
759728,0
759792,0
759817,0
759863,0
759925,0
759936,0
759949,0
759969,0
760288,0
760395,0
760420,0
760505,0
760507,0
760564,0
760669,0
760875,0
760916,0
761003,0
761137,0
761165,0
761182,0
761233,0
761383,0
761402,0
761525,0
761579,0
761620,0
761629,0
761674,0
761795,0
761853,0
762096,0
762111,0
762321,0
762327,0
762347,0
762441,0
762462,0
762561,0
762603,0
762684,0
762760,0
762766,0
762770,0
762826,0
762875,0
762876,0
762956,0
762960,0
762978,0
763089,0
763251,0
763302,0
763314,0
763468,0
763516,0
763531,0
763701,0
763755,0
763877,0
763890,0
763995,0
764012,0
764017,0
764067,0
764071,0
764289,0
764321,0
764329,0
764341,0
764366,0
764371,0
764411,0
764521,0
764552,0
764583,0
764635,0
764708,0
764763,0
764954,0
764995,0
765064,0
765135,0
765166,0
765189,0
765242,0
765361,0
765515,0
765568,0
765680,0
765818,0
765821,0
765829,0
765932,0
765934,0
765957,0
765990,0
766049,0
766057,0
766148,0
766164,0
766181,0
766370,0
766504,0
766673,0
766732,0
766793,0
766805,0
766812,0
766815,0
766974,0
767017,0
767020,0
767042,0
767092,0
767098,0
767099,0
767127,0
767174,0
767294,0
767310,0
767381,0
767412,0
767418,0
767465,0
767539,0
767638,0
767664,0
767730,0
767767,0
767787,0
767789,0
767829,0
767842,0
767927,0
767976,0
767982,0
767999,0
768002,0
768136,0
768163,0
768166,0
768297,0
768318,0
768323,0
768358,0
768411,0
768453,0
768457,0
768483,0
768529,0
768584,0
768608,0
768652,0
768811,0
768888,0
769027,0
769096,0
769097,0
769138,0
769312,0
769391,0
769394,0
769480,0
769531,0
769549,0
769574,0
769621,0
769684,0
769690,0
769718,0
769744,0
769770,0
769847,0
769861,0
769930,0
769996,0
770209,0
770298,0
770402,0
770493,0
770523,0
770527,0
770556,0
770587,0
770660,0
770719,0
770727,0
770811,0
770824,0
770931,0
770987,0
771026,0
771028,0
771091,0
771123,0
771210,0
771243,0
771245,0
771375,0
771415,0
771424,0
771436,0
771442,0
771465,0
771558,0
771661,0
771669,0
771713,0
771761,0
771887,0
771927,0
772190,0
772226,0
772284,0
772399,0
772479,0
772552,0
772658,0
772684,0
772792,0
772817,0
772982,0
773009,0
773074,0
773094,0
773119,0
773127,0
773174,0
773217,0
773454,0
773480,0
773705,0
773707,0
773784,0
773833,0
773947,0
773976,0
773977,0
774057,0
774099,0
774168,0
774218,0
774328,0
774362,0
774467,0
774484,0
774487,0
774610,0
774625,0
774810,0
774834,0
774905,0
774928,0
775045,0
775050,0
775114,0
775164,0
775171,0
775255,0
775257,1
775331,0
775353,0
775382,0
775574,0
775617,0
775773,0
775789,0
775796,0
775819,0
775871,0
775918,0
775923,0
775983,0
776023,0
776077,0
776142,0
776156,0
776189,0
776192,0
776334,0
776443,0
776467,0
776493,0
776538,0
776580,0
776633,0
776670,0
776854,0
776888,0
776908,0
776977,0
777001,0
777047,0
777151,0
777245,0
777483,0
777531,0
777598,0
777674,0
777857,0
777932,0
777940,0
777992,0
778119,0
778181,0
778267,0
778280,0
778330,0
778348,0
778354,0
778355,0
778504,0
778511,0
778524,0
778538,0
778593,0
778600,0
778610,0
778643,0
778695,0
778832,0
778895,0
779029,0
779056,0
779088,0
779145,0
779257,0
779330,0
779491,0
779584,0
779585,0
779626,0
779878,0
779916,0
779967,0
780008,0
780027,0
780087,0
780237,0
780261,0
780342,0
780378,0
780464,0
780543,0
780548,0
780725,0
780868,0
780879,0
780886,0
781009,0
781052,0
781060,0
781095,0
781162,0
781174,0
781221,0
781314,0
781328,0
781404,0
781504,0
781591,0
781642,0
781725,0
781841,0
781967,0
782003,0
782015,0
782027,0
782063,0
782245,0
782465,0
782483,0
782559,0
782575,0
782677,0
782700,0
782713,0
782716,0
782765,0
782806,0
782933,0
782946,0
783256,0
783324,0
783462,0
783559,0
783562,0
783584,0
783622,0
783623,0
783731,0
783761,0
783842,0
783915,0
783921,0
783936,0
783999,0
784195,0
784247,0
784254,0
784321,0
784414,0
784427,0
784439,0
784454,0
784459,0
784498,0
784503,0
784514,0
784540,0
785051,0
785128,0
785143,0
785357,0
785396,0
785485,0
785554,0
785751,0
785811,0
785910,0
785951,0
786007,0
786088,0
786115,0
786210,0
786247,0
786281,0
786321,0
786326,0
786336,0
786378,0
786424,0
786438,0
786461,0
786490,0
786544,0
786676,0
786779,0
786916,0
787090,0
787121,0
787241,0
787261,0
787342,0
787464,0
787753,0
787894,0
788071,0
788079,0
788115,0
788168,0
788170,0
788280,0
788494,0
788577,0
788592,0
788614,0
788659,0
788668,0
788862,0
788898,0
788968,0
789094,0
789111,0
789140,0
789198,0
789207,0
789234,0
789292,0
789297,0
789318,0
789432,0
789443,0
789528,0
789543,0
789608,0
789741,0
789767,0
789792,0
789800,0
789891,0
789903,0
790155,0
790196,0
790257,0
790472,0
790473,0
790496,0
790543,0
790544,0
790636,0
790671,0
790676,0
790696,0
790809,0
790896,0
790911,0
790967,0
790968,0
790997,0
791104,0
791110,0
791154,0
791322,0
791370,0
791378,0
791388,0
791398,0
791470,0
791554,0
791557,0
791858,0
791918,0
792033,0
792076,0
792090,0
792107,0
792168,0
792215,0
792274,0
792533,0
792573,0
792590,0
792600,0
792644,0
792696,0
792716,0
792732,0
792757,0
792777,0
792786,0
792934,0
793060,0
793065,0
793105,1
793118,0
793126,0
793133,0
793243,0
793273,0
793305,0
793338,0
793428,0
793510,0
793532,0
793577,0
793596,0
793599,0
793655,0
793702,0
793736,0
793754,0
793820,0
793860,0
793942,0
793964,0
793970,0
793981,0
794003,0
794079,0
794184,0
794237,0
794270,0
794318,0
794424,0
794435,0
794675,0
794680,0
794690,0
794742,0
794746,0
794781,0
794797,0
794928,0
795018,0
795180,0
795227,0
795318,0
795360,0
795513,0
795580,0
795631,0
795664,0
795669,0
795686,0
795736,0
795739,0
795879,0
795924,0
796053,0
796183,0
796236,0
796256,0
796286,0
796315,0
796403,0
796423,0
796470,0
796556,0
796597,0
796705,0
796726,0
796745,0
796752,0
796887,0
797007,0
797079,0
797091,0
797117,0
797322,0
797556,0
797778,0
797793,0
797926,0
797981,0
797986,0
798006,0
798152,0
798208,0
798217,0
798350,0
798395,0
798425,0
798451,0
798460,0
798466,0
798490,0
798514,0
798517,0
798592,0
798612,0
798655,0
798671,0
798706,0
798723,0
798848,0
798921,0
799075,0
799228,0
799235,0
799263,0
799282,0
799331,0
799374,0
799417,0
799519,0
799584,0
799774,0
799799,0
799974,0
800040,0
800056,0
800136,0
800201,0
800271,0
800278,0
800408,0
800632,0
800750,0
800775,0
800819,0
800837,0
800915,0
800943,0
800991,0
801143,0
801210,0
801241,0
801423,0
801426,0
801457,0
801697,0
801822,0
801859,0
801958,0
801963,0
802001,0
802042,0
802117,0
802167,0
802177,0
802223,0
802276,0
802326,0
802375,0
802460,0
802481,0
802487,0
802555,0
802828,0
802884,0
802981,0
802994,0
803000,0
803037,0
803109,0
803145,0
803187,0
803321,0
803332,0
803469,0
803554,0
803731,0
803771,0
803801,0
803922,0
803939,0
803981,0
803982,0
804092,0
804125,0
804159,0
804171,0
804195,0
804345,0
804371,0
804414,0
804431,0
804469,0
804505,0
804675,0
804718,0
804766,0
804804,0
804842,0
804843,0
804854,0
804947,0
805015,0
805027,0
805135,0
805161,0
805167,0
805177,0
805190,0
805234,0
805301,0
805352,0
805355,0
805378,0
805384,0
805408,0
805533,0
805548,0
805592,0
805605,0
805786,0
805792,0
805879,0
805904,0
805958,0
805979,0
805992,0
806099,0
806110,0
806211,0
806322,0
806328,0
806342,0
806379,0
806490,0
806515,0
806555,0
806717,0
806724,0
806921,0
807072,0
807109,0
807145,0
807160,0
807215,0
807220,0
807252,0
807254,0
807326,0
807357,0
807360,0
807427,0
807588,0
807591,0
807690,0
807708,0
807819,0
807840,0
807879,0
807995,0
808014,0
808033,0
808038,0
808359,0
808405,0
808411,0
808555,0
808556,0
808674,0
808778,0
808802,0
808898,0
808972,0
809026,0
809028,0
809071,0
809182,0
809270,0
809284,0
809362,0
809421,0
809445,0
809454,0
809575,0
809654,0
809667,0
809688,0
809768,0
809815,0
809840,0
809843,0
809870,0
809900,0
810028,0
810064,0
810083,0
810133,0
810169,0
810204,0
810221,0
810290,0
810331,0
810468,0
810482,0
810485,0
810507,0
810574,0
810596,0
810628,0
810724,0
810799,0
810803,0
810848,0
810922,0
811110,0
811160,0
811332,0
811471,0
811555,0
811570,0
811788,0
811828,0
811833,0
811841,0
811862,0
811867,0
811947,0
811961,0
811975,0
812076,0
812102,0
812135,0
812144,0
812260,0
812302,0
812393,0
812496,0
812518,0
812597,0
812633,0
812818,0
812833,0
812851,0
812878,0
812956,0
813066,0
813093,0
813139,0
813150,0
813193,0
813204,0
813221,0
813402,0
813494,0
813506,0
813549,0
813622,0
813655,0
813754,0
813850,0
813991,0
814006,0
814053,0
814059,0
814084,0
814168,0
814205,0
814350,0
814399,0
814405,0
814425,0
814431,0
814492,0
814507,0
814532,0
814587,0
814632,0
814643,0
814746,0
814760,0
814771,0
814859,0
814872,0
815018,0
815045,0
815121,0
815289,0
815324,0
815406,0
815594,0
815652,0
815794,0
815897,0
815931,0
816104,0
816195,0
816208,0
816216,0
816217,0
816288,0
816321,0
816350,0
816468,0
816484,0
816507,0
816509,0
816584,0
816606,0
816640,0
816759,0
816771,0
816822,0
817029,0
817086,0
817103,0
817110,0
817359,0
817628,0
817663,0
817700,0
817780,0
817854,0
817937,0
817968,0
817974,0
817992,0
818022,0
818048,0
818081,0
818109,0
818115,0
818180,0
818219,0
818355,0
818412,0
818464,0
818559,0
818680,0
818691,0
818741,0
818752,0
818761,0
818805,0
818950,0
818964,0
819114,0
819165,0
819388,0
819475,0
819526,0
819690,0
819707,0
819740,0
819760,0
819792,0
819805,0
819862,0
819932,0
819959,0
819961,0
819977,0
820260,0
820407,0
820462,0
820477,0
820482,0
820492,0
820516,0
820542,0
820613,0
820629,0
820630,0
820643,0
820661,0
820785,0
820799,0
820922,0
820928,0
821008,0
821081,0
821129,0
821154,0
821188,0
821192,0
821271,0
821651,0
821690,0
821796,0
821947,0
822054,0
822096,0
822134,0
822147,0
822254,0
822272,0
822298,0
822334,0
822367,0
822433,0
822544,0
822584,0
822604,0
822694,0
822820,0
822827,0
822838,0
822853,0
822926,0
822947,0
822997,0
823031,0
823093,0
823132,0
823139,0
823155,0
823332,0
823450,0
823451,0
823564,0
823576,0
823593,0
823620,0
823686,0
823702,0
823718,0
823739,0
823752,0
823754,0
823815,1
824026,0
824120,0
824187,0
824198,0
824284,0
824343,0
824393,0
824726,0
824740,0
824810,0
824885,0
824887,0
825106,0
825112,0
825119,0
825144,0
825169,0
825366,0
825517,0
825551,0
825552,0
825560,0
825561,0
825587,0
825639,0
825642,0
825853,0
825856,0
825989,0
826008,0
826269,0
826315,0
826389,0
826486,0
826553,0
826568,0
826571,0
826791,0
826910,0
827052,0
827129,0
827155,0
827175,0
827249,0
827507,0
827633,0
827769,0
827784,0
827819,0
827911,0
827959,0
828003,0
828012,0
828193,0
828308,0
828481,0
828557,0
828651,0
828756,0
828975,0
829066,0
829121,0
829216,0
829269,0
829349,0
829364,0
829392,0
829439,0
829445,0
829449,0
829466,0
829467,0
829511,0
829574,0
829717,0
829805,0
829848,0
829886,0
829919,0
829987,0
830058,0
830118,0
830125,0
830144,0
830490,0
830523,0
830608,0
830666,0
830702,0
830716,0
830724,0
830790,0
830950,0
830984,0
831015,0
831042,0
831084,0
831106,0
831155,0
831165,0
831237,0
831253,0
831273,0
831309,0
831344,0
831383,0
831454,0
831461,0
831507,0
831519,0
831522,0
831550,0
831589,0
831639,0
831763,0
831777,0
831789,0
831791,0
831856,0
831936,0
832010,0
832203,0
832260,0
832286,0
832292,0
832294,0
832425,0
832436,0
832467,0
832529,0
832547,0
832553,0
832667,0
832714,0
832748,0
832875,0
832884,0
832886,0
833015,0
833120,0
833129,0
833149,0
833245,0
833262,0
833291,0
833460,0
833513,0
833537,0
833598,0
833599,0
833649,0
833685,0
833778,0
833810,0
833850,0
833907,1
833909,0
833921,0
833933,0
833958,0
834040,0
834064,0
834126,0
834165,0
834198,0
834256,0
834267,0
834297,0
834346,0
834425,0
834539,0
834630,0
834868,0
834945,0
834983,0
835046,0
835066,0
835074,0
835130,0
835164,0
835339,0
835383,0
835398,0
835441,0
835685,0
835881,0
835909,0
835917,0
835986,0
835996,0
836056,0
836057,0
836077,0
836087,0
836300,0
836456,0
836472,0
836547,0
836626,0
836856,0
836883,0
836889,0
836904,0
836942,0
836964,0
837098,0
837141,0
837169,0
837220,0
837247,0
837265,0
837350,0
837352,0
837453,0
837494,0
837500,0
837648,0
837649,0
837670,0
837686,0
837700,0
837897,0
837909,0
838049,0
838066,0
838093,0
838122,0
838132,0
838226,0
838228,0
838301,0
838317,0
838334,0
838383,0
838430,0
838609,0
838612,0
838626,0
838686,0
838699,0
838768,0
838822,0
838874,0
838905,0
838970,0
838994,0
839054,0
839060,0
839174,0
839303,0
839309,0
839427,0
839432,0
839624,0
839636,0
839710,0
839731,0
839754,0
839809,0
839815,0
839872,0
839972,0
840194,0
840240,0
840246,0
840301,0
840305,0
840372,0
840394,0
840434,0
840584,0
840612,0
840641,0
840682,0
841112,0
841205,0
841235,0
841256,0
841261,0
841399,0
841429,0
841474,0
841526,0
841742,0
841754,0
841817,0
841851,0
841883,0
841996,0
842004,0
842083,0
842227,0
842296,0
842424,0
842443,0
842459,0
842496,0
842507,0
842545,0
842549,0
842652,0
842728,0
842792,0
842806,0
842831,0
842893,0
843050,0
843219,0
843228,0
843229,0
843273,0
843310,0
843449,0
843621,0
843641,0
843724,0
843808,0
843869,0
843941,0
843944,0
843956,0
843971,0
844004,0
844007,0
844132,0
844262,0
844335,0
844432,0
844540,0
844572,0
844607,0
844714,0
844839,0
845014,0
845047,0
845066,0
845115,0
845156,0
845230,0
845426,0
845472,0
845554,0
845638,0
845685,0
845705,0
845770,0
845845,0
845851,0
845941,0
845984,0
846003,0
846166,0
846204,0
846225,0
846283,0
846324,0
846331,0
846378,0
846403,0
846503,0
846509,0
846545,0
846627,0
846638,0
846716,0
846760,0
846837,0
847036,0
847080,0
847109,0
847156,0
847179,0
847242,0
847254,0
847318,0
847358,0
847445,0
847446,0
847482,0
847501,0
847505,0
847512,0
847571,0
847617,0
847763,0
847870,0
847878,0
847893,0
848097,0
848119,0
848279,0
848338,0
848479,0
848555,0
848880,0
848974,0
849005,0
849072,0
849184,0
849217,0
849221,0
849224,0
849348,0
849455,0
849504,0
849608,0
849655,0
849674,0
849695,0
849740,0
849760,0
849836,0
849877,0
849888,0
849923,0
849945,0
849978,0
850029,0
850037,0
850091,0
850168,0
850218,0
850250,0
850314,0
850535,0
850539,0
850569,0
850579,0
850644,0
850667,0
850766,0
850796,0
850822,0
850846,0
850854,0
850875,0
851002,0
851011,0
851012,0
851018,0
851019,0
851023,0
851104,0
851174,0
851263,0
851372,0
851438,0
851535,0
851640,0
851650,0
851669,0
851725,0
851747,0
851759,0
851762,0
851887,0
851921,0
851928,0
852095,0
852134,0
852182,0
852258,0
852263,0
852332,0
852505,0
852516,0
852591,0
852606,0
852646,0
852710,0
852711,0
852766,0
852810,0
852834,0
852876,0
852898,0
852933,0
852971,0
853049,0
853078,0
853158,0
853170,0
853195,0
853211,0
853249,0
853384,0
853500,0
853510,0
853522,0
853622,0
853651,0
853702,0
853769,0
853772,0
853803,0
853907,0
853916,0
854012,0
854079,0
854139,0
854151,0
854205,0
854232,0
854342,0
854379,0
854479,0
854797,0
854807,0
854993,0
855031,0
855062,0
855115,0
855135,0
855250,0
855337,0
855409,0
855413,0
855424,0
855440,0
855538,0
855545,0
855585,0
855646,0
855819,0
855995,0
856004,0
856074,0
856100,0
856120,0
856126,0
856458,0
856479,0
856531,0
856634,0
856809,1
856814,0
856854,0
857129,0
857198,0
857213,0
857280,0
857318,0
857355,0
857496,0
857540,0
857547,0
857551,0
857581,0
857620,0
857690,0
857725,0
857775,0
857821,0
857878,0
857998,0
858060,0
858216,0
858481,0
858501,0
858556,0
858574,0
858606,0
858734,0
858767,0
858861,0
858979,0
859238,0
859269,0
859357,0
859424,0
859426,0
859460,0
859532,0
859543,0
859566,0
859616,0
859628,0
859680,0
859684,0
859821,0
859964,0
860137,0
860153,0
860157,0
860173,0
860263,0
860266,0
860368,0
860382,0
860452,0
860454,0
860483,0
860488,0
860527,0
860528,0
860544,0
860557,0
860567,0
860774,0
860852,0
860895,0
861002,0
861003,0
861037,0
861170,0
861337,0
861563,0
861630,0
861672,0
861685,0
861693,0
861696,0
861729,0
861785,0
861804,0
861866,0
861884,0
862099,0
862100,0
862187,0
862258,0
862338,0
862341,0
862346,0
862456,0
862469,0
862511,0
862569,0
862655,0
862707,0
862970,0
862975,0
863049,0
863163,0
863197,0
863331,0
863418,0
863455,0
863465,0
863564,0
863847,0
863898,0
863912,0
864096,0
864158,0
864299,0
864321,0
864358,0
864415,0
864455,0
864464,0
864465,0
864470,0
864634,0
864761,0
865033,0
865034,0
865124,0
865125,0
865192,0
865225,0
865290,0
865369,0
865401,0
865410,0
865691,0
865772,0
865798,0
865986,0
866030,0
866134,0
866198,0
866234,0
866243,0
866260,0
866357,0
866368,0
866488,0
866604,0
866644,0
866661,0
866665,0
866679,0
866791,0
866796,0
866836,0
866865,0
866880,0
866881,0
866960,0
866970,0
867097,0
867099,0
867143,0
867150,0
867239,0
867266,0
867297,0
867317,0
867357,0
867418,0
867442,0
867547,0
867645,0
867646,0
867685,0
867828,0
868007,0
868033,0
868138,0
868181,0
868270,0
868344,0
868439,0
868463,0
868524,0
868542,0
868603,0
868610,0
868674,0
868728,0
868739,0
868757,0
868829,0
868903,0
868936,0
868976,0
869117,0
869120,0
869216,0
869265,0
869298,0
869389,0
869412,0
869429,0
869449,0
869554,0
869739,0
869838,0
869893,0
870032,0
870065,0
870187,0
870197,0
870198,0
870266,0
870329,0
870342,0
870349,0
870425,0
870491,0
870691,0
870871,0
870886,0
870908,0
870976,0
871038,0
871184,0
871198,0
871442,0
871484,0
871629,0
871650,0
871655,0
871710,0
871738,0
871788,0
871813,0
871840,0
871887,0
872062,0
872211,0
872251,0
872331,0
872363,0
872513,0
872554,0
872618,0
872638,0
872668,0
872713,0
872790,0
872796,0
872867,0
872897,0
873004,0
873105,0
873200,0
873239,0
873249,0
873271,0
873482,0
873546,0
873556,0
873573,0
873785,0
873817,0
874056,0
874099,0
874302,0
874358,0
874429,0
874431,0
874449,0
874478,0
874503,0
874532,0
874613,0
874617,0
874673,0
874690,0
874713,0
874740,0
874784,0
874787,0
875013,0
875040,0
875103,0
875147,0
875215,0
875248,0
875353,0
875367,0
875504,0
875525,0
875647,0
875655,0
875702,0
875719,0
875767,0
875793,0
875848,0
875901,0
875931,0
876027,0
876042,0
876113,0
876145,0
876239,0
876327,0
876335,0
876344,0
876388,0
876432,0
876451,0
876486,0
876550,0
876784,0
876885,0
877032,0
877051,0
877271,0
877420,0
877675,0
877681,0
877816,0
877826,0
878069,0
878127,0
878141,0
878275,0
878324,0
878363,0
878481,0
878568,0
878668,0
878762,0
878819,0
878834,1
878917,0
878921,0
878989,0
878994,0
879134,0
879155,0
879178,0
879234,0
879248,0
879285,0
879298,0
879341,0
879356,0
879396,0
879441,0
879697,0
879699,0
879819,0
879829,0
879908,0
880059,0
880112,0
880156,0
880175,0
880202,0
880209,0
880481,0
880516,0
880547,0
880613,0
880702,0
880800,0
880852,0
880855,0
880933,0
880937,0
880964,0
880968,0
881044,0
881117,0
881125,0
881129,0
881172,0
881213,0
881237,0
881270,0
881630,0
881659,0
881709,0
881767,0
881834,0
881887,0
881896,0
882079,0
882083,0
882226,0
882321,0
882381,0
882465,0
882620,0
882627,0
882691,0
882881,0
882961,0
882998,0
883000,0
883132,0
883147,0
883155,0
883201,0
883208,0
883230,0
883415,0
883419,0
883521,0
883551,0
883584,0
883656,0
883706,0
883710,0
883712,0
883846,0
883964,0
884078,0
884176,0
884181,0
884225,0
884253,0
884313,0
884374,0
884511,0
884536,0
884556,0
884559,0
884583,0
884664,0
884687,0
884703,0
884785,0
884799,0
884826,0
884927,0
884973,0
885046,0
885049,0
885109,0
885176,0
885310,0
885330,0
885331,0
885375,0
885377,0
885474,0
885587,0
885649,0
885688,0
885716,0
885756,0
885782,0
885952,0
886179,0
886241,0
886270,0
886304,0
886391,0
886533,0
886541,0
886675,0
886713,0
886719,0
886727,0
886748,0
886768,0
886972,0
886978,0
886998,0
887003,0
887011,0
887393,0
887550,0
887571,0
887589,0
887619,0
887638,0
887804,0
887809,0
887829,0
887896,0
887978,0
887994,0
888029,0
888033,0
888054,0
888152,0
888160,0
888189,0
888190,0
888403,0
888408,0
888415,0
888536,0
888621,0
888669,0
888895,0
888926,0
888934,0
888958,0
889008,0
889048,0
889052,0
889168,0
889451,0
889466,0
889573,0
889630,0
889706,0
889715,0
889819,0
889850,0
889882,0
889951,0
890062,0
890100,0
890123,0
890151,0
890291,0
890328,0
890491,0
890528,0
890565,0
890704,0
890867,0
890869,0
890943,0
890957,0
890973,0
891005,0
891031,0
891114,0
891244,0
891291,0
891397,0
891686,0
891780,0
891790,0
891868,0
891918,0
891933,0
891954,0
891956,0
892045,0
892078,0
892248,0
892311,0
892326,0
892378,0
892415,0
892740,0
892756,0
892775,0
892859,0
892860,0
892976,0
893076,0
893097,0
893187,0
893198,0
893231,0
893329,0
893648,0
893672,0
893688,0
893891,0
893897,0
893999,0
894122,0
894145,0
894240,0
894374,0
894439,0
894668,0
894768,0
894850,0
894878,0
894886,0
894949,0
894956,0
894979,0
895024,0
895037,0
895047,0
895073,0
895147,0
895239,0
895252,0
895381,0
895409,0
895519,0
895591,0
895688,0
895700,0
895733,0
895781,0
895871,0
895946,0
895965,0
896148,0
896243,0
896308,0
896352,0
896432,0
896442,0
896528,0
896607,0
896705,0
896715,0
896802,0
896803,0
896841,0
896900,0
896917,0
897033,0
897075,0
897271,0
897340,0
897428,0
897452,0
897554,0
897632,0
897635,0
897673,0
897859,0
897891,0
897925,0
898050,0
898136,0
898149,0
898154,0
898164,0
898175,0
898191,0
898333,0
898482,0
898523,0
898579,0
898600,0
898721,0
898798,0
898853,0
898917,0
898922,0
898968,0
898998,0
899046,0
899093,0
899108,0
899207,0
899310,0
899313,0
899396,0
899405,0
899432,0
899567,0
899591,0
899636,0
899653,0
899677,0
899722,0
899950,0
899951,0
900288,0
900297,0
900317,0
900369,0
900476,0
900520,0
900560,0
900580,0
900602,0
900727,0
900763,0
901019,0
901469,0
901540,0
901583,0
901595,0
901729,0
901748,0
901756,0
901799,0
901803,0
901822,0
901846,0
901879,0
901935,0
901992,0
902016,0
902047,0
902088,0
902092,0
902157,0
902174,0
902380,0
902448,0
902498,0
902515,0
902541,0
902581,0
902612,0
902659,0
902678,0
902745,0
902873,0
903084,0
903094,0
903168,0
903208,0
903357,0
903400,0
903434,0
903471,0
903577,0
903658,0
903740,0
903809,0
903905,0
903924,0
903997,0
904143,0
904342,0
904356,0
904461,0
904475,0
904595,0
904626,0
904785,0
904795,0
904818,0
904888,0
904891,0
904899,0
904947,0
905004,0
905033,0
905069,0
905104,0
905193,0
905310,0
905352,0
905399,0
905489,0
905769,0
905770,0
905883,0
905921,0
905951,0
905963,0
906146,0
906220,0
906347,0
906389,0
906402,0
906455,0
906521,0
906527,0
906688,0
906947,0
906976,0
907193,0
907328,0
907499,0
907528,0
907600,0
907619,0
907661,0
907663,0
907683,0
907740,0
907920,0
908002,0
908029,0
908033,0
908169,0
908269,0
908405,0
908427,0
908470,0
908496,0
908621,0
908629,0
908638,0
908704,0
908913,0
908992,0
908994,0
909066,0
909212,0
909374,0
909487,0
909670,0
909909,0
910003,0
910115,0
910123,0
910192,0
910207,0
910279,0
910309,0
910354,0
910518,0
910612,0
910667,0
910719,0
910771,0
910811,0
910944,0
910981,0
911010,0
911083,0
911147,0
911207,0
911241,0
911447,0
911463,0
911500,0
911584,0
911615,0
911618,0
911652,0
911666,0
911674,0
911687,0
911746,0
911748,0
911788,0
911929,0
911975,0
911976,0
912207,0
912246,0
912267,0
912299,0
912360,0
912381,0
912389,0
912547,0
912614,0
912636,0
912707,0
912729,0
912732,0
912836,0
912947,0
912991,0
913012,0
913078,0
913120,0
913197,0
913339,0
913352,0
913378,0
913522,0
913541,0
913641,0
913731,0
913733,0
913800,0
913927,0
913958,0
914050,0
914060,0
914099,0
914114,0
914164,0
914252,0
914307,0
914362,0
914383,0
914606,0
914640,0
914772,0
914836,0
914855,0
914863,0
914866,0
914943,0
914945,0
914971,0
915011,0
915039,0
915142,0
915286,0
915571,0
915719,0
915762,0
915764,0
915818,0
915866,0
915906,0
916361,0
916369,0
916450,0
916499,0
916522,0
916545,0
916700,0
916784,0
916837,0
916887,0
916904,0
916968,0
916992,0
917010,0
917034,0
917169,0
917171,0
917200,0
917241,0
917252,0
917373,0
917490,0
917515,0
917528,0
917570,0
917586,0
917601,0
917682,0
917887,0
917973,0
917993,0
918294,0
918328,0
918330,0
918374,0
918420,0
918425,0
918669,0
918704,0
918741,0
918908,0
919274,0
919284,0
919319,0
919331,0
919386,0
919429,0
919445,0
919458,0
919476,0
919628,0
919679,0
919968,0
919980,0
920056,0
920128,0
920207,0
920361,0
920400,0
920437,0
920488,0
920604,0
920626,0
920694,0
920706,0
920747,0
920815,0
920916,0
920958,0
920985,0
921208,0
921221,0
921222,0
921285,0
921373,0
921387,0
921411,0
921421,0
921465,0
921483,0
921554,0
921637,0
921681,0
921685,0
921698,0
921813,0
921884,0
921943,0
921944,0
921997,0
922010,0
922020,0
922167,0
922197,0
922351,0
922431,0
922467,0
922472,0
922657,0
922685,0
922693,0
922782,0
922839,0
922875,0
922899,0
922911,0
922919,0
922944,0
922965,0
923065,0
923067,0
923095,0
923188,0
923198,0
923262,0
923356,0
923459,1
923464,0
923491,0
923660,0
923672,0
923689,0
923701,0
923777,0
923926,0
923933,0
924021,0
924128,0
924144,0
924209,0
924235,0
924243,0
924337,0
924411,0
924438,0
924505,0
924520,0
924678,0
924682,0
924697,0
924713,0
924804,0
924830,0
924831,0
924944,0
924962,0
924968,0
925009,0
925261,0
925312,0
925370,0
925393,0
925439,0
925514,0
925551,0
925705,0
925760,0
925801,0
925869,0
925926,0
926001,0
926019,0
926176,0
926346,0
926406,0
926497,0
926507,0
926528,0
926591,0
926719,0
926723,0
926811,0
926938,0
927003,0
927063,0
927165,0
927166,0
927205,0
927250,0
927306,0
927401,0
927403,0
927555,0
927636,0
927639,0
927682,0
927717,0
927721,0
927821,0
927871,0
927954,0
927955,0
928020,0
928054,0
928169,0
928202,0
928274,0
928306,0
928314,0
928360,0
928368,0
928481,0
928700,0
929000,0
929041,0
929070,0
929151,0
929389,0
929397,0
929401,0
929426,0
929461,0
929487,0
929519,0
929541,0
929587,0
929606,0
929699,0
929711,0
929732,0
929923,0
929931,0
929998,0
930158,0
930179,0
930266,0
930278,0
930481,0
930570,0
930666,0
930717,0
930736,0
930801,0
930827,0
931014,0
931075,0
931111,0
931123,0
931238,0
931356,0
931379,0
931451,0
931645,0
931681,0
931716,0
931910,0
931934,0
931935,0
931956,0
932117,0
932147,0
932380,0
932393,0
932437,0
932478,0
932569,0
932644,0
932663,0
932680,0
932805,0
932887,0
932911,0
932920,0
933062,0
933161,0
933164,0
933206,0
933345,0
933362,0
933399,0
933409,0
933424,0
933835,0
933894,0
933917,0
934093,0
934254,0
934369,0
934451,0
934464,0
934583,0
934732,0
934759,0
934820,0
934919,0
934974,0
934995,0
935194,0
935247,0
935363,0
935373,0
935376,0
935390,0
935415,0
935450,0
935472,0
935557,0
935585,0
935686,0
935713,0
936045,0
936061,0
936158,0
936184,0
936276,0
936355,0
936432,0
936482,0
936507,0
936636,0
936679,0
936719,0
936746,0
936780,0
936785,0
936795,0
936935,0
937057,0
937194,0
937212,0
937244,0
937274,0
937379,0
937452,0
937463,0
937467,0
937514,0
937546,0
937548,0
937597,0
937624,0
937642,0
937649,0
937678,0
937745,0
937768,0
937822,0
937831,0
937844,0
937885,0
937900,0
937906,0
938022,0
938141,0
938142,0
938236,0
938309,0
938333,0
938400,0
938432,0
938472,0
938508,0
938557,0
938626,0
938637,0
938686,0
938714,0
938801,0
938866,0
938886,0
939013,0
939050,0
939057,0
939068,0
939083,0
939126,0
939142,0
939188,0
939236,0
939246,0
939279,0
939315,0
939373,0
939432,0
939462,0
939602,0
939609,0
939777,0
939812,0
939829,0
939980,0
940047,0
940085,0
940094,0
940139,0
940166,0
940261,0
940317,0
940348,0
940350,0
940541,0
940546,0
940754,0
940825,0
940878,0
940885,0
940897,0
940935,0
941120,0
941130,0
941171,0
941253,0
941254,0
941359,0
941385,0
941518,0
941658,0
941775,0
941845,0
942100,0
942114,0
942463,0
942532,0
942608,0
942836,0
942961,0
943110,0
943199,0
943230,0
943259,0
943365,0
943549,0
943604,0
943981,0
944044,0
944137,0
944200,0
944205,0
944232,0
944327,0
944406,0
944474,0
944619,0
944627,0
944725,0
944812,0
944870,0
944912,0
945000,0
945027,0
945106,0
945178,0
945269,0
945516,0
945526,0
945546,0
945570,0
945645,0
945658,0
945676,0
945758,0
945806,0
945895,0
945899,0
945982,0
946118,0
946247,0
946374,0
946383,0
946387,0
946418,0
946442,0
946464,0
946485,0
946513,0
946516,0
946620,0
946684,0
946693,0
946746,0
946755,0
946874,0
946901,0
946973,0
947033,0
947058,0
947157,0
947172,0
947188,0
947210,0
947328,0
947357,0
947416,0
947563,0
947684,0
947694,0
947718,0
947756,0
947895,0
947933,0
947934,0
947996,0
948016,0
948080,0
948081,0
948169,0
948213,0
948257,0
948336,0
948371,0
948406,0
948631,0
948638,0
948669,0
948799,0
948844,0
948882,0
948902,0
948922,0
948973,0
949230,0
949286,0
949378,0
949397,0
949469,0
949504,0
949518,0
949523,0
949535,0
949571,0
949661,0
949760,0
949838,0
949908,0
950068,0
950149,0
950296,0
950338,0
950432,0
950521,0
950660,0
950675,0
950740,0
950785,0
950789,0
950853,0
950948,0
950998,0
951104,0
951124,0
951169,0
951173,0
951246,0
951266,0
951594,0
951604,0
951727,0
951738,0
951758,0
951838,0
951847,0
952082,0
952092,0
952212,0
952223,0
952227,0
952286,0
952335,0
952349,0
952525,0
952597,0
952746,0
952787,0
952792,0
952809,0
952899,0
953251,0
953261,0
953301,0
953314,0
953625,0
953662,0
953853,0
953919,0
953994,0
954004,0
954016,0
954238,0
954240,0
954241,0
954351,0
954366,0
954388,0
954470,0
954559,0
954695,0
954790,0
954859,0
955013,0
955233,0
955462,0
955473,0
955524,0
955537,0
955659,0
955739,0
955793,0
955813,0
955829,0
955877,0
955970,0
956000,0
956075,0
956083,0
956138,0
956209,0
956252,0
956375,0
956409,0
956448,0
956485,0
956600,0
956624,0
956642,0
956699,0
956796,0
956812,0
956969,0
957050,0
957207,0
957212,0
957263,0
957372,0
957453,0
957577,0
957622,0
957625,0
957859,0
957881,0
957931,0
958085,0
958110,0
958115,0
958308,0
958399,0
958420,0
958525,0
958615,0
958738,0
958766,0
958818,0
958874,0
959094,0
959114,0
959240,0
959261,0
959357,0
959384,0
959389,0
959402,0
959439,0
959459,0
959470,0
959476,0
959579,0
959606,0
959696,0
959810,0
959813,0
959855,0
960026,0
960071,0
960107,0
960156,0
960166,0
960172,0
960343,0
960394,0
960430,0
960557,0
960632,0
960656,0
960685,0
960687,0
960742,0
960819,0
960905,0
961078,0
961106,0
961120,0
961134,0
961184,0
961210,0
961245,0
961250,0
961329,0
961381,0
961473,0
961481,0
961603,0
961651,0
961682,0
961944,0
961965,0
961984,0
961987,0
962109,0
962253,0
962262,0
962299,0
962387,0
962450,0
962451,0
962490,0
962658,0
962829,0
962841,0
962871,0
962885,0
962911,0
962931,0
962934,0
962953,0
963201,0
963324,0
963414,0
963467,0
963486,0
963584,0
963587,0
963677,0
963797,0
963854,0
963875,0
963881,0
963898,0
963904,0
964009,0
964037,0
964112,0
964190,0
964245,0
964249,0
964287,0
964297,0
964329,0
964351,0
964387,0
964560,0
964614,0
964635,0
964636,0
964762,0
964844,0
964864,0
964927,0
964978,0
965102,0
965105,0
965261,0
965365,0
965426,0
965512,0
965523,0
965534,0
965563,0
965581,0
965651,0
965728,0
965810,0
965880,0
965968,0
965986,0
966017,0
966037,0
966166,0
966295,0
966387,0
966391,0
966441,0
966475,0
966515,0
966540,0
966650,0
966718,0
966820,0
966853,0
966923,0
966953,0
966967,0
967051,0
967078,0
967092,0
967116,0
967330,0
967347,0
967429,0
967542,0
967546,0
967695,0
967730,0
967740,0
967769,0
967974,0
968017,0
968212,0
968278,0
968293,0
968294,0
968387,0
968432,0
968496,0
968621,0
968632,0
968675,0
968765,0
968768,0
968786,0
968828,0
968875,0
969026,0
969038,0
969146,0
969167,0
969225,0
969253,0
969421,0
969476,0
969501,0
969571,0
969651,0
969715,0
969806,0
969862,0
970067,0
970069,0
970130,0
970177,0
970179,0
970260,0
970406,0
970475,0
970480,0
970558,0
970585,0
970593,0
970651,0
970675,0
970882,0
970927,0
970939,0
971059,0
971115,0
971222,0
971299,0
971415,0
971428,0
971449,0
971486,0
971534,0
971606,0
971679,0
971907,0
972037,0
972048,0
972209,0
972269,0
972326,0
972336,0
972512,0
972533,0
972621,0
972627,0
972671,0
972708,0
972741,0
972842,0
972924,0
972973,0
973030,0
973102,0
973105,0
973161,0
973166,0
973170,0
973183,0
973195,0
973290,0
973354,0
973391,0
973401,0
973410,0
973542,0
973670,0
973681,0
973709,0
973711,0
973823,0
973921,0
973976,0
973988,0
974063,0
974065,0
974086,0
974090,0
974183,0
974324,0
974332,0
974431,0
974508,0
974588,0
974608,0
974621,0
974715,0
974775,0
974799,0
974811,0
974842,0
974867,0
974893,0
974906,0
974938,0
975034,0
975068,0
975080,0
975120,0
975281,0
975357,0
975463,0
975682,0
975687,0
975735,0
975746,0
976032,0
976038,0
976096,0
976130,0
976179,0
976195,0
976386,0
976422,0
976480,0
976648,0
976656,0
976736,0
976915,0
976919,0
976944,0
977052,0
977254,0
977299,0
977321,0
977344,0
977369,0
977463,0
977493,0
977551,0
977567,0
977739,0
977940,0
977980,0
978004,0
978082,0
978154,0
978509,0
978513,0
978713,0
979035,0
979098,0
979197,0
979506,0
979593,0
979601,0
979690,0
979970,0
979983,0
980118,0
980286,0
980375,0
980499,0
980575,0
980613,0
980622,0
980788,0
980820,0
980901,0
981006,0
981115,0
981195,0
981224,0
981332,0
981428,0
981523,0
981625,0
981689,0
981772,0
981814,0
981840,0
981980,0
981986,0
981997,0
982070,0
982091,0
982116,0
982178,0
982268,0
982285,0
982323,0
982351,0
982368,0
982443,0
982446,0
982477,0
982562,0
982568,0
982604,0
982744,0
982761,0
982795,0
983051,0
983106,0
983149,0
983170,0
983236,0
983360,0
983402,0
983651,0
983655,0
983656,0
983666,0
983777,0
983877,0
983905,0
984045,0
984075,0
984128,0
984192,0
984265,0
984271,0
984347,0
984415,0
984480,0
984614,0
984622,0
984665,0
984689,0
984701,0
984787,0
984904,0
985012,0
985090,0
985201,0
985238,0
985274,0
985365,0
985389,0
985445,0
985486,0
985707,0
985797,0
985885,0
985978,0
986030,0
986053,0
986100,0
986127,0
986143,0
986184,0
986205,0
986249,0
986319,0
986354,0
986501,0
986502,0
986577,0
986659,0
986675,0
986806,0
986846,0
986918,0
986944,0
986973,0
987087,0
987093,0
987117,0
987127,0
987141,0
987168,0
987321,0
987449,0
987472,0
987536,0
987653,0
987670,0
987694,0
987753,0
987917,0
988076,0
988083,0
988193,0
988293,0
988318,0
988390,0
988429,0
988553,0
988563,0
988685,0
988689,0
988700,0
988821,0
989107,0
989151,0
989318,0
989337,0
989361,0
989494,0
989499,0
989509,0
989655,0
989682,0
989862,0
989875,0
989906,0
989973,0
989979,0
989999,0
990167,0
990183,0
990209,0
990226,0
990248,0
990309,0
990456,0
990477,0
990775,0
990909,0
990930,0
991049,0
991054,0
991313,0
991330,0
991354,0
991569,0
991744,0
991746,0
991814,0
991935,0
991997,0
992220,0
992321,0
992333,0
992343,0
992390,0
992399,0
992496,0
992626,0
992782,0
992815,0
992896,0
992994,0
993094,0
993161,0
993238,0
993256,0
993281,0
993379,0
993442,0
993509,0
993524,0
993525,0
993816,0
993911,0
994107,0
994159,0
994191,0
994200,0
994368,0
994391,0
994448,0
994530,0
994729,0
994760,0
994795,0
994830,0
994862,0
994892,0
994934,0
994943,0
994944,0
995127,0
995189,0
995256,0
995343,0
995390,0
995455,0
995505,0
995544,0
995565,0
995817,0
995827,0
995860,0
995897,0
995969,0
996227,0
996331,0
996465,0
996566,0
996784,0
996875,0
996884,0
996910,0
996919,0
996963,0
996983,0
997003,0
997013,0
997055,0
997067,0
997088,0
997111,0
997156,0
997388,0
997444,0
997544,0
997763,0
997850,1
997892,0
997917,0
998058,0
998063,0
998103,0
998285,0
998306,0
998416,0
998431,0
998492,0
998515,0
998742,0
998848,0
998943,0
999046,0
999121,0
999176,0
999301,0
999414,0
999437,0
999446,0
999462,0
999565,0
999644,0
999924,0
999927,0
999945,0
999949,0
1000009,0
1000150,0
1000163,0
1000193,0
1000238,0
1000296,0
1000378,0
1000435,0
1000456,0
1000643,0
1000676,0
1000956,0
1000981,0
1000989,0
1001031,0
1001103,0
1001130,0
1001134,0
1001184,0
1001203,0
1001426,0
1001459,0
1001465,0
1001483,0
1001547,0
1001559,0
1001591,0
1001631,0
1001636,0
1001747,0
1001825,0
1001854,0
1002493,0
1002506,0
1002751,0
1003246,0
1003275,0
1003310,0
1003391,0
1003428,0
1003509,0
1003605,0
1003620,0
1003638,0
1003871,0
1003904,0
1004022,0
1004470,0
1004543,0
1004809,0
1004913,0
1004931,0
1004946,0
1005045,0
1005080,0
1005207,0
1005359,0
1005630,0
1005745,0
1005789,0
1005803,0
1005809,0
1006021,0
1006183,0
1006210,0
1006484,0
1006819,0
1006918,0
1006953,0
1007047,0
1007240,0
1007287,0
1007422,0
1007487,0
1007509,0
1007545,0
1007605,0
1007769,0
1007806,0
1007837,0
1007849,0
1007996,0
1008403,0
1008645,0
1008825,0
1008829,0
1009008,0
1009011,0
1009063,0
1009120,0
1009134,0
1009154,0
1009307,0
1009325,0
1009408,0
1009456,0
1009490,0
1009561,0
1009586,0
1009628,0
1009697,0
1010017,0
1010348,0
1010389,0
1010676,0
1010686,0
1010921,0
1011261,0
1011320,0
1011337,0
1011352,0
1011367,0
1011417,0
1011437,0
1011992,0
1012032,0
1012083,0
1012448,0
1012490,0
1012526,0
1012611,0
1012636,0
1012894,0
1012932,0
1012957,0
1013032,0
1013154,0
1013275,0
1013298,0
1013457,0
1013681,0
1013770,0
1014081,0
1014100,0
1014165,0
1014212,0
1014351,0
1014454,0
1014466,0
1014593,0
1014677,0
1014772,0
1014894,0
1015054,0
1015059,0
1015100,0
1015300,0
1015523,0
1015631,0
1015653,0
1016045,0
1016049,0
1016156,0
1016216,0
1016242,0
1016308,0
1016329,0
1016426,0
1016472,0
1016494,0
1016704,0
1016825,0
1016974,0
1016994,0
1017109,0
1017180,0
1017314,0
1017511,0
1017573,0
1017764,0
1017797,0
1017811,0
1017862,0
1018001,0
1018097,0
1018177,0
1018350,0
1018382,0
1018414,0
1018546,0
1018673,0
1018744,0
1018904,0
1018925,0
1019058,0
1019178,0
1019298,0
1019379,0
1019382,0
1019624,0
1019634,0
1019783,0
1020044,0
1020075,0
1020146,0
1020188,0
1020251,0
1020311,0
1020384,0
1020627,0
1020691,0
1020958,0
1021076,0
1021256,0
1021276,0
1021308,0
1021333,0
1021483,0
1021629,0
1021670,0
1021810,0
1021859,0
1021879,0
1021887,0
1022060,0
1022121,0
1022204,0
1022276,0
1022396,0
1022541,0
1022551,0
1022584,0
1022647,0
1022672,0
1022708,0
1022917,0
1022932,0
1022941,0
1023000,0
1023036,0
1023073,0
1023226,0
1023268,0
1023695,0
1023806,0
1023867,0
1023873,0
1023915,0
1024022,0
1024049,0
1024192,0
1024214,0
1024288,0
1024316,0
1024400,0
1024751,0
1025133,0
1025149,0
1025221,0
1025256,0
1025338,0
1025359,0
1025406,0
1025412,0
1025422,0
1025467,0
1025499,0
1025706,0
1025774,0
1025806,0
1025835,0
1025905,0
1026013,0
1026029,0
1026469,0
1026477,0
1026718,0
1026894,0
1027016,0
1027025,0
1027080,0
1027192,0
1027574,0
1027756,0
1027856,0
1027961,0
1027994,0
1028117,0
1028201,0
1028222,0
1028280,0
1028386,0
1028422,0
1028462,0
1028527,0
1028582,0
1028599,0
1028606,0
1028612,0
1028672,0
1028733,0
1028890,0
1028963,0
1029080,0
1029279,0
1029296,0
1029318,0
1029555,0
1029717,0
1029832,0
1029973,0
1030240,0
1030309,0
1030444,0
1030505,0
1030551,0
1030580,0
1030602,0
1030635,0
1030661,0
1030729,0
1030769,0
1030835,0
1030940,0
1030973,0
1031010,0
1031039,0
1031084,0
1031367,0
1031390,0
1031581,0
1031595,0
1031620,0
1031676,0
1031689,0
1031748,0
1032008,0
1032025,0
1032211,0
1032233,0
1032248,0
1032435,0
1032586,0
1032593,0
1032634,0
1032667,0
1032905,0
1033080,0
1033226,0
1033244,0
1033408,0
1033490,0
1033513,0
1033621,0
1034025,0
1034093,0
1034237,0
1034259,0
1034397,0
1034445,0
1034622,0
1034688,0
1034711,0
1034835,0
1034935,0
1035075,0
1035131,0
1035215,0
1035234,0
1035242,0
1035346,0
1035376,0
1035595,0
1035813,0
1035869,0
1036060,0
1036101,0
1036334,0
1036343,0
1036356,0
1036370,0
1036422,0
1036466,0
1036675,0
1036691,0
1036696,0
1036722,0
1036741,0
1036846,0
1036856,0
1037044,0
1037082,0
1037107,0
1037416,0
1037496,0
1037656,0
1037725,0
1037796,0
1038139,0
1038260,0
1038281,0
1038413,0
1039072,0
1039167,0
1039214,0
1039323,0
1039355,0
1039359,0
1039366,0
1039494,0
1039531,0
1039532,0
1039689,0
1039774,0
1039857,0
1039914,0
1040118,0
1040187,0
1040189,0
1040556,0
1040782,0
1040812,0
1040849,0
1040911,0
1040926,0
1040977,0
1040991,0
1041122,0
1041160,0
1041181,0
1041234,0
1041262,0
1041301,0
1041464,0
1041491,0
1041516,0
1041728,0
1041922,0
1041941,0
1042075,0
1042223,0
1042259,0
1042456,0
1042495,0
1042555,0
1042697,0
1042800,0
1042851,0
1043254,0
1043395,0
1043397,0
1043435,0
1043472,0
1043631,0
1043790,0
1043860,0
1044131,0
1044277,0
1044286,0
1044304,0
1044488,0
1044605,0
1044626,0
1044665,0
1044724,0
1044756,0
1044847,0
1044856,0
1044966,0
1045158,0
1045287,0
1045327,0
1045366,0
1045585,0
1045593,0
1045634,0
1045643,0
1045723,0
1045922,0
1046124,0
1046168,0
1046342,0
1046371,0
1046402,0
1046528,0
1047043,0
1047160,0
1047276,0
1047332,0
1047766,0
1047861,0
1047888,0
1048095,0
1048648,0
1048649,0
1048727,0
1048857,0
1048868,0
1049117,0
1049259,0
1049784,0
1049802,0
1049820,0
1049833,0
1049906,0
1049947,0
1050065,0
1050194,0
1050294,0
1050314,0
1050440,0
1050465,0
1050605,0
1050607,0
1050686,0
1050812,0
1050840,0
1050894,0
1051043,0
1051158,0
1051171,0
1051256,0
1051264,0
1051272,0
1051348,0
1051381,0
1051508,0
1051535,0
1051577,0
1051582,0
1051773,0
1051874,0
1051997,0
1052004,0
1052211,0
1052382,0
1052395,0
1052617,0
1052895,0
1053093,0
1053380,0
1053544,0
1053672,0
1053906,0
1053938,0
1054238,0
1054385,0
1054408,0
1054413,0
1054424,0
1054564,0
1054584,0
1054823,0
1054868,0
1055165,0
1055231,0
1055328,0
1055385,0
1055407,0
1055429,0
1055568,0
1055649,0
1055736,0
1055784,0
1055844,0
1055846,0
1055853,0
1056181,0
1056577,0
1056635,0
1056727,0
1056801,0
1056830,0
1056852,0
1056950,0
1057157,0
1057283,0
1057461,0
1057637,0
1057656,0
1057675,0
1057727,0
1057880,0
1057882,0
1058042,0
1058159,0
1058282,0
1058283,0
1058433,0
1058496,0
1058579,0
1058590,0
1058762,0
1059060,0
1059064,0
1059147,0
1059172,0
1059328,0
1059397,0
1059492,0
1059505,0
1059604,0
1059679,0
1059789,0
1059801,0
1059927,0
1060053,0
1060077,0
1060154,0
1060371,0
1060390,0
1060394,0
1060656,0
1060703,0
1060711,0
1060742,0
1060944,0
1061073,0
1061089,0
1061180,0
1061201,0
1061394,0
1061463,0
1061522,0
1061588,0
1061622,0
1061820,0
1061879,0
1062003,0
1062125,0
1062502,0
1062621,0
1062744,0
1062825,0
1062861,0
1062954,0
1062972,0
1063010,0
1063012,0
1063139,0
1063532,0
1063757,0
1063760,0
1063844,0
1064038,0
1064582,0
1064586,0
1064654,0
1064724,0
1064882,0
1065050,0
1065184,0
1065286,0
1065409,0
1065502,0
1065632,0
1065823,0
1065849,0
1065866,0
1065943,0
1065958,0
1066056,0
1066343,0
1066388,0
1066404,0
1066453,0
1066497,0
1066642,0
1066790,0
1066839,0
1066841,0
1066856,0
1066882,0
1066919,0
1066994,0
1067028,0
1067037,0
1067109,0
1067259,0
1067376,0
1067417,0
1067490,0
1067499,0
1067525,0
1067580,0
1067599,0
1067612,0
1067674,0
1067677,0
1067690,0
1067733,0
1067744,0
1067756,0
1067775,0
1067870,0
1067900,0
1067914,0
1067945,0
1067992,0
1067996,0
1068001,0
1068038,0
1068062,0
1068063,1
1068113,0
1068120,0
1068133,0
1068218,0
1068228,0
1068265,0
1068293,0
1068348,0
1068384,0
1068407,0
1068414,0
1068448,0
1068465,0
1068568,0
1068632,0
1068674,0
1068844,0
1068853,0
1068902,0
1069034,0
1069049,0
1069066,0
1069103,0
1069107,0
1069165,0
1069307,0
1069375,0
1069462,0
1069466,0
1069510,0
1069552,0
1069596,0
1069601,0
1069613,0
1069637,0
1069661,0
1069706,0
1069787,0
1069811,0
1069826,0
1069840,0
1069853,0
1069910,0
1070060,0
1070085,0
1070169,0
1070174,0
1070179,0
1070212,0
1070284,0
1070337,0
1070366,0
1070485,0
1070544,0
1070606,0
1070618,0
1070697,0
1070722,0
1070801,0
1070826,0
1070904,0
1070966,0
1070978,0
1070992,0
1071017,0
1071038,0
1071144,0
1071211,0
1071323,0
1071373,0
1071426,0
1071428,0
1071433,0
1071463,0
1071469,0
1071495,0
1071822,0
1071843,0
1071873,0
1071904,0
1071925,0
1071956,0
1071980,0
1072059,0
1072069,0
1072114,0
1072257,0
1072460,0
1072518,0
1072523,0
1072532,0
1072543,0
1072608,0
1072616,0
1072623,0
1072751,0
1072811,0
1072821,0
1072835,0
1072907,0
1072921,0
1072941,0
1072960,0
1073008,0
1073032,0
1073043,0
1073144,0
1073164,0
1073242,0
1073324,0
1073415,0
1073641,0
1073651,0
1073807,0
1073953,0
1073983,0
1074003,0
1074047,0
1074066,0
1074173,0
1074256,0
1074280,0
1074291,0
1074330,0
1074394,0
1074424,0
1074433,0
1074449,0
1074469,0
1074485,0
1074528,0
1074532,0
1074553,0
1074589,0
1074612,0
1074642,0
1074756,0
1074776,0
1074859,0
1074861,0
1074912,0
1074941,0
1074988,0
1075005,0
1075218,0
1075230,0
1075259,0
1075576,0
1075639,0
1075754,0
1075770,0
1075791,0
1075861,0
1075898,0
1075957,0
1075980,0
1075993,0
1075997,0
1076015,0
1076024,0
1076032,0
1076084,0
1076100,0
1076237,0
1076275,0
1076318,0
1076387,0
1076517,0
1076540,0
1076649,0
1076653,0
1076696,0
1076741,0
1076752,0
1076783,0
1076820,0
1076829,0
1076980,0
1077016,0
1077165,0
1077272,0
1077328,0
1077390,0
1077457,0
1077496,0
1077521,0
1077530,0
1077561,0
1077600,0
1077710,0
1077741,0
1077840,0
1077883,0
1077986,0
1077990,0
1078061,0
1078067,0
1078078,0
1078086,0
1078088,0
1078177,0
1078206,0
1078230,0
1078381,0
1078394,0
1078423,0
1078554,0
1078637,0
1078735,0
1078766,0
1078770,0
1078852,0
1078854,0
1078869,0
1078934,0
1079077,0
1079163,0
1079189,0
1079234,0
1079239,0
1079241,0
1079244,0
1079363,0
1079518,0
1079524,0
1079590,0
1079600,0
1079607,0
1079634,0
1079635,0
1079657,0
1079827,0
1079888,0
1079919,0
1079920,0
1079938,0
1080011,0
1080130,0
1080157,0
1080241,0
1080347,0
1080401,0
1080521,0
1080558,0
1080616,0
1080640,0
1080679,0
1080682,0
1080687,0
1080718,0
1080721,0
1080737,0
1080749,0
1080825,0
1080889,0
1080897,0
1080911,0
1080969,0
1081139,0
1081176,0
1081197,0
1081206,0
1081260,0
1081262,0
1081333,0
1081395,0
1081416,0
1081429,0
1081451,0
1081479,0
1081549,0
1081588,0
1081597,0
1081601,0
1081659,0
1081826,0
1081842,0
1082012,0
1082057,0
1082079,0
1082178,0
1082245,0
1082287,0
1082380,0
1082403,0
1082444,0
1082540,0
1082558,0
1082580,0
1082582,0
1082600,0
1082630,0
1082666,0
1082699,0
1082760,0
1082810,0
1082811,0
1082904,0
1082923,0
1082928,0
1083085,0
1083311,0
1083335,0
1083353,0
1083618,0
1083698,0
1083756,0
1083806,0
1083873,0
1083903,0
1083905,0
1083934,0
1083959,0
1084060,0
1084090,0
1084113,0
1084147,0
1084196,0
1084253,0
1084258,0
1084261,0
1084293,0
1084325,0
1084468,0
1084490,0
1084509,0
1084522,0
1084561,0
1084569,0
1084588,0
1084671,0
1084707,0
1084716,0
1084745,0
1084749,0
1084762,0
1084843,0
1084875,0
1084907,0
1084947,0
1084961,0
1084976,0
1084996,0
1085007,0
1085024,0
1085040,0
1085075,0
1085084,0
1085222,0
1085270,0
1085282,0
1085330,0
1085386,0
1085474,0
1085541,0
1085869,0
1086037,0
1086055,0
1086077,0
1086217,0
1086397,0
1086426,0
1086454,0
1086560,0
1086584,0
1086780,0
1086790,0
1086825,0
1086839,0
1086897,0
1087112,0
1087201,0
1087278,0
1087385,0
1087420,0
1087533,0
1087555,0
1087612,0
1087758,0
1087800,0
1087813,0
1087824,0
1087859,0
1087862,0
1087882,0
1087919,0
1087965,0
1088184,0
1088190,0
1088256,0
1088265,0
1088314,0
1088367,0
1088408,0
1088449,0
1088458,0
1088542,0
1088564,0
1088650,0
1088763,0
1088791,0
1088909,0
1088935,0
1089071,0
1089097,0
1089183,0
1089318,0
1089408,0
1089447,0
1089521,0
1089539,0
1089551,0
1089569,0
1089619,0
1089788,0
1089799,0
1089836,0
1089839,0
1089933,0
1090047,0
1090052,0
1090062,0
1090087,0
1090163,0
1090266,0
1090344,0
1090440,0
1090458,0
1090490,0
1090499,0
1090543,0
1090587,0
1090598,0
1090613,0
1090707,0
1090713,0
1090736,0
1090776,0
1090826,0
1090861,0
1090914,0
1091059,0
1091064,0
1091079,0
1091088,0
1091300,0
1091345,0
1091356,0
1091417,0
1091424,0
1091548,0
1091553,0
1091557,0
1091599,0
1091604,0
1091629,0
1091633,0
1091637,0
1091663,0
1091713,0
1091770,0
1091828,0
1091957,0
1092026,0
1092061,0
1092069,0
1092084,0
1092114,0
1092189,0
1092232,0
1092250,0
1092325,0
1092341,0
1092361,0
1092437,0
1092554,0
1092679,0
1092823,0
1092866,0
1092867,0
1092907,0
1093014,0
1093045,0
1093114,0
1093170,0
1093179,0
1093181,0
1093294,0
1093325,0
1093347,0
1093473,0
1093515,0
1093553,0
1093638,0
1093666,0
1093802,0
1093915,0
1093956,0
1093996,0
1094004,0
1094032,0
1094345,0
1094357,0
1094427,0
1094456,0
1094465,0
1094466,0
1094478,0
1094503,0
1094554,0
1094562,0
1094567,0
1094584,0
1094657,0
1094746,0
1094756,0
1094764,0
1094863,0
1094877,0
1094892,0
1094956,0
1094981,0
1095014,0
1095100,0
1095140,0
1095192,0
1095239,0
1095272,0
1095304,0
1095309,0
1095334,0
1095373,0
1095384,0
1095531,0
1095577,0
1095588,0
1095654,0
1095725,0
1095771,0
1095803,0
1095821,0
1095842,0
1095843,0
1095862,0
1096028,0
1096034,0
1096063,0
1096071,0
1096125,0
1096233,0
1096261,0
1096264,0
1096273,0
1096277,0
1096283,0
1096299,0
1096438,0
1096498,0
1096543,0
1096681,0
1096682,0
1096776,0
1096827,0
1096836,0
1096886,0
1096890,0
1096914,0
1096949,0
1096968,0
1097067,0
1097135,0
1097266,0
1097272,0
1097301,0
1097408,0
1097421,0
1097482,1
1097502,0
1097660,0
1097720,0
1097742,0
1097752,0
1097789,0
1097825,0
1098051,0
1098063,0
1098142,0
1098289,0
1098560,0
1098591,0
1098634,0
1098745,0
1098839,0
1098863,0
1099012,0
1099013,0
1099077,0
1099140,0
1099142,0
1099187,0
1099303,0
1099304,0
1099329,0
1099336,0
1099376,0
1099448,0
1099474,0
1099534,0
1099587,0
1099690,0
1099787,0
1099799,0
1099932,0
1100009,0
1100026,0
1100048,0
1100049,0
1100098,0
1100424,0
1100427,0
1100480,0
1100493,0
1100515,0
1100646,0
1100674,0
1100675,0
1100690,0
1100828,0
1100902,0
1100937,0
1100954,0
1101019,0
1101066,0
1101097,0
1101147,0
1101182,0
1101188,0
1101212,0
1101337,0
1101355,0
1101429,0
1101438,0
1101456,0
1101620,0
1101648,0
1101662,0
1101685,0
1101732,0
1101739,0
1101909,0
1101940,0
1101943,0
1101951,0
1101954,0
1101961,0
1102000,0
1102007,0
1102196,0
1102199,0
1102227,0
1102305,0
1102315,0
1102362,0
1102410,0
1102434,0
1102474,0
1102487,0
1102550,0
1102645,0
1102665,0
1102721,0
1102729,0
1102784,0
1102806,0
1102812,0
1102947,0
1103047,0
1103120,0
1103204,0
1103215,0
1103275,0
1103403,0
1103482,0
1103491,0
1103494,0
1103521,0
1103547,0
1103562,0
1103625,0
1103642,0
1103671,0
1103682,0
1103715,0
1103773,0
1103830,0
1103971,0
1104008,0
1104011,0
1104044,0
1104214,0
1104221,0
1104242,0
1104244,0
1104253,0
1104255,0
1104268,0
1104279,0
1104363,0
1104407,0
1104490,0
1104645,0
1104756,0
1104774,0
1104777,0
1104801,0
1104815,0
1104872,0
1104989,0
1105043,0
1105093,0
1105122,0
1105207,0
1105235,0
1105421,0
1105434,0
1105467,0
1105490,0
1105651,0
1105667,0
1105671,0
1105727,0
1105798,0
1105801,0
1105852,0
1105869,0
1105885,0
1105965,0
1106011,0
1106020,0
1106024,0
1106045,0
1106108,0
1106113,0
1106280,0
1106314,0
1106324,0
1106360,0
1106403,0
1106477,0
1106480,0
1106482,0
1106586,0
1106603,0
1106684,0
1106747,0
1106781,0
1106823,0
1106884,0
1106906,0
1106908,0
1106924,0
1106965,0
1107020,0
1107185,0
1107223,0
1107310,0
1107322,0
1107370,0
1107439,0
1107466,0
1107483,0
1107583,0
1107606,0
1107679,0
1107703,0
1107749,0
1107774,0
1107821,0
1107879,0
1107891,0
1107897,0
1107953,0
1107995,0
1108159,0
1108183,0
1108263,0
1108349,0
1108401,0
1108406,0
1108420,0
1108456,0
1108569,0
1108653,0
1108692,0
1108749,0
1108845,0
1108915,0
1108994,0
1109032,0
1109106,0
1109248,0
1109273,0
1109314,0
1109320,0
1109365,0
1109384,0
1109385,0
1109707,0
1109720,0
1109733,0
1109894,0
1109972,0
1109980,0
1110042,0
1110065,0
1110072,0
1110087,0
1110130,0
1110226,0
1110368,0
1110495,0
1110514,0
1110735,0
1110743,0
1110808,0
1110809,0
1110817,0
1110819,0
1110837,0
1110879,0
1110945,0
1110996,0
1111038,0
1111051,0
1111074,0
1111194,0
1111195,0
1111214,0
1111309,0
1111331,0
1111370,0
1111411,0
1111457,0
1111471,0
1111502,0
1111563,0
1111600,0
1111648,0
1111695,0
1111765,0
1111944,0
1111961,0
1111965,0
1111979,0
1111992,0
1112086,0
1112110,0
1112172,0
1112174,0
1112219,0
1112255,0
1112257,0
1112281,0
1112320,0
1112408,0
1112437,0
1112448,0
1112601,0
1112652,0
1112693,0
1112730,0
1112849,0
1112878,0
1112883,0
1112887,0
1112926,0
1112963,0
1112972,0
1113012,0
1113154,0
1113234,0
1113269,0
1113275,0
1113280,0
1113285,0
1113287,0
1113383,0
1113394,0
1113463,0
1113502,0
1113508,0
1113563,0
1113614,0
1113616,0
1113620,0
1113661,0
1113719,0
1113731,0
1113759,0
1113762,0
1113776,0
1113803,0
1113818,0
1113873,0
1113954,0
1114027,0
1114047,0
1114063,0
1114320,0
1114322,0
1114357,0
1114373,0
1114476,0
1114603,0
1114636,0
1114696,0
1114741,0
1114814,0
1114871,0
1114875,0
1114887,0
1114997,0
1115036,0
1115061,0
1115094,0
1115175,0
1115209,0
1115277,0
1115325,0
1115409,0
1115442,0
1115487,0
1115606,0
1115675,0
1115706,0
1115730,0
1115771,0
1115810,0
1115866,0
1115875,0
1116038,0
1116117,0
1116267,0
1116340,0
1116518,0
1116534,0
1116566,0
1116599,0
1116621,0
1116669,0
1116707,0
1116719,0
1116736,0
1116753,0
1116756,0
1116809,0
1116926,0
1116961,0
1116967,0
1117022,0
1117168,0
1117222,0
1117279,0
1117334,0
1117374,0
1117375,0
1117667,0
1117769,0
1117834,0
1117932,0
1117975,0
1117988,0
1118046,0
1118053,0
1118141,0
1118169,0
1118339,0
1118382,0
1118394,0
1118410,0
1118449,0
1118502,0
1118506,0
1118534,0
1118560,0
1118740,0
1118787,0
1118908,0
1118909,0
1118915,0
1118919,0
1118993,0
1118997,0
1118999,0
1119001,0
1119013,0
1119118,0
1119139,0
1119142,0
1119212,0
1119236,0
1119279,0
1119306,0
1119318,0
1119408,0
1119443,0
1119473,0
1119649,0
1119739,0
1119784,0
1119798,0
1119890,0
1119898,0
1119966,0
1119984,0
1120018,0
1120042,0
1120080,0
1120149,0
1120264,0
1120345,0
1120429,0
1120487,0
1120655,0
1120815,0
1120821,0
1120826,0
1120858,0
1120889,0
1120938,0
1121013,0
1121077,0
1121171,0
1121250,0
1121408,0
1121420,0
1121428,0
1121440,0
1121452,0
1121497,0
1121556,0
1121564,0
1121635,0
1121656,0
1121666,0
1121836,0
1121847,0
1121850,0
1121883,0
1121888,0
1121906,0
1121973,0
1121997,0
1122010,0
1122019,0
1122054,0
1122108,0
1122225,0
1122240,0
1122245,0
1122270,0
1122287,0
1122292,0
1122306,0
1122412,0
1122434,0
1122461,0
1122532,0
1122543,0
1122647,0
1122654,0
1122709,0
1122714,0
1122783,0
1122808,0
1122961,0
1123050,0
1123097,0
1123177,0
1123196,0
1123254,0
1123287,0
1123288,0
1123380,0
1123409,0
1123422,0
1123426,0
1123456,0
1123482,0
1123489,0
1123547,0
1123550,0
1123608,0
1123638,0
1123666,0
1123733,0
1123760,0
1123804,0
1123806,0
1123809,0
1123822,0
1123923,0
1123957,0
1124104,0
1124191,0
1124231,0
1124254,0
1124271,0
1124346,0
1124395,0
1124720,0
1124737,0
1124805,0
1124810,0
1124832,0
1124908,0
1124945,0
1124954,0
1124997,0
1125047,1
1125140,0
1125171,0
1125213,0
1125217,0
1125277,0
1125306,0
1125311,0
1125326,0
1125358,0
1125359,0
1125452,0
1125460,0
1125587,0
1125589,0
1125594,0
1125671,0
1125711,0
1125753,0
1125767,0
1125811,0
1125845,0
1125862,0
1126017,0
1126027,0
1126042,0
1126043,0
1126117,0
1126162,0
1126167,0
1126207,0
1126246,0
1126304,0
1126345,0
1126425,0
1126483,0
1126502,0
1126561,0
1126669,0
1126886,0
1126903,0
1126958,0
1126980,0
1126992,0
1127013,0
1127040,0
1127068,0
1127100,0
1127103,0
1127158,0
1127222,0
1127257,0
1127313,0
1127357,0
1127370,0
1127381,0
1127389,0
1127424,0
1127433,0
1127566,0
1127633,0
1127659,0
1127676,0
1127763,0
1127824,0
1127908,0
1127931,0
1128064,0
1128067,0
1128097,0
1128356,0
1128405,0
1128421,0
1128473,0
1128581,0
1128628,0
1128699,0
1128722,0
1128723,0
1128792,0
1128830,0
1128949,0
1128991,0
1129001,0
1129136,0
1129198,0
1129207,0
1129222,0
1129228,0
1129286,0
1129307,0
1129338,0
1129387,0
1129448,0
1129455,0
1129477,0
1129658,0
1129674,0
1129706,0
1129831,0
1129887,0
1129919,0
1130113,0
1130130,1
1130137,0
1130157,0
1130168,0
1130188,0
1130197,0
1130371,0
1130395,0
1130444,0
1130471,0
1130666,0
1130775,0
1130782,0
1130785,0
1130871,0
1130898,0
1130926,0
1130938,0
1130966,0
1131161,0
1131169,0
1131224,0
1131230,0
1131238,0
1131261,0
1131272,0
1131370,0
1131520,0
1131714,0
1131741,0
1131823,0
1131828,0
1131925,0
1132010,0
1132026,0
1132030,0
1132129,0
1132133,0
1132164,0
1132173,0
1132271,0
1132325,0
1132349,0
1132354,0
1132472,0
1132489,0
1132565,0
1132596,0
1132600,0
1132636,0
1132653,0
1132672,0
1132697,0
1132699,0
1132706,0
1132836,0
1132841,0
1132920,0
1132945,0
1132951,0
1132962,0
1133081,0
1133086,0
1133100,0
1133139,0
1133144,0
1133148,0
1133276,0
1133328,0
1133334,0
1133353,0
1133418,0
1133488,0
1133521,0
1133535,0
1133564,0
1133569,0
1133604,0
1133620,0
1133718,0
1133722,0
1133803,0
1133821,0
1133838,0
1133941,0
1133987,0
1134008,0
1134030,0
1134122,0
1134126,0
1134133,0
1134135,0
1134249,0
1134498,0
1134509,0
1134596,0
1134682,0
1134684,0
1134701,0
1134762,0
1134772,0
1134797,0
1134934,0
1134936,0
1134951,0
1135021,0
1135110,0
1135126,0
1135141,0
1135153,0
1135154,0
1135193,0
1135209,0
1135222,0
1135329,0
1135339,0
1135387,0
1135455,0
1135555,0
1135594,0
1135716,0
1135719,0
1135744,0
1135754,0
1135776,0
1135812,0
1135891,0
1135904,0
1135927,0
1135975,0
1135991,0
1136007,0
1136121,0
1136135,0
1136142,0
1136207,0
1136283,0
1136320,0
1136358,0
1136380,0
1136440,0
1136444,0
1136487,0
1136522,0
1136687,0
1136849,0
1137011,0
1137046,0
1137054,0
1137062,0
1137067,0
1137113,0
1137122,0
1137217,0
1137245,0
1137326,0
1137361,0
1137403,0
1137433,0
1137461,0
1137537,0
1137596,0
1137599,0
1137611,0
1137685,0
1137728,0
1137829,0
1137882,0
1137905,0
1137920,0
1137921,0
1137983,0
1138035,0
1138184,0
1138234,0
1138324,0
1138354,0
1138382,0
1138419,0
1138438,0
1138515,0
1138578,0
1138635,0
1138719,0
1138725,0
1138777,0
1138820,0
1139005,0
1139035,0
1139115,0
1139200,0
1139243,0
1139287,0
1139322,0
1139325,0
1139379,0
1139417,0
1139431,0
1139528,0
1139552,0
1139638,0
1139679,0
1139709,0
1139778,0
1139847,0
1139851,0
1139948,0
1140064,0
1140082,0
1140101,0
1140123,0
1140304,0
1140321,0
1140365,0
1140374,0
1140462,0
1140501,0
1140558,0
1140635,0
1140726,0
1140752,0
1140781,0
1140992,0
1141029,0
1141041,0
1141057,0
1141127,0
1141192,0
1141194,0
1141265,0
1141268,0
1141408,0
1141428,0
1141474,0
1141480,0
1141647,0
1141662,0
1141738,0
1141763,0
1141791,0
1141859,0
1141983,0
1141996,0
1142010,0
1142065,0
1142068,0
1142227,0
1142283,0
1142288,0
1142339,0
1142402,0
1142404,0
1142411,0
1142420,0
1142463,0
1142563,0
1142564,0
1142615,0
1142637,0
1142684,0
1142774,0
1142786,0
1143013,0
1143035,0
1143139,0
1143175,0
1143260,0
1143332,0
1143341,0
1143438,0
1143457,0
1143665,0
1143711,0
1143741,0
1143784,0
1143835,0
1143842,0
1143886,0
1143893,0
1143948,0
1143972,0
1143992,0
1144054,0
1144078,0
1144112,0
1144133,0
1144208,0
1144239,0
1144242,0
1144270,0
1144302,0
1144473,0
1144530,0
1144762,0
1144771,0
1144920,0
1144963,0
1145024,0
1145126,0
1145156,0
1145248,0
1145252,0
1145312,0
1145377,0
1145379,0
1145419,0
1145434,0
1145525,0
1145664,0
1145678,0
1145703,0
1145757,0
1145837,0
1145900,0
1145962,0
1145968,0
1145986,0
1146003,0
1146032,0
1146088,0
1146098,0
1146165,0
1146230,0
1146272,0
1146283,0
1146306,0
1146353,0
1146453,0
1146502,0
1146514,0
1146533,0
1146555,0
1146559,0
1146689,0
1146715,0
1146727,0
1146950,0
1146982,0
1146998,0
1147103,0
1147184,0
1147196,0
1147290,0
1147380,0
1147536,0
1147668,0
1147767,0
1147782,0
1147836,0
1147909,0
1147917,0
1147991,0
1148069,0
1148186,0
1148261,0
1148311,0
1148342,0
1148377,0
1148519,0
1148563,0
1148649,0
1148727,0
1148738,0
1148842,0
1148915,0
1148942,0
1148945,0
1148970,0
1148990,0
1149168,0
1149266,0
1149407,0
1149416,0
1149419,0
1149530,0
1149563,0
1149585,0
1149608,0
1149611,0
1149664,0
1149691,0
1149726,0
1149768,0
1149876,0
1149907,0
1149928,0
1149952,0
1150041,0
1150135,0
1150250,0
1150299,0
1150344,0
1150398,0
1150454,0
1150497,0
1150501,0
1150568,0
1150577,0
1150614,0
1150654,0
1150688,0
1150742,0
1150830,0
1151000,0
1151028,0
1151051,0
1151133,0
1151230,0
1151271,0
1151357,0
1151359,0
1151404,0
1151424,0
1151440,0
1151449,0
1151490,0
1151526,0
1151634,0
1151680,0
1151724,0
1151779,0
1151803,0
1151904,0
1151935,0
1151962,0
1152040,0
1152049,0
1152089,0
1152135,0
1152150,0
1152154,0
1152173,0
1152243,0
1152312,0
1152406,0
1152415,0
1152481,0
1152559,0
1152631,0
1152649,0
1152659,0
1152667,0
1152677,0
1152688,0
1152709,0
1152749,0
1152845,0
1152846,0
1152894,0
1152901,0
1152942,0
1152967,0
1153019,0
1153067,0
1153090,0
1153140,0
1153160,0
1153234,0
1153310,0
1153382,0
1153451,0
1153458,0
1153570,0
1153585,0
1153707,0
1153755,0
1153810,0
1153854,0
1153889,0
1154104,0
1154163,0
1154295,0
1154418,0
1154424,0
1154540,0
1154548,0
1154550,0
1154614,0
1154617,0
1154665,0
1154791,0
1154794,0
1155071,0
1155096,0
1155157,0
1155181,0
1155206,0
1155355,0
1155375,0
1155390,0
1155415,0
1155423,0
1155451,0
1155519,0
1155520,0
1155609,0
1155683,0
1155731,0
1155782,0
1155808,0
1155849,0
1155853,0
1155863,0
1155884,0
1155924,0
1155990,0
1156002,0
1156032,0
1156066,0
1156109,0
1156178,0
1156182,0
1156199,0
1156226,0
1156438,0
1156439,0
1156559,0
1156690,0
1156721,0
1156731,0
1156750,0
1156836,0
1156919,0
1156942,0
1156943,0
1156971,0
1156985,0
1157000,0
1157041,0
1157123,0
1157132,0
1157175,0
1157199,0
1157232,0
1157292,0
1157322,0
1157329,0
1157345,0
1157383,0
1157440,0
1157477,0
1157523,0
1157524,0
1157540,0
1157627,0
1157634,0
1157665,0
1157691,0
1157701,0
1157790,0
1157802,0
1157810,0
1157857,0
1157918,0
1157924,0
1158006,0
1158007,0
1158140,0
1158212,0
1158343,0
1158357,0
1158370,0
1158526,0
1158555,0
1158579,0
1158720,0
1158782,0
1158798,0
1158846,0
1158964,0
1158985,0
1159077,0
1159100,0
1159249,0
1159295,0
1159319,0
1159506,0
1159556,0
1159668,0
1159766,0
1159806,0
1159884,0
1159994,0
1160040,0
1160062,0
1160089,0
1160125,0
1160143,0
1160203,0
1160227,0
1160235,0
1160252,0
1160288,0
1160296,0
1160331,0
1160364,0
1160372,0
1160474,0
1160481,0
1160623,0
1160919,0
1160924,0
1160961,0
1161092,0
1161120,0
1161152,0
1161304,0
1161323,0
1161328,0
1161340,0
1161533,0
1161552,0
1161699,0
1161729,0
1161816,0
1161853,0
1161950,0
1162038,0
1162100,0
1162184,0
1162489,0
1162555,0
1162569,0
1162657,0
1162706,0
1162781,0
1162844,0
1162870,0
1162992,0
1162993,0
1163038,0
1163114,0
1163151,0
1163286,0
1163294,0
1163314,0
1163317,0
1163496,0
1163500,0
1163511,0
1163564,0
1163747,0
1163767,0
1163887,0
1163897,0
1164054,0
1164115,0
1164126,0
1164136,0
1164160,0
1164162,0
1164171,0
1164176,0
1164352,0
1164367,0
1164414,0
1164462,0
1164495,0
1164548,0
1164606,0
1164620,0
1164700,0
1164730,0
1164745,0
1164763,0
1164826,0
1164861,0
1164874,0
1164924,0
1164936,0
1164943,0
1165009,0
1165228,0
1165255,0
1165291,0
1165338,0
1165424,0
1165455,0
1165475,0
1165595,0
1165639,0
1165652,0
1165737,0
1165758,0
1165776,0
1165796,0
1165821,0
1165831,0
1165864,0
1165933,0
1165941,0
1165993,0
1166171,0
1166198,0
1166244,0
1166273,0
1166314,0
1166621,0
1166638,0
1166652,0
1166737,0
1166741,0
1166763,0
1166774,0
1166805,0
1166812,0
1166823,0
1167001,0
1167157,0
1167260,0
1167294,0
1167339,0
1167351,0
1167352,0
1167409,0
1167459,0
1167549,0
1167564,0
1167576,0
1167595,0
1167680,0
1167708,0
1167756,0
1167764,0
1167797,0
1167856,0
1167871,0
1167938,0
1167984,0
1168005,0
1168068,0
1168090,0
1168208,0
1168213,0
1168216,0
1168346,0
1168369,0
1168405,0
1168415,0
1168544,0
1168592,0
1168604,0
1168621,0
1168663,0
1168732,0
1168953,0
1169023,0
1169118,0
1169265,0
1169291,0
1169306,0
1169348,0
1169359,0
1169365,0
1169397,0
1169400,0
1169479,0
1169493,0
1169522,0
1169571,0
1169695,0
1169711,0
1169723,0
1169775,0
1169891,0
1169896,0
1169911,0
1169999,0
1170088,0
1170096,0
1170125,0
1170347,0
1170569,0
1170625,0
1170629,0
1170646,0
1170683,0
1170712,0
1170891,0
1170976,0
1171184,0
1171190,0
1171215,0
1171233,0
1171321,0
1171367,0
1171461,0
1171478,0
1171541,0
1171545,0
1171623,1
1171671,0
1171674,0
1171681,0
1171699,0
1171704,0
1171755,0
1171830,0
1171891,0
1172146,0
1172204,1
1172220,0
1172297,0
1172354,0
1172410,0
1172428,0
1172508,0
1172599,0
1172625,0
1172654,0
1172696,0
1172770,0
1172885,0
1172957,0
1172993,0
1173008,0
1173033,0
1173070,0
1173079,0
1173185,0
1173332,0
1173406,0
1173494,0
1173511,0
1173535,0
1173584,0
1173642,0
1173647,0
1173685,0
1173696,0
1173857,0
1173871,0
1173968,0
1173988,0
1174006,0
1174105,0
1174239,0
1174274,0
1174394,0
1174552,0
1174586,0
1174645,0
1174681,0
1174687,0
1174741,0
1174773,0
1174784,0
1174819,0
1174832,0
1174915,0
1174926,0
1174931,0
1174973,0
1175017,0
1175019,0
1175073,0
1175140,0
1175146,0
1175188,0
1175255,0
1175368,0
1175448,0
1175472,0
1175524,0
1175629,0
1175642,0
1175658,0
1175807,0
1175838,0
1175848,0
1175861,0
1175971,0
1176018,0
1176050,0
1176075,0
1176142,0
1176251,0
1176268,0
1176322,0
1176338,0
1176445,0
1176484,0
1176691,0
1176697,0
1176766,0
1176768,0
1176802,0
1176862,0
1176888,0
1176963,0
1177016,0
1177103,0
1177171,0
1177172,0
1177211,0
1177335,0
1177381,0
1177549,0
1177554,0
1177638,0
1177640,0
1177668,0
1177796,0
1177890,0
1177925,0
1177974,0
1177988,0
1178026,0
1178040,0
1178175,0
1178280,0
1178289,0
1178296,0
1178300,0
1178330,0
1178407,0
1178583,0
1178643,0
1178715,0
1178718,0
1178782,0
1178818,0
1178844,0
1178887,0
1178993,0
1179071,0
1179161,0
1179241,0
1179243,0
1179364,0
1179401,0
1179495,0
1179617,0
1179689,0
1179692,0
1179804,0
1179839,0
1179881,0
1179928,0
1180100,0
1180221,0
1180339,0
1180364,0
1180374,1
1180411,0
1180451,0
1180737,0
1180748,0
1180870,0
1180936,0
1181007,0
1181035,0
1181130,0
1181170,0
1181280,0
1181287,0
1181361,0
1181375,0
1181382,0
1181571,0
1181589,0
1181594,0
1181610,0
1181621,0
1181632,0
1181734,0
1181791,0
1181895,0
1182067,0
1182085,0
1182113,0
1182131,0
1182328,0
1182478,0
1182536,0
1182540,0
1182611,0
1182624,0
1182669,0
1182712,0
1182717,0
1183058,0
1183067,0
1183069,0
1183082,0
1183323,0
1183389,0
1183391,0
1183415,0
1183522,0
1183535,0
1183657,0
1183785,0
1183808,0
1183819,0
1183918,0
1183980,0
1183982,0
1184000,0
1184178,0
1184199,0
1184254,0
1184260,0
1184319,0
1184398,0
1184471,0
1184528,0
1184541,0
1184613,0
1184655,0
1184675,0
1184696,0
1184711,0
1184731,0
1184786,0
1184792,0
1184912,0
1184938,0
1184960,0
1185048,0
1185102,0
1185210,0
1185288,0
1185333,0
1185337,0
1185377,0
1185387,0
1185505,0
1185555,0
1185638,0
1185719,0
1185748,0
1185760,0
1185821,0
1185908,0
1186117,0
1186173,0
1186275,0
1186323,0
1186329,0
1186473,0
1186555,0
1186578,0
1186593,0
1186631,0
1186646,0
1186780,0
1186816,0
1186822,0
1186845,0
1186870,0
1186919,0
1186967,0
1186995,0
1187089,0
1187092,0
1187118,0
1187282,0
1187327,0
1187385,0
1187419,0
1187432,0
1187566,0
1187723,0
1187889,0
1187935,0
1187943,0
1187964,0
1187983,0
1188087,0
1188262,0
1188309,0
1188317,0
1188323,0
1188336,0
1188354,0
1188417,0
1188480,0
1188544,0
1188553,0
1188834,0
1188888,0
1188943,0
1188944,0
1188961,0
1189019,0
1189095,0
1189103,0
1189153,0
1189265,0
1189328,0
1189381,0
1189445,0
1189464,0
1189511,0
1189529,0
1189566,0
1189570,0
1189590,0
1189608,0
1189686,0
1189702,0
1189891,0
1189922,0
1189940,0
1189965,0
1190055,0
1190130,0
1190212,0
1190300,0
1190331,0
1190469,0
1190501,0
1190548,0
1190579,0
1190618,0
1190644,0
1190664,0
1190743,0
1190786,0
1190892,0
1190900,0
1190927,0
1190931,0
1191060,0
1191077,0
1191089,0
1191113,0
1191148,0
1191152,0
1191208,0
1191215,0
1191221,0
1191228,0
1191250,0
1191265,0
1191374,0
1191403,0
1191452,0
1191492,0
1191500,0
1191510,0
1191546,0
1191635,0
1191736,0
1191821,0
1191835,0
1191849,0
1191968,0
1192019,0
1192045,0
1192051,0
1192070,0
1192145,0
1192155,0
1192176,0
1192290,0
1192316,0
1192373,0
1192463,0
1192539,0
1192562,0
1192605,0
1192609,0
1192624,0
1192641,0
1192665,0
1192696,0
1192760,0
1192765,0
1192925,0
1192939,0
1192948,0
1192968,0
1193009,0
1193012,0
1193112,1
1193148,0
1193152,0
1193186,0
1193404,0
1193443,0
1193458,0
1193475,0
1193479,0
1193480,0
1193679,0
1193709,0
1193728,0
1193752,0
1193847,0
1194068,0
1194102,0
1194115,0
1194333,0
1194370,0
1194402,0
1194476,0
1194506,0
1194508,0
1194621,0
1194623,0
1194737,0
1194800,0
1194860,0
1194972,0
1194979,0
1195002,0
1195021,0
1195071,0
1195207,0
1195245,0
1195306,0
1195329,0
1195336,0
1195369,0
1195409,0
1195412,0
1195414,0
1195452,0
1195487,0
1195564,0
1195570,0
1195575,0
1195715,0
1195766,0
1195836,0
1195851,0
1195887,0
1195891,0
1195974,0
1195992,0
1196039,0
1196065,0
1196193,0
1196372,0
1196417,0
1196508,0
1196551,0
1196597,0
1196688,0
1196939,0
1196943,0
1196946,0
1196996,0
1197033,0
1197082,0
1197097,0
1197107,0
1197182,0
1197190,0
1197220,0
1197243,0
1197260,0
1197298,0
1197309,0
1197334,0
1197397,0
1197418,0
1197445,0
1197465,0
1197589,0
1197644,0
1197707,0
1197746,0
1197789,0
1197791,0
1197836,0
1197951,0
1197961,0
1197975,0
1197990,0
1198049,0
1198161,0
1198202,0
1198235,0
1198240,0
1198274,0
1198296,0
1198345,0
1198377,0
1198391,0
1198460,0
1198488,0
1198674,0
1198705,0
1198706,0
1198734,0
1198902,0
1198904,0
1198912,0
1198964,0
1199016,0
1199022,0
1199069,0
1199077,0
1199081,0
1199130,0
1199146,0
1199270,0
1199372,0
1199382,0
1199436,0
1199442,0
1199486,0
1199566,0
1199692,0
1199800,0
1199815,0
1199936,0
1199997,0
1200003,0
1200060,0
1200163,0
1200164,0
1200278,0
1200365,0
1200404,0
1200475,0
1200562,0
1200563,0
1200578,0
1200609,0
1200621,0
1200628,0
1200635,0
1200642,0
1200697,0
1200740,0
1200761,0
1200788,0
1200800,0
1200850,0
1200884,0
1200923,0
1200958,0
1200973,0
1201295,0
1201315,0
1201325,0
1201333,0
1201393,0
1201467,0
1201524,0
1201629,0
1201649,0
1201783,0
1201786,0
1201789,0
1201812,0
1201847,0
1201929,0
1202000,0
1202069,0
1202207,0
1202315,0
1202379,0
1202583,0
1202591,0
1202625,0
1202645,0
1202675,0
1202682,0
1202788,0
1202807,0
1202843,0
1203031,0
1203058,0
1203222,0
1203261,0
1203343,0
1203344,0
1203368,0
1203482,0
1203543,0
1203613,0
1203680,0
1203682,0
1203715,0
1203783,0
1203856,0
1203871,0
1203885,0
1203887,0
1203986,0
1204012,0
1204013,0
1204219,0
1204272,0
1204316,0
1204334,0
1204366,0
1204403,0
1204441,0
1204502,0
1204543,0
1204634,0
1204819,0
1204900,0
1204934,0
1204953,0
1204963,0
1205105,0
1205144,0
1205209,0
1205250,0
1205333,0
1205350,0
1205420,0
1205438,0
1205498,0
1205571,0
1205614,0
1205635,0
1205663,0
1205696,0
1205697,0
1205746,0
1205786,0
1205839,0
1205931,0
1205941,0
1205993,0
1206047,0
1206068,0
1206070,0
1206080,0
1206100,0
1206104,0
1206134,0
1206156,0
1206235,0
1206239,0
1206291,0
1206321,0
1206325,0
1206412,0
1206415,0
1206419,0
1206456,0
1206497,0
1206575,0
1206676,0
1206778,0
1206863,0
1206910,0
1206911,0
1206925,0
1206945,0
1206968,0
1207002,0
1207172,0
1207349,0
1207475,0
1207553,0
1207644,0
1207648,0
1207652,0
1207688,0
1207794,0
1207825,0
1207888,0
1207919,0
1208009,0
1208124,0
1208156,0
1208203,0
1208238,0
1208270,0
1208279,0
1208406,0
1208534,0
1208612,0
1208665,0
1208676,0
1208681,0
1208824,0
1208846,0
1208866,0
1208993,0
1209005,0
1209068,0
1209140,0
1209146,0
1209147,0
1209151,0
1209155,0
1209238,0
1209282,0
1209336,0
1209341,0
1209399,0
1209474,0
1209661,0
1209753,0
1209761,0
1209882,0
1209892,0
1209921,0
1210060,0
1210072,0
1210081,0
1210139,0
1210268,0
1210278,0
1210299,0
1210316,0
1210374,0
1210386,0
1210399,0
1210401,0
1210472,0
1210584,0
1210883,0
1210958,0
1211041,0
1211183,0
1211275,0
1211308,0
1211387,0
1211406,0
1211449,0
1211506,0
1211521,0
1211678,0
1211711,0
1211765,0
1211788,0
1211808,0
1211819,0
1211854,0
1211990,0
1211991,0
1212020,0
1212095,0
1212235,0
1212438,0
1212565,0
1212567,0
1212616,0
1212638,0
1212659,0
1212801,0
1212810,0
1212836,0
1213003,0
1213014,0
1213053,0
1213207,0
1213214,0
1213279,0
1213360,0
1213387,0
1213397,0
1213465,0
1213520,0
1213527,0
1213564,0
1213616,0
1213620,0
1213646,0
1213746,0
1213884,0
1213972,0
1214014,0
1214065,0
1214074,0
1214099,0
1214210,0
1214249,0
1214404,0
1214421,0
1214512,0
1214605,0
1214611,0
1214730,0
1214739,0
1214822,0
1215054,0
1215056,0
1215248,0
1215269,0
1215290,0
1215513,0
1215590,0
1215614,0
1215747,0
1215783,0
1215806,0
1215857,0
1215887,0
1215898,0
1215932,0
1215968,0
1216001,0
1216073,0
1216151,0
1216165,0
1216258,0
1216348,0
1216616,0
1216641,0
1216654,0
1216699,0
1216704,0
1216755,0
1216777,0
1216820,0
1216843,0
1216874,0
1217087,0
1217122,0
1217216,0
1217233,0
1217240,0
1217325,0
1217374,0
1217428,0
1217435,0
1217436,0
1217463,0
1217515,0
1217608,0
1217624,0
1217911,0
1217919,0
1217920,0
1218101,0
1218145,0
1218180,0
1218280,0
1218381,0
1218495,0
1218549,0
1218637,0
1218785,0
1218798,0
1218814,0
1218929,0
1218946,0
1218955,0
1219027,0
1219216,0
1219257,0
1219312,0
1219321,0
1219336,0
1219345,0
1219360,0
1219478,0
1219489,0
1219539,0
1219672,0
1219917,0
1220055,0
1220084,0
1220297,0
1220305,0
1220437,0
1220463,0
1220467,0
1220486,0
1220496,0
1220520,0
1220628,0
1220849,0
1220877,0
1220882,0
1220884,0
1220983,0
1221035,0
1221142,0
1221168,0
1221220,0
1221417,0
1221428,0
1221505,0
1221572,0
1221598,0
1221600,0
1221616,0
1221620,0
1221728,0
1221746,0
1221788,0
1221846,0
1221855,0
1221865,0
1221874,0
1221958,0
1222023,0
1222182,0
1222225,0
1222280,0
1222500,0
1222523,0
1222550,0
1222612,0
1222614,0
1222616,0
1222790,0
1222853,0
1222859,0
1222956,0
1222973,0
1222979,0
1223053,0
1223060,0
1223096,0
1223179,0
1223214,0
1223234,0
1223310,0
1223322,0
1223364,0
1223405,0
1223408,0
1223416,0
1223467,0
1223493,0
1223495,0
1223668,0
1223689,0
1223729,0
1223793,0
1223814,0
1223845,0
1223936,0
1223939,0
1224025,0
1224040,0
1224148,0
1224187,0
1224353,0
1224435,0
1224458,0
1224483,0
1224487,0
1224534,0
1224623,0
1224684,0
1224707,0
1224785,0
1224799,0
1224834,0
1224874,0
1224911,0
1225013,0
1225077,0
1225136,0
1225141,0
1225247,0
1225352,0
1225385,0
1225525,0
1225549,0
1225653,0
1225688,0
1225725,0
1225770,0
1225836,0
1225886,0
1225959,0
1226007,0
1226108,0
1226176,0
1226196,0
1226198,0
1226302,0
1226382,0
1226406,0
1226452,0
1226529,0
1226578,0
1226656,0
1226669,0
1226720,0
1226765,0
1226779,0
1226928,0
1226935,0
1226937,0
1227027,0
1227032,0
1227059,0
1227127,0
1227144,0
1227212,0
1227390,0
1227485,0
1227514,0
1227553,0
1227577,0
1227587,0
1227629,0
1227714,0
1227716,0
1227919,0
1228080,0
1228092,0
1228098,0
1228148,0
1228177,0
1228193,0
1228200,0
1228263,0
1228308,0
1228377,0
1228385,0
1228393,0
1228405,0
1228511,0
1228581,0
1228620,0
1228653,0
1228684,0
1228888,0
1229009,0
1229058,0
1229059,0
1229165,0
1229180,0
1229206,0
1229333,0
1229418,0
1229454,0
1229469,0
1229497,0
1229532,0
1229539,0
1229559,0
1229582,0
1229591,0
1229608,0
1229680,0
1229711,0
1229723,0
1229744,0
1229875,0
1229953,0
1230149,0
1230238,0
1230289,0
1230313,0
1230434,0
1230471,0
1230482,0
1230494,0
1230516,0
1230596,0
1230610,0
1230784,0
1230808,0
1230837,0
1230859,0
1231010,0
1231018,0
1231049,0
1231056,0
1231057,0
1231128,0
1231153,0
1231169,0
1231287,0
1231383,0
1231420,0
1231473,0
1231477,0
1231509,0
1231555,0
1231563,0
1231627,0
1231640,0
1231759,0
1231849,0
1231909,0
1231929,0
1232012,0
1232201,0
1232248,0
1232272,0
1232273,0
1232319,0
1232383,0
1232473,0
1232488,0
1232624,0
1232686,0
1232776,0
1232852,0
1232856,0
1232908,0
1232937,0
1232982,0
1233000,0
1233002,0
1233003,0
1233018,0
1233079,0
1233172,0
1233246,0
1233288,0
1233296,0
1233361,0
1233383,0
1233395,0
1233422,0
1233443,0
1233451,0
1233539,0
1233579,0
1233590,0
1233666,0
1233706,0
1233727,0
1233840,0
1233847,0
1233886,0
1233960,0
1234033,0
1234120,0
1234142,0
1234206,0
1234222,0
1234227,0
1234248,0
1234452,0
1234461,0
1234481,0
1234751,0
1234865,0
1234918,0
1234994,0
1234995,0
1235091,0
1235161,0
1235220,0
1235266,0
1235291,0
1235334,0
1235350,0
1235503,0
1235563,0
1235578,0
1235689,0
1235704,0
1235857,0
1235923,0
1236049,0
1236090,0
1236138,0
1236164,0
1236182,0
1236311,0
1236315,0
1236377,0
1236385,0
1236440,0
1236627,0
1236678,0
1236710,0
1236747,0
1236757,0
1236893,0
1237009,0
1237019,0
1237027,0
1237086,0
1237179,0
1237213,0
1237249,0
1237305,0
1237361,0
1237372,0
1237445,0
1237446,0
1237503,0
1237576,0
1237717,0
1237750,0
1237756,0
1237827,0
1237832,0
1237852,0
1237904,0
1238014,0
1238025,0
1238115,0
1238192,0
1238197,0
1238358,0
1238417,0
1238468,0
1238624,0
1238682,0
1238685,0
1238781,0
1238801,0
1238836,0
1238928,0
1238984,0
1239082,0
1239218,0
1239260,0
1239279,0
1239327,0
1239426,0
1239436,0
1239438,0
1239493,0
1239543,0
1239652,0
1239770,0
1239775,0
1239883,0
1239888,0
1239905,0
1239913,0
1240207,0
1240435,0
1240472,0
1240492,0
1240503,0
1240511,0
1240629,0
1240717,0
1240782,0
1241055,0
1241118,0
1241151,0
1241173,0
1241250,0
1241327,0
1241331,0
1241420,0
1241500,0
1241524,0
1241575,0
1241679,0
1241709,0
1241735,0
1241907,0
1242055,0
1242159,0
1242262,0
1242308,0
1242365,0
1242498,0
1242643,0
1242697,0
1242742,0
1242808,0
1242901,0
1242940,0
1242959,0
1243167,0
1243309,0
1243401,0
1243437,0
1243462,0
1243508,0
1243521,0
1243663,0
1243830,0
1243964,0
1244016,0
1244021,0
1244141,0
1244149,0
1244195,0
1244212,0
1244381,0
1244392,0
1244463,0
1244488,0
1244503,0
1244549,0
1244560,0
1244563,0
1244629,0
1244661,0
1244837,0
1244941,0
1244998,0
1245025,0
1245043,0
1245085,0
1245159,0
1245169,0
1245170,0
1245182,0
1245218,0
1245274,0
1245323,0
1245324,0
1245331,0
1245454,0
1245498,0
1245597,0
1245747,0
1245794,0
1245821,0
1245864,0
1245883,0
1245898,0
1245927,0
1245940,0
1246205,0
1246207,0
1246327,0
1246338,0
1246394,0
1246631,0
1246825,0
1246861,0
1246903,0
1246973,0
1246975,0
1247031,0
1247035,0
1247300,0
1247329,0
1247345,0
1247367,0
1247377,0
1247408,0
1247415,0
1247432,0
1247435,0
1247588,0
1247638,0
1247685,0
1247767,0
1247812,0
1247886,0
1247921,0
1247928,0
1248018,0
1248069,0
1248088,0
1248154,0
1248175,0
1248181,0
1248283,0
1248293,0
1248305,0
1248502,0
1248532,0
1248560,0
1248590,0
1248605,0
1248613,0
1248634,0
1248636,0
1248722,0
1248784,0
1248787,0
1248805,0
1248847,0
1248929,0
1249025,0
1249049,0
1249074,0
1249204,0
1249414,0
1249450,0
1249543,0
1249618,0
1249687,0
1249714,0
1249802,0
1249873,0
1249875,0
1249888,0
1249891,0
1249910,0
1250075,0
1250119,0
1250173,0
1250292,0
1250302,0
1250344,0
1250362,0
1250524,0
1250528,0
1250604,0
1250661,0
1250745,0
1250747,0
1250774,0
1250825,0
1250876,0
1250916,0
1250921,0
1250997,0
1251027,0
1251081,0
1251088,0
1251096,0
1251150,0
1251173,0
1251332,0
1251357,0
1251447,0
1251529,0
1251561,0
1251572,0
1251575,0
1251648,0
1251779,0
1251787,0
1251789,0
1251805,0
1251811,0
1251897,0
1251899,0
1251938,0
1251962,0
1252081,0
1252109,0
1252241,0
1252270,0
1252371,0
1252380,0
1252431,0
1252501,0
1252592,0
1252642,0
1252707,0
1252814,0
1252818,0
1252836,0
1252842,0
1252968,0
1253130,0
1253189,0
1253199,0
1253267,0
1253322,0
1253378,0
1253396,0
1253468,0
1253490,0
1253502,0
1253503,0
1253644,0
1253657,0
1253661,0
1253716,0
1253728,0
1253823,0
1253844,0
1253884,0
1253893,0
1253910,0
1253922,0
1253974,0
1253986,0
1254003,0
1254015,0
1254047,0
1254149,0
1254170,0
1254260,0
1254395,0
1254421,0
1254437,0
1254478,0
1254589,0
1254616,0
1254686,0
1254735,0
1254827,0
1254896,0
1254926,0
1255024,0
1255045,0
1255102,0
1255192,0
1255199,0
1255246,0
1255276,0
1255361,0
1255369,0
1255380,0
1255457,0
1255526,0
1255536,0
1255537,0
1255617,0
1255664,0
1255680,0
1255690,0
1255746,0
1255780,0
1255791,0
1255933,0
1255989,0
1255990,0
1256035,0
1256091,0
1256175,0
1256192,0
1256216,0
1256234,0
1256258,0
1256313,0
1256344,0
1256465,0
1256583,0
1256634,0
1256657,0
1256672,0
1256708,0
1256743,0
1256747,0
1256844,0
1256853,0
1256898,0
1256987,0
1257008,0
1257117,0
1257169,0
1257210,0
1257255,0
1257318,0
1257352,0
1257361,0
1257390,0
1257464,0
1257551,0
1257719,0
1257744,0
1257792,0
1257823,0
1257930,0
1257999,0
1258016,0
1258042,0
1258098,0
1258134,0
1258188,0
1258233,0
1258347,0
1258352,0
1258422,0
1258546,0
1258566,0
1258626,0
1258684,0
1258738,0
1258761,0
1258834,0
1258980,0
1259079,0
1259301,0
1259314,0
1259395,0
1259403,0
1259490,0
1259542,0
1259593,0
1259605,0
1259618,0
1259712,0
1259806,0
1259831,0
1259834,0
1259845,0
1259980,0
1260098,0
1260187,0
1260211,0
1260293,0
1260409,0
1260460,0
1260554,0
1260558,0
1260604,0
1260667,0
1260745,0
1260791,0
1260829,0
1260837,0
1260841,0
1260869,0
1261059,0
1261077,0
1261104,0
1261170,0
1261378,0
1261407,0
1261447,0
1261624,0
1261695,0
1261706,0
1261763,0
1261801,0
1261908,0
1261977,0
1262222,0
1262233,0
1262264,0
1262462,0
1262484,0
1262501,0
1262548,0
1262560,0
1262611,0
1262615,0
1262634,0
1262643,0
1262725,0
1262744,0
1262764,0
1262765,0
1262779,0
1262816,0
1262922,0
1262993,0
1263172,0
1263186,0
1263350,0
1263530,0
1263561,0
1263565,0
1263773,0
1263936,0
1263943,0
1264020,0
1264037,0
1264040,0
1264048,0
1264101,0
1264128,0
1264179,0
1264199,0
1264227,0
1264246,0
1264255,0
1264265,0
1264266,0
1264293,0
1264351,0
1264468,0
1264491,0
1264517,0
1264852,0
1264904,0
1265009,0
1265840,0
1265842,0
1265872,0
1265873,0
1265923,0
1265931,0
1265984,0
1265993,0
1266002,0
1266080,0
1266099,0
1266116,0
1266203,0
1266239,0
1266397,0
1266570,0
1266684,0
1266723,0
1266724,0
1266733,0
1266926,0
1266967,0
1266987,0
1267062,0
1267094,0
1267100,0
1267129,0
1267163,0
1267203,0
1267261,0
1267342,0
1267343,0
1267399,0
1267439,0
1267470,0
1267594,0
1267650,0
1267678,0
1267776,0
1267792,0
1267816,0
1267835,0
1267867,0
1267967,0
1267969,0
1268038,0
1268128,0
1268180,0
1268239,0
1268353,0
1268435,0
1268508,0
1268521,0
1268530,0
1268540,0
1268547,0
1268668,0
1268770,0
1268788,0
1268862,0
1268888,0
1268939,0
1268959,0
1268963,0
1269089,0
1269152,0
1269168,0
1269346,0
1269353,0
1269380,0
1269394,0
1269397,0
1269478,0
1269491,0
1269555,0
1269619,0
1269627,0
1269724,0
1269732,0
1269747,0
1269750,0
1269875,0
1269880,0
1269918,0
1269972,0
1270009,0
1270059,0
1270162,0
1270303,0
1270323,0
1270513,0
1270670,0
1270676,0
1270753,0
1270790,0
1270794,0
1270904,0
1271037,0
1271065,0
1271101,0
1271143,0
1271246,0
1271267,0
1271285,0
1271480,0
1271498,0
1271546,0
1271640,0
1271775,0
1271795,0
1271894,0
1271915,0
1271920,0
1271996,0
1272058,0
1272088,0
1272117,0
1272165,0
1272212,0
1272222,0
1272336,0
1272343,0
1272453,0
1272590,0
1272632,0
1272638,0
1272672,0
1272722,0
1272761,0
1272913,0
1272958,0
1273020,0
1273027,0
1273067,0
1273069,0
1273085,0
1273100,0
1273134,0
1273183,0
1273207,0
1273209,0
1273231,0
1273314,0
1273332,0
1273368,0
1273393,0
1273458,0
1273494,0
1273554,0
1273561,0
1273595,0
1273602,0
1273666,0
1273698,0
1273732,0
1273756,0
1273845,0
1273910,0
1273919,0
1273936,0
1274004,0
1274169,0
1274236,0
1274282,0
1274347,0
1274365,0
1274417,0
1274427,0
1274476,0
1274524,0
1274556,0
1274630,0
1274635,0
1274701,0
1274728,0
1274739,0
1274760,0
1274783,0
1274796,0
1274809,0
1274840,0
1274982,0
1275033,0
1275050,0
1275064,0
1275068,0
1275079,0
1275102,0
1275120,0
1275170,0
1275427,0
1275436,0
1275583,0
1275703,0
1275768,0
1275791,0
1275894,0
1275944,0
1276072,0
1276105,0
1276110,0
1276202,0
1276208,0
1276239,0
1276243,0
1276341,0
1276357,0
1276378,0
1276410,0
1276478,0
1276498,0
1276553,0
1276589,0
1276618,0
1276622,0
1276695,0
1276779,0
1276823,0
1276848,0
1276876,0
1276966,0
1276991,0
1277049,0
1277056,0
1277084,0
1277210,0
1277312,0
1277351,0
1277394,0
1277396,0
1277406,0
1277738,0
1277745,0
1277794,0
1278023,0
1278024,0
1278046,0
1278085,0
1278104,0
1278212,0
1278302,0
1278340,0
1278347,0
1278360,0
1278372,0
1278452,0
1278556,0
1278566,0
1278598,0
1278661,0
1278682,0
1278801,0
1278849,0
1278866,0
1278878,0
1278923,0
1279009,0
1279020,0
1279119,0
1279338,0
1279365,0
1279461,0
1279476,0
1279516,0
1279533,0
1279582,0
1279642,0
1279730,0
1279768,0
1279773,0
1279805,0
1279846,0
1279889,0
1280022,0
1280080,0
1280086,0
1280153,0
1280158,0
1280322,0
1280342,0
1280445,0
1280481,0
1280578,0
1280589,0
1280600,0
1280694,0
1280721,0
1280792,0
1280862,0
1280873,0
1280945,0
1281015,0
1281090,0
1281201,0
1281233,0
1281254,0
1281292,0
1281304,0
1281316,0
1281372,0
1281418,0
1281440,0
1281661,0
1281678,0
1281851,0
1281994,0
1282031,0
1282082,0
1282103,0
1282222,0
1282230,0
1282281,0
1282295,0
1282344,0
1282469,0
1282514,0
1282604,0
1282802,0
1282818,0
1282901,0
1283123,0
1283151,0
1283348,0
1283397,0
1283485,0
1283552,0
1283596,0
1283627,0
1283735,0
1283739,0
1283827,0
1283852,0
1283869,0
1283902,0
1283903,0
1283976,0
1284076,0
1284189,0
1284339,0
1284355,0
1284478,0
1284544,0
1284873,0
1284901,0
1285010,0
1285015,0
1285021,0
1285065,0
1285118,0
1285184,0
1285279,0
1285594,0
1285637,0
1285679,0
1285747,0
1285877,0
1285955,0
1286087,0
1286225,0
1286226,0
1286334,0
1286379,0
1286602,0
1286647,1
1286737,0
1286789,0
1286795,0
1286872,0
1286996,0
1287178,0
1287180,0
1287329,0
1287362,0
1287385,0
1287408,0
1287421,0
1287536,0
1287578,0
1287582,0
1287672,0
1287680,0
1287876,0
1287891,0
1288022,0
1288031,0
1288076,0
1288263,0
1288339,0
1288566,0
1288609,0
1288631,0
1288683,0
1288717,0
1288718,0
1288763,0
1288917,0
1288930,0
1288942,0
1289146,0
1289271,0
1289412,0
1289413,0
1289445,0
1289519,0
1289566,0
1289577,0
1289695,0
1289707,0
1289727,0
1289774,0
1289776,0
1289799,0
1289803,0
1289843,0
1289940,0
1290015,0
1290240,0
1290340,0
1290347,0
1290416,0
1290432,0
1290556,0
1290631,0
1290973,0
1291038,0
1291077,0
1291131,0
1291141,0
1291196,0
1291317,0
1291432,0
1291582,0
1291646,0
1291674,0
1291756,0
1291920,0
1291947,0
1291985,0
1292138,0
1292306,0
1292347,0
1292387,0
1292428,0
1292492,0
1292539,0
1292692,0
1292756,0
1292785,0
1292826,0
1292872,0
1292885,0
1292886,0
1293043,0
1293044,0
1293066,0
1293097,0
1293126,0
1293145,0
1293227,0
1293255,0
1293339,0
1293409,0
1293491,0
1293549,0
1293617,0
1293708,0
1293839,0
1294008,0
1294253,0
1294285,0
1294300,0
1294535,0
1294557,0
1294559,0
1294627,0
1294734,0
1294741,0
1294807,0
1294808,0
1294858,0
1294908,0
1294917,0
1294941,0
1295043,0
1295052,0
1295057,0
1295109,0
1295137,0
1295146,0
1295484,0
1295529,0
1295572,0
1295622,0
1295639,0
1295664,0
1295768,0
1295849,0
1296003,0
1296160,0
1296195,0
1296214,0
1296216,0
1296329,0
1296465,0
1296517,0
1296752,0
1296767,0
1296930,0
1296995,0
1297140,0
1297146,0
1297178,0
1297300,0
1297303,0
1297447,0
1297454,0
1297507,0
1297528,0
1297575,0
1297665,0
1297686,0
1297697,0
1297876,0
1298024,0
1298037,0
1298196,0
1298224,0
1298261,0
1298344,0
1298350,0
1298492,0
1298534,0
1298605,0
1298618,0
1298692,0
1298720,0
1298836,0
1298851,0
1299044,0
1299187,0
1299252,0
1299334,0
1299360,0
1299373,0
1299395,0
1299427,0
1299500,0
1299675,0
1299690,0
1299702,0
1299760,0
1299822,0
1299829,0
1299831,0
1299891,0
1299933,0
1299947,0
1300000,0
1300034,0
1300048,0
1300117,0
1300199,0
1300359,0
1300377,0
1300677,0
1300804,0
1300862,0
1301178,0
1301279,0
1301312,0
1301381,0
1301437,0
1301458,0
1301460,0
1301469,0
1301578,0
1301725,0
1301751,0
1301764,0
1301871,0
1301885,0
1302004,0
1302093,0
1302291,0
1302401,0
1302490,0
1302618,0
1302750,0
1302787,0
1302788,0
1302950,0
1303037,0
1303059,0
1303167,0
1303210,0
1303281,0
1303295,0
1303386,0
1303431,0
1303635,0
1303706,0
1303713,0
1303973,0
1304156,0
1304177,0
1304187,0
1304234,0
1304383,0
1304622,0
1304686,0
1304702,0
1304718,0
1304748,0
1304867,0
1304968,0
1304986,0
1305142,0
1305251,0
1305252,0
1305255,0
1305502,0
1305574,0
1305580,0
1305593,0
1305766,0
1305786,0
1305864,0
1305870,0
1306080,0
1306315,0
1306316,0
1306436,0
1306548,0
1306641,0
1306674,0
1306684,0
1306734,0
1306745,0
1306750,0
1306785,0
1306790,0
1306808,0
1306961,0
1306974,0
1306983,0
1307205,0
1307277,0
1307354,0
1307462,0
1307475,0
1307639,0
1307690,0
1307950,0
1307960,0
1308135,0
1308161,0
1308319,0
1308373,0
1308454,0
1308600,0
1308633,0
1308686,0
1308772,0
1308874,0
1308876,0
1308957,0
1309089,0
1309091,0
1309135,0
1309218,0
1309446,0
1309477,0
1309592,0
1309594,0
1309600,0
1309743,0
1309915,0
1309925,0
1310092,0
1310181,0
1310325,0
1310339,0
1310347,0
1310361,0
1310400,0
1310447,0
1310477,0
1310604,0
1310664,0
1310718,0
1310857,0
1310877,0
1310892,0
1311070,0
1311186,0
1311218,0
1311225,0
1311275,0
1311276,0
1311286,0
1311292,0
1311435,0
1311538,0
1311613,0
1311642,0
1311679,0
1311696,0
1311773,0
1311840,0
1311878,0
1311884,0
1312009,0
1312022,0
1312085,0
1312113,0
1312173,0
1312220,0
1312270,0
1312421,0
1312523,0
1312533,0
1312579,0
1312590,0
1312611,0
1312836,0
1312999,0
1313040,0
1313259,0
1313381,0
1313546,0
1313580,0
1313582,0
1313681,0
1313890,0
1314128,0
1314138,0
1314191,0
1314243,0
1314258,0
1314312,0
1314328,0
1314539,0
1314651,0
1314770,0
1314787,0
1314815,0
1314853,0
1315048,0
1315061,0
1315117,0
1315182,0
1315414,0
1315450,0
1315460,0
1315529,0
1315595,0
1315597,0
1315627,0
1315783,0
1315787,0
1315793,0
1315898,0
1315901,0
1315944,0
1315946,0
1316131,0
1316132,0
1316173,0
1316184,0
1316207,0
1316278,0
1316477,0
1316595,0
1316732,0
1316822,0
1316836,0
1316855,0
1316856,0
1316986,0
1317059,0
1317112,0
1317128,0
1317339,0
1317437,0
1317719,0
1317884,0
1317915,0
1317932,0
1317944,0
1318010,0
1318067,0
1318134,0
1318186,0
1318208,0
1318235,0
1318271,0
1318339,0
1318406,0
1318486,0
1318520,0
1318581,0
1318659,0
1318704,0
1318763,0
1318766,0
1318828,0
1318831,0
1318889,0
1318906,0
1318944,0
1318985,0
1319097,0
1319228,0
1319263,0
1319318,0
1319333,0
1319355,0
1319418,0
1319511,0
1319647,0
1319876,0
1319894,0
1319923,0
1319992,0
1320038,0
1320195,0
1320207,0
1320376,0
1320396,0
1320465,0
1320478,0
1320551,0
1320635,0
1320690,0
1320708,0
1320709,0
1320771,0
1320829,0
1320868,0
1320955,0
1321059,0
1321073,0
1321382,0
1321388,0
1321415,0
1321569,0
1321608,0
1321680,0
1321847,0
1321972,0
1321973,0
1322026,0
1322106,0
1322115,0
1322168,0
1322435,0
1322544,0
1322740,0
1322782,0
1322829,0
1322911,0
1322948,0
1323052,0
1323065,0
1323129,0
1323272,0
1323377,0
1323389,0
1323558,0
1323596,0
1323711,0
1323740,0
1323763,0
1323807,0
1323837,0
1323886,0
1323984,0
1324228,0
1324348,0
1324397,0
1324412,0
1324484,0
1324516,0
1324595,0
1324600,0
1324737,0
1324816,0
1324873,0
1324967,0
1325029,0
1325043,0
1325242,0
1325259,0
1325336,0
1325340,0
1325556,0
1325831,0
1325896,0
1325902,0
1325933,0
1326035,0
1326047,0
1326091,0
1326313,0
1326412,0
1326587,0
1326621,0
1326795,0
1326869,0
1326924,0
1327216,0
1327235,0
1327246,0
1327325,0
1327401,0
1327458,0
1327501,0
1327565,0
1327622,0
1327679,0
1327813,0
1328005,0
1328111,0
1328177,0
1328351,0
1328359,0
1328381,0
1328390,0
1328526,0
1328620,0
1328631,0
1328791,0
1328817,0
1328881,0
1328981,0
1329020,0
1329059,0
1329148,0
1329170,0
1329197,0
1329357,0
1329424,0
1329550,0
1329600,0
1329669,0
1329693,0
1329785,0
1329807,0
1330017,0
1330214,0
1330270,0
1330284,0
1330334,0
1330579,0
1330696,0
1330709,0
1330753,0
1330864,0
1330967,0
1330994,0
1331149,0
1331243,0
1331359,0
1331424,0
1331740,0
1331769,0
1331907,0
1332014,0
1332124,0
1332133,0
1332249,0
1332398,0
1332524,0
1332573,0
1332819,0
1332878,0
1332885,0
1333036,0
1333281,0
1333327,0
1333334,0
1333338,0
1333384,0
1333428,0
1333450,0
1333498,0
1333986,0
1334097,0
1334101,0
1334126,0
1334142,0
1334182,0
1334201,0
1334212,0
1334488,0
1334494,0
1334556,0
1334562,0
1334573,0
1334602,0
1334611,0
1334613,0
1334633,0
1334642,0
1334662,0
1334804,0
1334851,0
1334950,0
1335009,0
1335042,0
1335065,0
1335093,0
1335204,0
1335285,0
1335329,0
1335381,0
1335538,0
1335550,0
1335561,0
1335579,0
1335580,0
1335613,0
1335647,0
1335657,0
1335755,0
1335758,0
1335799,0
1335860,0
1335861,0
1336004,0
1336068,0
1336085,0
1336153,0
1336235,0
1336546,0
1336600,0
1336611,0
1336660,0
1336722,0
1336828,0
1336829,0
1336898,0
1337395,0
1337485,0
1337607,0
1337698,0
1337894,0
1338015,0
1338054,0
1338282,0
1338287,0
1338334,0
1338344,0
1338521,0
1338522,0
1338580,0
1338595,0
1338802,0
1338872,0
1339021,0
1339054,0
1339113,0
1339179,0
1339226,0
1339267,0
1339326,0
1339366,0
1339385,0
1339436,0
1339488,0
1339515,0
1339529,0
1339566,0
1339974,0
1339993,0
1340039,0
1340199,0
1340270,0
1340493,0
1340633,0
1340649,0
1340683,0
1340731,0
1340815,0
1340990,0
1341294,0
1341509,0
1341907,0
1342031,0
1342145,0
1342167,0
1342216,0
1342228,0
1342298,0
1342347,0
1342399,0
1342456,0
1342464,0
1342474,0
1342566,0
1342641,0
1342741,0
1342917,0
1342947,0
1342949,0
1343056,0
1343060,0
1343265,0
1343325,0
1343446,0
1343546,0
1343585,0
1343606,0
1343614,0
1343773,0
1343873,0
1343881,0
1343910,0
1344036,0
1344124,0
1344182,0
1344249,0
1344330,0
1344524,0
1344718,0
1344753,0
1344868,0
1344907,0
1344909,0
1344926,0
1345096,0
1345387,0
1345665,0
1345675,0
1345769,0
1345883,0
1345965,0
1345981,0
1346123,0
1346150,0
1346304,0
1346451,0
1346564,0
1346578,0
1346661,0
1346685,0
1346697,0
1346719,0
1346758,0
1346803,0
1346860,0
1346970,0
1347054,0
1347075,0
1347081,0
1347082,0
1347091,0
1347114,0
1347445,0
1347489,0
1347537,0
1347564,0
1347634,0
1347655,0
1347668,0
1347802,0
1347817,0
1347819,0
1347892,0
1348050,0
1348057,0
1348066,0
1348097,0
1348181,0
1348204,0
1348381,0
1348383,0
1348640,0
1348800,0
1348823,0
1348837,0
1349131,0
1349362,0
1349392,0
1349431,0
1349495,0
1349972,0
1350040,0
1350063,0
1350069,0
1350127,0
1350144,0
1350301,0
1350319,0
1350458,0
1350651,0
1350892,0
1350931,0
1350961,0
1350975,0
1351017,0
1351156,0
1351418,0
1351481,0
1351618,0
1351650,0
1351651,0
1351828,0
1351989,0
1352177,0
1352194,0
1352420,0
1352503,0
1352530,0
1352558,0
1352629,0
1352650,0
1352783,0
1352803,0
1352859,0
1352892,0
1353077,0
1353372,0
1353464,0
1353522,0
1353652,0
1353885,0
1354142,0
1354145,0
1354169,0
1354233,0
1354320,0
1354381,0
1354442,0
1354498,0
1354503,0
1354700,0
1354937,0
1355075,0
1355079,0
1355253,0
1355259,0
1355378,0
1355391,0
1355425,0
1355458,0
1355468,0
1355496,0
1355520,0
1355552,0
1355555,0
1355752,0
1355836,0
1355954,0
1355996,0
1356102,0
1356109,0
1356148,0
1356376,0
1356432,0
1356435,0
1356547,0
1356603,0
1356621,0
1356665,0
1356771,0
1356789,0
1356880,0
1356952,0
1357018,0
1357083,0
1357106,0
1357114,0
1357213,0
1357250,0
1357568,0
1357595,0
1357605,0
1357615,0
1357707,0
1357765,0
1357837,0
1357942,0
1357970,0
1358038,0
1358039,0
1358198,0
1358282,0
1358308,0
1358315,0
1358466,0
1358653,0
1358681,0
1358947,0
1359024,0
1359160,0
1359166,0
1359194,0
1359248,0
1359273,0
1359285,0
1359288,0
1359341,0
1359358,0
1359368,0
1359400,0
1359515,0
1359546,0
1359572,0
1359591,0
1359993,0
1360025,0
1360094,0
1360160,0
1360289,0
1360367,0
1360460,0
1360493,0
1360590,0
1360688,0
1360767,0
1360779,0
1360836,0
1360865,0
1360906,0
1360954,0
1361151,0
1361357,0
1361375,0
1361408,0
1361420,0
1361465,0
1361527,0
1361552,0
1361588,0
1361676,0
1361721,0
1361742,0
1361777,0
1361917,0
1362047,0
1362081,0
1362103,0
1362153,0
1362182,0
1362509,0
1362609,0
1362716,0
1362833,0
1363068,0
1363139,0
1363167,0
1363180,0
1363221,0
1363534,0
1363541,0
1363626,0
1363683,0
1363693,0
1363705,0
1363755,0
1363776,0
1363927,0
1363943,0
1363969,0
1363990,0
1364119,0
1364349,0
1364538,0
1364553,0
1364680,0
1364975,0
1364978,0
1365121,0
1365350,0
1365404,0
1365442,0
1365671,0
1365673,0
1365684,0
1365687,0
1365796,0
1365840,0
1365888,0
1365953,0
1365977,0
1366149,0
1366159,0
1366298,0
1366378,0
1366534,0
1366857,0
1366858,0
1366876,0
1366896,0
1366937,0
1366983,0
1367000,0
1367086,0
1367146,0
1367310,0
1367318,0
1367492,0
1367529,0
1367860,0
1367893,0
1368041,0
1368138,0
1368201,0
1368244,0
1368335,0
1368336,0
1368392,0
1368439,0
1368456,0
1368499,0
1368545,0
1368566,0
1368579,0
1368650,0
1368975,0
1368992,0
1369073,0
1369098,0
1369108,0
1369119,0
1369128,0
1369135,0
1369163,0
1369174,0
1369194,0
1369351,0
1369366,0
1369458,0
1369472,0
1369521,0
1369564,0
1369806,0
1369827,0
1369911,0
1369965,0
1369975,0
1369988,0
1370017,0
1370022,0
1370118,0
1370330,0
1370361,0
1370468,0
1370479,0
1370481,0
1370658,0
1370693,0
1370720,0
1370754,0
1370819,0
1370847,0
1370935,0
1370971,0
1371151,0
1371284,0
1371343,0
1371353,0
1371387,0
1371679,0
1371822,0
1371898,0
1371904,0
1371918,0
1371959,0
1372173,0
1372234,0
1372316,0
1372325,0
1372353,0
1372461,0
1372510,0
1372548,0
1372688,0
1372723,0
1372744,0
1372750,0
1372756,0
1372786,0
1372883,0
1372927,0
1372956,0
1373096,0
1373397,0
1373540,0
1373563,0
1373625,0
1373735,0
1373875,0
1374025,0
1374134,0
1374169,0
1374288,0
1374360,0
1374411,0
1374770,0
1374936,0
1374956,0
1375022,0
1375050,0
1375067,0
1375168,0
1375220,0
1375230,0
1375234,0
1375279,0
1375386,0
1375412,0
1375443,0
1375507,0
1375569,0
1375579,0
1375711,0
1375908,0
1375962,0
1375990,0
1375992,0
1376060,0
1376089,0
1376131,0
1376172,0
1376223,0
1376364,0
1376426,0
1376477,0
1376633,0
1376713,0
1376717,0
1376867,0
1377068,0
1377084,0
1377163,0
1377552,0
1377741,0
1377777,0
1377908,0
1378111,0
1378209,0
1378289,0
1378331,0
1378352,0
1378396,0
1378406,0
1378425,0
1378547,0
1378638,0
1378695,0
1378799,0
1378823,0
1378824,0
1378892,0
1378941,0
1378980,0
1379090,0
1379112,0
1379126,0
1379176,0
1379181,0
1379206,0
1379274,0
1379301,0
1379443,0
1379467,0
1379543,0
1379580,0
1379610,0
1379650,0
1379693,0
1379707,0
1379732,0
1379742,0
1379758,0
1379951,0
1379990,0
1380072,0
1380133,0
1380190,0
1380396,0
1380474,0
1380536,0
1380538,0
1380583,0
1380585,0
1380630,0
1380641,0
1380695,0
1380698,0
1380699,0
1380755,0
1380756,0
1381104,0
1381303,0
1381333,0
1381391,0
1381506,0
1381593,0
1381871,0
1381873,0
1381890,0
1381922,0
1381938,0
1382015,0
1382023,0
1382094,0
1382097,0
1382213,0
1382255,0
1382360,0
1382388,0
1382583,0
1382586,0
1382590,0
1382625,0
1382642,0
1382777,0
1382785,0
1382873,0
1382901,0
1383047,0
1383092,0
1383208,0
1383285,0
1383320,0
1383360,0
1383364,0
1383367,0
1383418,0
1383471,0
1383502,0
1383504,0
1383648,0
1383698,0
1383716,0
1383836,0
1383878,0
1383894,0
1383922,0
1383926,0
1383976,0
1384084,0
1384085,0
1384087,0
1384133,0
1384180,0
1384199,0
1384483,0
1384486,0
1384541,0
1384561,0
1384617,0
1384777,0
1385368,0
1385433,0
1385484,0
1385566,0
1385609,0
1385721,0
1385775,0
1385883,0
1385906,0
1385955,0
1385983,0
1385985,0
1386044,0
1386122,0
1386277,0
1386403,0
1386531,0
1386653,0
1386656,0
1386673,0
1386733,0
1386877,0
1386892,0
1386926,0
1386936,0
1386994,0
1387207,0
1387366,0
1387411,0
1387501,0
1387675,0
1387704,0
1387796,0
1387799,0
1388063,0
1388194,0
1388324,0
1388369,0
1388382,0
1388451,0
1388489,0
1388532,0
1388566,0
1388617,0
1388695,0
1388743,0
1388760,0
1388840,0
1388887,0
1388892,0
1388897,0
1388918,0
1389122,0
1389311,0
1389438,0
1389481,0
1389498,0
1389554,0
1389714,0
1389737,0
1389920,0
1389959,0
1389979,0
1390032,0
1390104,0
1390203,0
1390235,0
1390409,0
1390524,0
1390693,0
1390749,0
1390859,0
1390956,0
1390965,0
1390987,0
1391241,0
1391326,0
1391338,0
1391396,0
1391439,0
1391448,0
1391513,0
1391613,0
1391833,0
1391992,0
1392116,0
1392203,0
1392204,0
1392268,0
1392284,0
1392324,0
1392329,0
1392350,0
1392403,0
1392605,0
1392668,0
1392676,0
1392858,0
1392889,0
1392915,0
1393084,0
1393108,0
1393189,0
1393191,0
1393237,0
1393312,0
1393318,0
1393358,0
1393450,0
1393488,0
1393494,0
1393606,0
1393613,0
1393645,0
1393716,0
1393795,0
1393804,0
1394081,0
1394115,0
1394164,0
1394222,0
1394243,0
1394283,0
1394338,0
1394350,0
1394422,0
1394501,0
1394599,0
1394684,0
1394698,0
1394823,0
1394976,0
1395000,0
1395033,0
1395101,0
1395168,0
1395251,0
1395618,0
1395647,0
1395648,0
1395807,0
1395919,0
1395987,0
1395989,0
1396004,0
1396116,0
1396211,0
1396257,0
1396364,0
1396458,0
1396574,0
1396614,0
1396668,0
1396709,0
1396732,0
1396789,0
1396808,0
1396867,0
1396888,0
1396902,0
1396903,0
1396926,0
1397120,0
1397130,0
1397289,0
1397392,0
1397418,0
1397646,0
1397731,0
1398081,0
1398088,0
1398162,0
1398282,0
1398348,0
1398404,0
1398476,0
1398492,0
1398895,0
1398986,0
1399081,0
1399234,0
1399607,0
1399750,0
1399761,0
1399843,0
1399947,0
1399953,0
1400129,0
1400131,0
1400185,0
1400273,0
1400300,0
1400598,0
1400640,0
1400743,0
1400747,0
1400771,0
1400774,0
1400781,0
1400799,0
1400815,0
1400824,0
1400953,0
1400969,0
1400991,0
1401049,0
1401110,0
1401185,0
1401554,0
1401968,0
1401970,0
1402071,0
1402135,0
1402303,0
1402304,0
1402314,0
1402337,0
1402341,0
1402408,0
1402438,0
1402532,0
1402584,0
1402688,0
1402697,0
1402737,0
1402797,0
1402910,0
1402937,0
1402956,0
1402963,0
1403087,0
1403098,0
1403145,0
1403295,0
1403415,0
1403565,0
1403610,0
1403673,0
1403714,0
1403789,0
1403930,0
1404001,0
1404077,0
1404127,0
1404145,0
1404154,0
1404179,0
1404277,0
1404393,0
1404499,0
1404546,0
1404624,0
1404776,0
1404779,0
1404784,0
1404839,0
1404854,0
1404869,0
1405046,0
1405148,0
1405224,0
1405264,0
1405333,0
1405350,0
1405367,0
1405445,0
1405477,0
1405550,0
1405558,0
1405580,0
1405591,0
1405599,0
1405602,0
1405672,0
1405682,0
1405781,0
1405851,0
1405925,0
1406060,0
1406125,0
1406215,0
1406299,0
1406316,0
1406478,0
1406501,0
1406543,0
1406585,0
1406607,0
1406627,0
1406694,0
1406720,0
1406742,0
1406889,0
1406923,0
1407024,0
1407099,0
1407232,0
1407309,0
1407345,0
1407405,0
1407456,0
1407646,0
1407656,0
1407717,0
1407838,0
1407857,0
1408182,0
1408217,0
1408397,0
1408736,0
1408750,0
1408786,0
1408789,0
1409080,0
1409109,0
1409167,0
1409202,0
1409264,0
1409310,0
1409317,0
1409352,0
1409400,0
1409457,0
1409594,0
1409618,0
1409630,0
1409686,0
1409687,0
1409708,0
1409767,0
1410001,0
1410018,0
1410089,0
1410122,0
1410187,0
1410202,0
1410258,0
1410276,0
1410280,0
1410331,0
1410356,0
1410360,0
1410420,0
1410484,0
1410542,0
1410562,0
1410656,0
1410747,0
1410774,0
1410879,0
1410885,0
1410944,0
1411075,0
1411079,0
1411186,0
1411527,0
1411574,0
1411793,0
1412258,0
1412401,0
1412421,0
1412585,0
1412669,0
1412753,0
1412779,0
1413020,0
1413025,0
1413047,0
1413076,0
1413311,0
1413447,0
1413451,0
1413466,0
1413519,0
1413544,0
1413644,0
1413710,0
1413825,0
1414070,0
1414140,0
1414270,0
1414363,0
1414410,0
1414435,0
1414514,0
1414644,0
1414713,0
1414723,0
1414728,0
1414758,0
1414773,0
1415122,0
1415288,0
1415384,0
1415385,0
1415704,0
1415731,0
1415813,0
1415924,0
1416005,0
1416073,0
1416100,0
1416182,0
1416298,0
1416797,0
1416868,0
1416879,0
1416925,0
1416932,0
1416957,0
1417063,0
1417284,0
1417344,0
1417430,0
1417562,0
1417603,0
1417684,0
1417699,0
1417706,1
1417718,0
1417770,0
1417822,0
1417986,0
1418007,0
1418019,0
1418061,0
1418233,0
1418368,0
1418372,0
1418524,0
1418550,0
1418616,0
1418622,0
1418782,0
1418829,0
1418878,0
1418975,0
1419072,0
1419102,0
1419117,0
1419207,0
1419262,0
1419332,0
1419376,0
1419394,0
1419482,0
1419618,0
1419807,0
1419875,0
1419886,0
1419948,0
1419961,0
1420046,0
1420081,0
1420152,0
1420424,0
1420488,0
1420717,0
1421035,0
1421230,0
1421257,0
1421352,0
1421599,0
1421929,0
1421937,0
1422054,0
1422144,0
1422271,0
1422289,0
1422375,0
1422565,0
1422713,0
1422922,0
1422935,0
1423008,0
1423102,0
1423172,0
1423205,0
1423253,0
1423428,0
1423470,0
1423680,0
1423689,0
1423858,0
1424091,0
1424203,0
1424211,0
1424365,0
1424507,0
1424557,0
1424797,0
1424913,0
1424952,0
1424973,0
1425133,0
1425166,0
1425198,0
1425355,0
1425356,0
1425406,0
1425725,0
1425835,0
1425935,0
1425949,0
1425953,0
1425972,0
1426042,0
1426165,0
1426223,0
1426299,0
1426477,0
1426585,0
1426808,0
1426859,0
1426920,0
1426957,0
1427267,0
1427271,0
1427282,0
1427341,0
1427401,0
1427488,0
1427491,0
1427584,0
1427665,0
1427861,0
1427951,0
1428105,0
1428144,0
1428186,0
1428399,0
1428460,0
1428515,0
1428663,0
1428706,0
1428873,0
1428942,0
1428953,0
1428961,0
1429060,0
1429151,0
1429165,0
1429281,0
1429394,0
1429408,0
1429571,0
1429579,0
1429744,0
1429906,0
1430105,0
1430111,0
1430168,0
1430233,0
1430398,0
1430458,0
1430468,0
1430852,0
1430898,0
1430902,0
1431105,0
1431167,0
1431605,0
1431615,0
1431619,0
1431724,0
1431794,0
1431911,0
1431944,0
1431981,0
1432294,0
1432358,0
1432546,0
1432564,0
1432589,0
1432755,0
1432913,0
1432962,0
1432987,0
1433029,0
1433047,0
1433101,0
1433154,0
1433163,0
1433199,0
1433240,0
1433248,0
1433279,0
1433357,0
1433368,0
1433412,0
1433511,0
1433676,0
1433722,0
1433856,0
1434075,0
1434083,0
1434088,0
1434348,0
1434351,0
1434456,0
1434508,0
1434524,0
1434654,0
1434896,0
1434942,0
1434971,0
1435004,0
1435057,0
1435170,0
1435241,0
1435267,0
1435282,0
1435291,0
1435355,0
1435363,0
1435406,0
1435426,0
1435475,0
1435562,0
1435707,0
1435785,0
1435894,0
1436034,0
1436325,0
1436329,0
1436412,0
1436553,0
1436566,0
1436638,0
1436669,0
1436709,0
1436765,0
1436885,0
1437028,0
1437056,0
1437137,0
1437268,0
1437296,0
1437331,0
1437355,0
1437528,0
1437607,0
1438051,0
1438061,0
1438175,0
1438286,0
1438306,0
1438324,0
1438328,0
1438475,0
1438852,0
1438912,0
1439106,0
1439359,0
1439390,0
1439408,0
1439429,0
1439557,0
1439631,0
1439653,0
1439667,0
1439676,0
1439861,0
1439901,0
1440127,0
1440265,0
1440271,0
1440359,0
1440395,0
1440438,0
1440563,0
1440576,0
1440603,0
1440805,0
1440845,0
1440864,0
1441108,0
1441307,0
1441328,0
1441384,0
1441660,0
1441777,0
1441969,0
1442129,0
1442262,0
1442300,0
1442494,0
1442786,0
1442856,0
1443096,0
1443156,0
1443175,0
1443187,0
1443245,0
1443298,0
1443387,0
1443510,0
1443614,0
1443700,0
1443721,0
1443723,0
1443846,0
1443926,0
1444069,0
1444091,0
1444122,0
1444356,0
1444522,0
1444534,0
1444793,0
1444867,0
1444897,0
1445030,0
1445095,0
1445104,0
1445108,0
1445158,0
1445317,0
1445337,0
1445383,0
1445417,0
1445470,0
1445810,0
1445814,0
1445876,0
1445901,0
1445951,0
1445971,0
1446120,0
1446144,0
1446519,0
1446539,0
1446605,0
1446612,0
1446776,0
1446803,0
1446914,0
1446921,0
1447098,0
1447124,0
1447228,0
1447296,0
1447355,0
1447411,0
1447469,0
1447475,0
1447498,0
1447544,0
1447582,0
1447607,0
1447627,0
1447838,0
1447916,0
1447964,0
1448003,0
1448113,0
1448153,0
1448186,0
1448195,0
1448298,0
1448403,0
1448491,0
1448517,0
1448521,0
1448699,0
1448841,0
1448998,0
1449023,0
1449191,0
1449203,0
1449323,0
1449337,0
1449370,0
1449429,0
1449433,0
1449680,0
1449694,0
1449845,0
1449904,0
1450050,0
1450101,0
1450199,0
1450980,0
1451047,0
1451172,0
1451297,0
1451329,0
1451687,0
1451754,0
1451906,0
1451966,0
1452193,0
1452225,0
1452237,0
1452268,0
1452303,0
1452365,0
1452431,0
1452467,0
1452519,0
1452571,0
1452591,0
1452608,0
1452618,0
1452758,0
1452794,0
1452977,0
1453121,0
1453239,0
1453246,0
1453273,0
1453697,0
1453800,0
1453983,0
1454044,0
1454200,0
1454246,0
1454474,0
1454535,0
1454581,0
1454616,0
1454650,0
1454687,0
1454694,0
1454879,0
1454880,0
1455037,0
1455197,0
1455274,0
1455362,0
1455468,0
1455515,0
1455780,0
1455904,0
1456004,0
1456147,0
1456218,0
1456339,0
1456411,0
1456462,0
1456468,0
1456579,0
1456583,0
1456770,0
1456936,0
1456995,0
1457002,0
1457017,0
1457145,0
1457271,0
1457456,0
1457691,0
1457800,0
1457831,0
1457979,0
1458075,0
1458231,0
1458244,0
1458371,0
1458524,0
1458780,0
1458877,0
1458885,0
1458893,0
1458922,0
1459141,0
1459203,0
1459513,0
1459529,0
1459600,0
1459707,0
1459710,0
1459720,0
1459736,0
1459759,0
1459843,0
1459962,0
1460028,0
1460050,0
1460091,0
1460152,0
1460169,0
1460337,0
1460410,0
1460469,0
1460612,0
1460614,0
1460897,0
1460933,0
1460982,0
1461020,0
1461220,0
1461316,0
1461364,0
1461394,0
1461454,0
1461624,0
1461711,0
1461743,0
1461748,0
1461829,0
1462060,0
1462299,0
1462332,0
1462483,0
1462498,0
1462527,0
1462549,0
1462610,0
1462760,0
1462774,0
1462821,0
1462875,0
1462958,0
1463175,0
1463384,0
1463482,0
1463550,0
1463561,0
1464320,0
1464342,0
1464361,0
1464386,0
1464476,0
1464589,0
1464650,0
1464671,0
1464691,0
1464883,0
1465021,0
1465058,0
1465128,0
1465258,0
1465327,0
1465616,0
1465640,0
1465724,0
1465736,0
1465747,0
1465872,0
1465941,0
1466006,0
1466055,0
1466313,0
1466347,0
1466369,0
1466372,0
1466374,0
1466462,0
1466655,0
1466783,0
1466969,0
1467374,0
1467486,0
1467540,0
1467545,0
1467623,0
1467946,0
1467979,0
1468034,0
1468126,0
1468254,0
1468311,0
1468342,0
1468395,0
1468519,0
1468520,0
1468608,0
1468667,0
1468772,0
1468909,0
1469067,0
1469105,0
1469148,0
1469165,0
1469218,0
1469336,0
1469337,0
1469363,0
1469897,0
1470305,0
1470434,0
1470572,0
1471018,0
1471080,0
1471147,0
1471235,0
1471286,0
1471290,0
1471299,0
1471345,0
1471421,0
1471443,0
1472008,0
1472102,0
1472115,0
1472217,0
1472345,0
1472505,0
1472510,0
1472632,0
1472672,0
1472880,0
1473041,0
1473133,0
1473198,0
1473334,0
1473366,0
1473399,0
1473613,0
1473734,0
1473739,0
1473827,0
1473833,0
1473999,1
1474128,0
1474230,0
1474233,0
1474266,0
1474306,0
1474452,0
1474878,0
1475037,0
1475054,0
1475118,0
1475369,0
1475542,0
1475570,0
1475586,0
1475593,0
1475758,0
1475969,0
1475978,0
1476039,0
1476113,0
1476242,0
1476372,0
1476401,0
1476528,0
1476596,0
1476599,0
1476661,0
1476951,0
1477115,0
1477330,0
1477644,0
1477697,0
1477776,0
1477994,0
1478324,0
1478712,0
1478813,0
1478862,0
1478925,0
1479129,0
1479284,0
1479365,0
1479560,0
1479584,0
1479771,0
1479864,0
1480002,0
1480088,0
1480089,0
1480113,0
1480272,0
1480316,0
1480466,0
1480470,0
1480488,0
1480494,0
1480541,0
1480583,0
1480651,0
1480775,0
1480801,0
1481220,0
1481268,0
1481275,0
1481328,0
1481555,0
1481570,0
1481610,0
1481626,0
1481631,0
1481672,0
1481956,0
1482030,0
1482087,0
1482198,0
1482369,0
1482376,0
1482487,0
1482558,0
1482567,0
1482576,0
1482739,0
1482888,0
1483166,0
1483331,0
1483356,0
1483551,0
1483669,0
1483904,0
1483959,0
1484502,0
1484674,0
1484750,0
1484756,0
1484909,0
1485007,0
1485182,0
1485301,0
1485321,0
1485322,0
1485473,0
1485585,0
1485689,0
1485768,0
1485899,0
1486074,0
1486148,0
1486224,0
1486276,0
1486503,0
1486540,0
1486715,0
1486731,0
1486787,0
1486817,0
1486967,0
1487447,0
1487625,0
1487647,0
1487665,0
1487746,0
1487781,0
1487857,0
1488400,0
1488503,0
1488511,0
1488531,0
1488612,0
1488698,0
1488745,0
1488807,0
1488846,0
1488932,0
1489219,0
1489232,0
1489386,0
1489466,0
1489487,0
1489606,0
1489609,0
1489770,0
1489986,0
1490017,0
1490363,0
1490364,0
1490410,0
1490667,0
1490767,0
1491071,0
1491142,0
1491197,0
1491254,0
1491571,0
1491683,0
1491781,0
1492172,0
1492215,0
1492332,0
1492802,0
1492879,0
1492884,0
1492929,0
1492941,0
1492978,0
1493254,0
1493442,0
1493461,0
1493464,0
1493598,0
1493638,0
1493828,0
1493923,0
1494066,0
1494128,0
1494381,0
1494401,0
1494440,0
1494504,0
1494508,0
1494546,0
1494584,0
1494635,0
1494657,0
1494734,0
1494753,0
1494883,0
1494974,0
1495006,0
1495069,0
1495082,0
1495184,0
1495340,0
1495408,0
1495544,0
1495716,0
1495760,0
1495805,0
1495831,0
1495834,0
1495883,0
1495968,0
1496102,0
1496128,0
1496220,0
1496288,0
1496331,0
1496335,0
1496365,0
1496656,0
1496741,0
1497110,0
1497138,0
1497263,0
1497270,0
1497271,0
1497287,0
1497378,0
1497405,0
1497560,0
1497637,0
1497694,0
1497926,0
1498119,0
1498159,0
1498246,0
1498306,0
1498581,0
1498602,0
1498797,0
1498814,0
1499089,0
1499218,0
1499219,0
1499387,0
1499434,0
1499604,0
1499841,0
1500022,0
1500054,0
1500160,0
1500258,0
1500295,0
1500359,0
1500388,0
1500913,0
1500978,0
1501015,0
1501031,0
1501075,0
1501101,0
1501757,0
1501826,0
1501890,0
1501940,0
1501993,0
1502250,0
1502408,0
1502475,0
1502605,0
1502740,0
1502932,0
1502952,0
1503056,0
1503195,0
1503205,0
1503348,0
1503486,0
1503592,0
1503658,0
1503696,0
1503756,0
1503939,0
1504067,0
1504116,0
1504132,0
1504184,0
1504237,0
1504341,0
1504468,0
1504488,0
1504537,0
1504949,0
1504964,0
1504996,0
1505472,0
1505554,0
1505593,0
1505622,0
1505635,0
1505639,0
1505718,0
1505862,0
1505883,0
1505966,0
1506000,0
1506463,0
1506575,0
1506580,0
1506597,0
1506640,0
1506691,0
1506895,0
1506953,0
1507230,0
1507235,0
1507269,0
1507474,0
1507628,0
1507765,0
1507875,0
1507981,0
1508073,0
1508105,0
1508125,0
1508206,0
1508266,0
1508269,0
1508296,0
1508447,0
1508462,0
1508511,0
1508610,0
1508674,0
1508735,0
1508764,0
1508770,0
1508930,0
1509036,0
1509060,0
1509079,0
1509109,0
1509246,0
1509338,0
1509426,0
1509481,0
1509500,0
1509526,0
1509577,0
1509832,0
1509916,0
1510020,0
1510110,0
1510188,0
1510192,0
1510289,0
1510416,0
1510576,0
1510705,0
1510737,0
1510741,0
1510804,0
1510995,0
1511093,0
1511234,0
1511312,1
1511387,0
1511454,0
1511460,0
1511512,0
1511573,0
1511605,0
1511620,0
1511638,0
1511732,0
1511782,0
1512175,0
1512232,0
1512282,0
1512456,0
1512573,0
1512851,0
1512931,0
1512971,0
1513089,0
1513182,0
1513193,0
1513370,0
1513478,0
1513586,0
1513595,0
1513637,0
1513737,0
1514088,0
1514100,0
1514251,0
1514285,0
1514295,0
1514343,0
1514409,0
1514452,0
1514614,0
1514623,0
1514635,0
1514796,0
1514968,0
1515020,0
1515142,0
1515157,0
1515187,0
1515188,0
1515219,0
1515231,0
1515543,0
1515556,0
1515582,0
1515653,0
1515802,0
1515907,0
1516239,0
1516295,0
1516305,0
1516334,0
1516447,0
1516449,0
1516749,0
1516865,0
1516882,0
1516957,0
1517148,0
1517160,0
1517195,0
1517220,0
1517367,0
1517481,0
1517659,0
1517777,0
1517784,0
1517966,0
1518052,0
1518092,0
1518229,0
1518252,0
1518294,0
1518324,0
1518353,0
1518390,0
1518479,0
1518587,0
1518772,0
1519031,0
1519127,0
1519239,0
1519263,0
1519649,0
1519663,0
1519691,0
1519726,0
1519752,0
1519961,0
1519971,0
1519974,0
1520015,0
1520109,0
1520280,0
1520328,0
1520367,0
1520500,0
1520664,0
1520722,0
1520915,0
1521025,0
1521034,0
1521043,0
1521355,0
1521436,0
1521452,0
1521664,0
1521668,0
1521725,0
1522065,0
1522097,0
1522186,0
1522196,0
1522305,0
1522463,0
1522493,0
1522641,0
1522734,0
1522755,0
1522767,0
1522827,0
1522852,0
1522904,0
1523046,0
1523142,0
1523207,0
1523271,0
1523569,0
1523776,0
1523903,0
1523933,0
1523946,0
1523952,0
1524057,0
1524060,0
1524153,0
1524186,0
1524346,0
1524719,0
1524723,0
1524947,0
1525016,0
1525037,0
1525495,0
1525599,0
1525972,0
1525999,0
1526099,0
1526157,0
1526227,0
1526238,0
1526400,0
1526451,0
1526486,0
1526504,0
1526938,0
1527068,0
1527130,0
1527293,0
1527377,0
1527405,0
1527464,0
1527477,0
1527556,0
1527605,0
1527697,0
1527781,0
1527811,0
1527970,0
1528037,0
1528272,0
1528327,0
1528381,0
1528509,0
1528666,0
1528732,0
1528828,0
1528870,0
1528872,0
1528905,0
1528984,0
1529117,0
1529196,0
1529395,0
1529425,0
1529749,0
1529842,0
1529993,0
1530005,0
1530332,0
1530472,0
1530498,0
1530613,0
1530652,0
1530663,0
1530766,0
1530971,0
1531148,0
1531154,0
1531249,0
1531282,0
1531305,0
1531515,0
1531531,0
1531643,0
1531825,0
1531848,0
1531849,0
1531869,0
1531928,0
1531979,0
1532016,0
1532109,0
1532143,0
1532219,0
1532246,0
1532255,0
1532270,0
1532351,0
1532355,0
1532362,0
1532428,0
1532444,0
1532492,0
1532656,0
1532672,0
1532736,0
1532749,0
1532783,0
1532859,0
1532934,0
1532946,0
1532960,0
1533005,0
1533015,0
1533062,0
1533118,0
1533257,0
1533323,0
1533377,0
1533438,0
1533611,0
1533671,0
1533754,0
1533899,0
1533979,0
1534265,0
1534667,0
1534671,0
1534674,0
1534733,0
1534822,0
1534825,0
1534857,0
1534936,0
1535020,0
1535083,0
1535137,0
1535168,0
1535272,0
1535292,0
1535420,0
1535493,0
1535551,0
1535611,0
1535669,0
1535683,0
1535731,0
1535852,0
1535858,0
1536038,0
1536085,0
1536189,0
1536270,0
1536358,0
1536686,0
1537043,0
1537248,0
1537347,0
1537531,0
1537773,0
1537923,0
1537998,0
1538084,0
1538226,0
1538250,0
1538542,0
1539139,0
1539306,0
1539540,0
1539590,0
1539649,0
1539652,0
1539751,0
1539782,0
1539993,0
1540089,0
1540473,0
1540720,0
1540755,0
1540934,0
1541273,0
1541746,0
1541955,0
1542177,0
1542274,0
1542304,0
1542337,0
1542444,0
1542471,0
1542515,0
1542559,0
1542614,0
1542675,0
1542705,0
1542828,0
1542862,0
1542944,0
1543014,0
1543019,0
1543040,0
1543052,0
1543245,0
1543279,0
1543312,0
1543624,0
1543887,0
1543924,0
1543954,0
1544147,0
1544526,0
1544550,0
1544706,0
1544932,0
1545127,0
1545148,0
1545168,0
1545203,0
1545552,0
1545752,0
1545868,0
1545909,0
1545978,0
1545979,0
1546040,0
1546364,0
1546492,0
1546561,0
1546681,0
1546787,0
1546988,0
1547039,0
1547239,0
1547241,0
1547334,0
1547366,0
1547478,0
1547558,0
1547648,0
1547870,0
1547945,0
1547962,0
1548032,0
1548121,0
1548455,0
1548474,0
1548894,0
1548918,0
1548950,0
1548952,0
1549056,0
1549106,0
1549402,0
1549517,0
1549640,0
1549651,0
1550048,0
1550104,0
1550181,0
1550358,0
1550424,0
1550531,0
1550590,0
1550615,0
1550640,0
1550664,0
1550727,0
1550924,0
1550982,0
1551041,0
1551132,0
1551272,0
1551303,0
1551478,0
1551565,0
1551569,0
1551715,0
1551795,0
1552152,0
1552274,0
1552462,0
1552501,0
1552775,0
1552853,0
1552888,0
1552898,0
1552901,0
1553228,0
1553280,0
1553530,0
1553683,0
1553687,0
1553688,0
1553822,0
1553828,0
1553893,0
1553901,0
1553926,0
1554024,0
1554080,0
1554121,0
1554143,0
1554156,0
1554213,0
1554291,0
1554532,0
1554674,0
1554710,0
1555016,0
1555110,0
1555119,0
1555407,0
1555436,0
1555629,0
1555727,0
1555737,0
1556237,0
1556287,0
1556474,0
1556481,0
1556623,0
1556658,0
1556877,0
1557118,0
1557198,0
1557223,0
1557288,0
1557329,0
1557615,0
1557658,0
1557965,0
1557996,0
1558002,0
1558102,0
1558244,0
1558463,0
1558581,0
1558610,0
1558936,0
1559119,0
1559172,0
1559282,0
1559366,0
1559563,0
1559879,0
1560130,0
1560462,0
1560704,0
1560771,0
1561020,0
1561253,0
1561290,0
1561336,0
1561339,0
1561580,0
1561649,0
1561691,0
1561726,0
1561797,0
1561895,0
1561903,0
1561918,0
1562015,0
1562233,0
1562274,0
1562364,0
1562524,0
1562595,0
1562719,0
1562773,0
1562829,0
1563177,0
1563188,0
1563227,0
1563379,0
1563388,0
1563598,0
1563830,0
1563911,0
1563985,0
1564077,0
1564251,0
1564322,0
1564401,0
1564556,0
1564750,0
1565080,0
1565082,0
1565237,0
1565380,0
1565464,0
1565561,0
1565594,0
1565627,0
1565698,0
1565749,0
1565920,0
1566022,0
1566035,0
1566210,0
1566232,0
1566278,0
1566442,0
1566700,0
1566844,0
1567004,0
1567006,0
1567064,0
1567193,0
1567284,0
1567286,0
1567367,0
1567737,0
1567924,0
1568027,0
1568086,0
1568129,0
1568514,0
1568570,0
1568591,0
1568780,0
1568933,0
1569069,0
1569602,0
1569684,0
1570002,0
1570268,0
1570299,0
1570309,0
1570450,0
1570463,0
1570482,0
1570539,0
1570604,0
1570638,0
1570685,0
1570849,0
1571027,0
1571263,0
1571301,0
1571344,0
1571729,0
1571794,0
1571820,0
1571868,0
1571917,0
1571931,0
1572009,0
1572074,0
1572090,0
1572112,0
1572128,0
1572144,1
1572697,0
1573040,0
1573092,0
1573173,0
1573262,0
1573306,0
1573328,0
1573344,0
1573387,0
1573531,0
1573632,0
1573805,0
1573956,0
1574074,0
1574156,0
1574171,0
1574278,0
1574327,0
1574339,0
1574351,0
1574371,0
1574383,0
1574459,0
1574501,0
1574542,0
1574566,0
1574665,0
1574767,0
1574892,0
1575224,0
1575409,0
1575509,0
1575741,0
1575776,0
1575850,0
1575984,0
1576059,0
1576064,0
1576099,0
1576409,0
1576421,0
1576682,0
1576752,0
1576834,0
1576908,0
1576930,0
1577213,0
1577363,0
1577392,0
1577448,0
1577799,0
1577823,0
1577989,0
1578024,0
1578539,0
1578900,0
1578912,0
1579174,0
1579177,0
1579441,0
1579459,0
1579462,0
1579525,0
1579665,0
1580000,0
1580302,0
1580933,0
1581119,0
1581203,0
1581748,0
1581880,0
1581882,0
1582053,0
1582173,0
1582246,0
1582442,0
1582540,0
1582620,0
1582735,0
1582847,0
1582935,0
1583208,0
1583364,0
1583385,0
1583440,0
1583472,0
1583488,0
1583736,0
1583821,0
1583823,0
1583835,0
1583838,0
1583844,0
1583862,0
1584078,0
1584197,0
1584345,0
1584553,0
1584741,0
1584819,0
1584829,0
1585013,0
1585105,0
1585155,0
1585526,0
1585548,0
1585656,0
1585747,0
1585783,0
1586064,0
1586099,0
1586183,0
1586259,0
1586422,0
1586459,0
1586481,0
1586619,0
1586650,1
1586871,0
1586907,0
1586964,0
1586986,0
1587041,0
1587169,0
1587199,0
1587216,0
1587522,0
1587573,0
1587634,0
1587892,0
1587920,0
1587947,0
1588027,0
1588244,0
1588280,0
1588334,0
1588343,0
1588470,0
1588557,0
1588594,0
1588629,0
1588703,0
1588707,0
1588719,0
1588856,0
1588881,0
1588894,0
1588895,0
1588915,0
1588974,0
1589257,0
1589273,0
1589275,0
1589305,0
1589388,0
1589768,0
1589919,0
1589990,0
1590007,0
1590012,0
1590138,0
1590252,0
1590478,0
1590531,0
1590540,0
1590595,0
1590616,0
1590705,0
1590993,0
1591019,0
1591129,0
1591269,0
1591326,0
1592055,0
1592092,0
1592200,0
1592308,0
1592349,0
1592738,0
1592758,0
1592795,0
1592797,0
1592824,0
1592854,0
1592993,0
1593070,0
1593115,0
1593367,1
1593439,0
1593782,0
1593816,0
1593964,0
1594419,0
1595080,0
1595368,0
1595564,0
1595633,0
1596152,0
1596206,0
1596226,0
1596403,0
1596592,0
1596647,0
1596706,0
1597013,0
1597208,0
1597244,0
1597388,0
1597427,0
1597671,0
1597679,0
1597684,0
1597762,0
1597827,0
1598037,0
1598046,0
1598254,0
1598265,0
1598291,0
1598392,0
1598490,0
1598573,0
1598575,0
1598664,0
1598892,0
1598942,0
1599010,0
1599203,0
1599532,0
1599609,0
1599679,0
1599977,0
1600294,0
1600458,0
1600541,0
1600646,0
1600864,0
1601020,0
1601338,0
1601415,0
1601481,0
1601553,0
1601585,0
1601630,0
1601757,0
1601927,0
1602087,0
1602115,0
1602169,0
1602223,0
1602319,0
1602447,0
1602502,0
1602518,0
1602753,0
1602977,0
1603108,0
1603344,0
1603429,0
1603617,0
1603707,0
1603840,0
1604084,0
1604089,0
1604172,0
1604182,0
1604303,0
1604393,0
1604504,0
1604585,0
1604632,0
1604682,0
1604707,0
1604725,0
1604734,0
1604742,0
1604760,0
1604795,0
1604829,0
1605143,0
1605925,0
1605978,0
1606028,0
1606143,0
1606168,0
1606229,0
1606250,0
1606358,0
1606444,0
1606486,0
1606711,0
1606714,0
1606965,0
1607045,0
1607091,0
1607109,0
1607257,0
1607433,0
1607710,0
1607721,0
1607776,0
1607848,0
1607964,0
1608044,0
1608154,0
1608201,0
1608217,0
1608346,0
1608432,0
1608588,0
1608597,0
1608606,0
1608655,0
1608702,0
1608740,0
1608810,0
1608879,0
1608913,0
1608938,0
1608980,0
1609041,0
1609052,0
1609338,0
1609390,0
1609483,0
1609537,0
1609674,0
1609725,0
1609872,0
1610010,0
1610049,0
1610062,0
1610144,0
1610148,0
1610167,0
1610172,0
1610185,0
1610245,0
1610254,0
1610273,0
1610275,0
1610287,0
1610290,0
1610337,0
1610351,0
1610464,0
1610595,0
1610815,0
1610882,0
1611100,0
1611227,0
1611229,0
1611327,0
1611527,0
1611575,1
1611674,0
1611747,0
1611768,0
1611937,0
1611957,0
1612049,0
1612121,0
1612151,0
1612322,0
1612357,0
1612373,0
1612395,0
1612534,0
1612628,0
1612699,0
1612703,0
1612733,0
1612763,0
1612828,0
1612892,0
1612942,0
1613125,0
1613325,0
1613329,0
1613482,0
1613501,0
1613756,0
1613895,0
1613924,0
1613931,0
1613951,0
1613978,0
1614073,0
1614091,0
1614186,0
1614229,0
1614453,0
1614502,0
1614522,0
1614672,0
1614950,0
1614996,0
1615093,0
1615139,0
1615166,0
1615206,0
1615349,0
1615368,0
1615389,0
1615410,0
1615414,0
1615424,0
1615430,0
1615761,0
1615776,0
1615880,0
1615884,0
1615887,0
1616010,0
1616064,0
1616134,0
1616137,0
1616216,0
1616474,0
1616619,0
1616624,0
1616655,0
1616704,0
1616814,0
1616873,0
1616917,0
1617010,0
1617244,0
1617258,0
1617375,0
1617419,0
1618224,0
1618230,0
1618235,0
1618269,0
1618366,0
1618533,0
1618598,0
1618754,0
1618817,0
1618823,0
1618883,0
1618891,0
1619018,0
1619031,0
1619054,0
1619163,0
1619178,0
1619443,0
1619487,0
1619515,0
1619567,0
1619603,0
1619793,0
1619818,0
1619925,0
1620094,0
1620398,0
1620577,0
1620590,0
1620645,0
1620697,0
1621040,0
1621143,0
1621291,0
1621384,0
1621481,0
1621545,0
1621597,0
1621602,0
1621830,0
1622271,0
1622363,0
1622487,0
1622597,0
1622805,0
1622813,0
1622845,0
1622869,0
1622936,0
1623096,0
1623155,0
1623193,0
1623368,0
1623473,0
1623490,0
1623551,0
1623850,0
1623866,0
1623924,0
1624016,0
1624041,0
1624391,0
1624578,0
1624601,0
1624634,0
1624725,0
1624880,0
1624931,0
1624973,0
1625013,0
1625067,0
1625073,0
1625263,0
1625271,0
1625319,0
1625619,0
1625663,0
1626179,0
1626437,0
1626581,0
1626635,0
1626682,0
1627111,0
1627259,0
1627416,0
1627469,0
1627559,0
1627860,0
1627943,0
1628066,0
1628200,0
1628333,0
1628534,0
1628569,0
1628632,0
1628754,0
1628925,0
1628949,0
1629099,0
1629106,0
1629109,0
1629346,0
1629359,0
1629476,0
1629664,0
1629827,0
1629861,0
1629922,0
1630042,0
1630111,0
1630421,0
1630499,0
1630516,0
1630794,0
1630858,0
1630916,0
1630948,0
1631006,0
1631451,0
1631525,0
1631570,0
1631577,0
1631608,0
1631640,0
1631804,0
1631823,0
1631874,0
1631972,0
1632085,0
1632164,0
1632281,0
1632367,0
1632445,0
1632710,0
1633008,0
1633108,0
1633120,0
1633290,0
1633295,0
1633346,0
1633403,0
1633427,0
1633518,0
1633575,0
1633819,0
1633933,0
1633978,0
1633980,0
1633981,0
1634087,0
1634151,0
1634161,0
1634216,0
1634356,0
1634470,0
1634579,0
1634636,0
1634817,0
1634906,0
1635014,0
1635068,0
1635490,0
1635522,0
1635577,0
1635611,0
1635684,0
1635685,0
1635812,0
1635887,0
1635922,0
1635960,0
1635962,0
1635978,0
1636039,0
1636089,0
1636126,0
1636247,0
1636281,0
1636369,0
1636394,0
1636410,0
1636463,0
1636516,0
1636524,0
1636725,0
1636744,0
1636838,0
1636973,0
1637036,0
1637202,0
1637269,0
1637316,0
1637384,0
1637409,0
1637474,0
1637498,0
1637511,0
1637562,0
1637567,0
1637568,0
1637589,0
1637618,0
1637623,0
1637662,0
1637704,0
1637786,0
1637842,0
1637859,0
1637902,0
1637955,0
1637989,0
1638050,0
1638131,0
1638143,0
1638212,0
1638246,0
1638349,0
1638361,0
1638460,0
1638516,0
1638568,0
1638573,0
1638736,0
1638768,0
1638841,0
1638843,0
1638897,0
1639066,0
1639099,0
1639207,0
1639270,0
1639502,0
1639560,0
1639577,0
1639605,0
1640062,0
1640164,0
1640215,0
1640437,0
1640496,0
1640595,0
1640803,0
1640872,0
1641001,0
1641039,0
1641102,0
1641497,0
1641530,0
1641532,0
1641642,0
1641883,0
1642111,0
1642171,0
1642390,0
1642421,0
1642440,0
1642506,0
1642788,0
1642948,0
1643074,0
1643204,0
1643295,0
1643324,0
1643371,0
1643384,0
1643385,0
1643453,0
1643550,0
1643623,0
1643684,0
1643978,0
1644153,0
1644188,0
1644233,0
1644397,0
1644449,0
1644521,0
1644547,0
1644687,0
1644769,0
1644855,0
1644858,0
1644877,0
1644915,0
1645006,0
1645193,0
1645377,0
1645915,0
1646001,0
1646085,0
1646112,0
1646382,0
1646618,0
1646679,0
1646840,0
1646947,0
1647283,0
1647285,0
1647715,0
1647781,0
1647883,0
1648032,0
1648116,0
1648127,0
1648148,0
1648160,0
1648217,0
1648246,0
1648260,0
1648357,0
1648367,0
1648630,0
1648701,0
1648823,0
1648888,0
1648914,0
1648917,0
1648972,0
1649013,0
1649133,0
1649219,0
1649463,0
1649506,0
1649535,0
1649668,0
1649696,0
1649787,0
1649939,0
1650039,0
1650046,0
1650270,0
1650304,0
1650492,0
1650565,0
1650613,0
1650616,0
1650813,0
1650819,0
1650901,0
1650996,0
1651067,0
1651223,0
1651300,0
1651721,0
1651804,0
1651851,0
1652167,0
1652311,0
1652410,0
1652643,0
1652725,0
1652813,0
1653129,0
1653288,0
1653392,0
1653605,0
1653828,0
1653858,0
1653978,0
1654094,0
1654145,0
1654386,0
1654394,0
1654406,0
1654483,0
1654529,0
1654663,0
1654797,0
1654970,0
1655035,0
1655065,0
1655106,0
1655147,0
1655182,0
1655225,0
1655317,0
1655394,0
1655543,0
1655561,0
1655853,0
1656033,0
1656065,0
1656110,0
1656260,0
1656303,0
1656379,0
1656475,0
1656799,0
1656925,0
1656939,0
1657112,0
1657220,0
1657410,0
1657613,0
1657907,0
1658345,0
1658513,0
1658550,0
1658570,0
1658680,0
1658754,0
1658791,0
1658840,0
1658881,0
1658935,0
1658967,0
1659162,0
1659166,0
1659175,0
1659347,0
1659351,0
1659364,0
1659381,0
1659418,0
1659419,0
1659626,0
1659813,0
1660221,0
1660266,0
1660279,0
1660429,0
1660451,0
1660455,0
1660523,0
1660570,0
1660659,0
1660798,0
1660813,0
1660818,0
1661030,0
1661099,0
1661102,0
1661117,0
1661136,0
1661298,0
1661355,0
1661377,0
1661383,0
1661386,0
1661419,0
1661476,0
1661521,0
1661554,0
1661574,0
1661879,0
1661941,0
1661992,0
1662132,0
1662141,0
1662235,0
1662584,0
1662637,0
1662672,0
1662960,0
1663111,0
1663492,0
1663541,0
1663796,0
1663828,0
1663924,0
1664186,0
1664302,0
1664344,0
1664375,0
1664434,0
1664658,0
1664947,0
1665003,0
1665348,0
1665684,0
1665877,0
1665908,0
1665928,0
1665933,0
1666012,0
1666180,0
1666442,0
1666481,0
1666659,0
1666798,0
1667002,0
1667043,0
1667165,0
1667172,0
1667350,0
1667403,0
1667431,0
1667442,0
1667451,0
1667625,0
1667645,0
1667832,0
1668059,0
1668126,0
1668239,0
1668398,0
1668706,0
1668715,0
1668730,0
1668771,0
1668966,0
1669049,0
1669109,0
1669137,0
1669175,0
1669389,0
1669466,0
1669575,0
1669590,0
1669710,0
1669833,0
1669981,0
1669996,0
1670045,0
1670239,0
1670261,0
1670272,0
1670365,0
1670399,0
1670419,0
1670597,0
1670726,0
1670840,0
1670903,0
1670952,0
1670988,0
1671068,0
1671154,0
1671313,0
1671378,0
1671432,0
1671629,0
1671667,0
1671674,0
1671676,0
1671780,0
1671925,0
1671926,0
1671952,0
1671982,0
1672161,0
1672178,0
1672210,0
1672218,0
1672298,0
1672325,0
1672444,0
1672477,0
1672495,0
1672527,0
1672918,0
1673079,0
1673368,0
1673434,0
1673672,0
1673673,0
1673716,0
1673740,0
1673834,0
1674088,0
1674090,0
1674130,0
1674248,0
1674393,0
1674439,0
1674535,0
1674817,0
1674920,0
1675111,0
1675198,0
1675259,0
1675327,0
1675629,0
1675645,0
1675721,0
1675827,0
1676059,0
1676174,0
1676223,0
1676259,0
1676297,0
1676428,0
1676499,0
1676536,0
1676578,0
1676586,0
1676610,0
1676803,0
1676910,0
1676957,0
1677171,0
1677266,0
1677277,0
1677531,0
1677770,0
1677783,0
1678083,0
1678157,0
1678161,0
1678208,0
1678214,0
1678230,0
1678242,0
1678252,0
1678262,0
1678322,0
1678347,0
1678680,0
1678709,0
1678764,0
1678769,0
1678824,0
1678842,0
1678849,0
1678896,0
1678927,0
1679063,0
1679074,0
1679107,0
1679326,0
1679430,0
1679435,0
1679454,0
1679457,0
1679546,0
1679706,0
1679709,0
1679746,0
1679980,0
1680049,0
1680064,0
1680176,0
1680201,0
1680237,0
1680276,0
1680526,0
1680870,0
1680873,0
1680905,0
1680963,0
1680971,0
1681003,0
1681059,0
1681066,0
1681114,0
1681203,0
1681229,0
1681337,0
1681374,0
1681408,0
1681414,0
1681487,0
1681499,0
1681513,0
1681789,0
1681794,0
1681832,0
1681870,0
1681883,0
1681893,0
1681922,0
1682160,0
1682181,0
1682394,0
1682494,0
1682605,0
1682647,0
1682659,0
1682683,0
1682776,0
1682824,0
1682873,0
1683027,0
1683143,0
1683380,0
1683415,0
1683461,0
1683484,0
1683536,0
1683646,0
1683647,0
1683715,0
1683718,0
1683745,0
1683773,0
1683873,0
1683960,0
1683962,0
1683970,0
1683991,0
1684020,0
1684041,0
1684048,0
1684210,0
1684217,0
1684222,0
1684344,0
1684424,0
1684495,0
1684519,0
1684562,0
1684647,0
1684927,0
1684931,0
1684937,0
1684964,0
1684993,0
1685004,0
1685104,0
1685244,0
1685355,0
1685393,0
1685414,0
1685443,0
1685630,0
1685712,0
1685754,0
1685860,0
1685919,0
1685942,0
1686029,0
1686050,0
1686087,0
1686092,0
1686097,0
1686113,0
1686218,0
1686242,0
1686272,0
1686322,0
1686408,0
1686466,0
1686518,0
1686524,0
1686568,0
1686577,0
1686584,0
1686601,0
1686644,0
1686690,0
1686854,0
1686888,0
1686939,0
1686957,0
1687038,0
1687048,0
1687068,0
1687114,0
1687197,0
1687312,0
1687338,0
1687389,0
1687481,0
1687559,0
1687561,0
1687606,0
1687707,0
1687725,0
1687749,0
1687802,0
1687870,0
1687873,0
1687970,0
1688034,0
1688059,0
1688102,0
1688236,0
1688477,0
1688616,0
1688635,0
1688799,0
1688812,0
1688824,0
1688863,0
1688891,0
1688922,0
1688960,0
1688985,0
1689008,0
1689061,0
1689110,0
1689130,0
1689142,0
1689323,0
1689333,0
1689543,0
1689621,0
1689788,0
1689809,0
1689816,0
1689848,0
1689982,0
1690021,0
1690161,0
1690297,0
1690498,0
1690547,0
1690669,0
1690681,0
1690699,0
1690717,0
1690766,0
1690777,0
1690789,0
1690806,0
1690904,0
1690984,0
1690993,0
1691058,0
1691085,0
1691149,0
1691276,0
1691295,0
1691304,0
1691392,0
1691468,0
1691531,0
1691585,0
1691597,0
1691621,0
1691658,0
1691703,0
1691723,0
1691748,0
1691751,0
1692043,0
1692063,0
1692301,0
1692310,0
1692362,0
1692408,0
1692438,0
1692536,0
1692702,0
1692811,0
1692853,0
1692872,0
1692890,0
1692907,0
1692956,0
1692999,0
1693266,0
1693292,0
1693498,0
1693500,0
1693566,0
1693776,0
1693898,0
1693929,0
1693964,0
1693993,0
1694017,0
1694182,0
1694222,0
1694318,0
1694396,0
1694548,0
1694654,0
1694679,0
1694711,0
1694789,0
1694828,0
1694869,0
1694914,0
1695203,0
1695243,0
1695257,0
1695328,0
1695376,0
1695440,0
1695508,0
1695560,0
1695764,0
1695798,0
1695825,0
1695833,0
1695901,0
1695928,0
1696101,0
1696179,0
1696219,0
1696229,0
1696230,0
1696399,0
1696453,0
1696641,0
1696799,0
1696998,0
1697020,0
1697185,0
1697370,0
1697544,0
1697576,0
1697592,0
1697658,0
1697777,0
1697780,0
1697796,0
1697848,0
1697908,0
1698323,0
1698369,0
1698376,0
1698385,0
1698390,0
1698396,0
1698614,0
1698623,0
1698681,0
1698725,0
1698793,0
1698806,0
1698818,0
1698971,0
1699074,0
1699116,0
1699134,0
1699310,0
1699568,0
1699630,0
1699694,0
1699838,0
1700003,0
1700177,0
1700192,0
1700253,0
1700255,0
1700302,0
1700374,0
1700575,0
1700607,0
1700659,0
1700701,0
1700855,0
1700906,0
1701020,0
1701045,0
1701127,0
1701290,0
1701392,0
1701607,0
1701688,0
1701847,0
1701873,0
1701892,0
1701899,0
1702030,0
1702088,0
1702137,0
1702259,0
1702346,0
1702620,0
1702621,0
1702696,0
1702857,0
1702942,0
1702954,0
1703051,0
1703056,0
1703131,0
1703177,0
1703212,0
1703356,0
1703361,0
1703504,0
1703524,0
1703558,0
1703646,0
1703740,0
1703742,0
1703802,0
1703998,0
1704019,0
1704023,0
1704365,0
1704374,0
1704384,0
1704441,0
1704571,0
1704826,0
1704888,0
1705099,0
1705163,0
1705244,0
1705328,0
1705469,0
1706154,0
1706163,0
1706190,0
1706274,0
1706405,0
1706704,0
1706829,0
1706860,0
1706878,0
1706891,0
1706978,0
1707012,0
1707032,0
1707059,0
1707161,0
1707203,0
1707600,0
1707650,0
1707889,0
1707907,0
1707912,0
1708028,0
1708114,0
1708136,0
1708337,0
1708366,0
1708441,0
1708518,0
1708543,0
1708598,0
1708648,0
1708941,0
1708956,0
1708965,0
1709059,0
1709248,0
1709308,0
1709412,0
1709802,0
1709887,0
1709896,0
1709949,0
1709971,0
1710171,0
1710172,0
1710201,0
1710359,0
1710460,0
1710514,0
1710528,0
1710543,0
1710545,0
1710642,0
1710662,0
1710681,0
1710698,0
1710886,0
1710896,0
1711201,0
1711209,0
1711210,0
1711234,0
1711310,0
1711336,0
1711387,0
1711444,0
1711476,0
1711496,0
1711502,0
1711748,0
1711898,0
1711954,0
1712028,0
1712071,0
1712245,0
1712310,0
1712407,0
1712558,0
1712672,0
1712699,0
1712738,0
1712768,0
1712838,0
1712881,0
1713014,0
1713031,0
1713156,0
1713162,0
1713164,0
1713274,0
1713395,0
1713506,0
1713673,0
1713676,0
1713766,0
1713797,0
1713908,0
1713925,0
1713995,0
1714174,0
1714217,0
1714273,0
1714625,0
1714694,0
1714707,0
1714782,0
1714865,0
1714914,0
1714925,0
1714944,0
1715076,0
1715176,0
1715210,0
1715306,0
1715312,0
1715401,0
1715447,0
1715501,0
1715607,0
1715796,0
1715801,0
1715885,0
1715893,0
1715898,0
1715931,0
1715946,0
1716020,0
1716058,0
1716071,0
1716180,0
1716187,0
1716210,0
1716258,0
1716413,0
1716486,0
1716496,0
1716500,0
1716505,0
1716636,0
1716691,0
1716701,0
1716728,0
1716979,0
1717034,0
1717101,0
1717177,0
1717192,0
1717277,0
1717298,0
1717313,0
1717472,0
1717485,0
1717495,0
1717726,0
1717816,0
1717870,0
1717907,0
1717951,0
1718140,0
1718167,0
1718358,0
1718604,0
1718605,0
1718675,0
1718711,0
1718827,0
1718913,0
1719040,0
1719073,0
1719211,0
1719233,0
1719334,0
1719368,0
1719379,0
1719558,0
1719581,0
1719646,0
1719669,0
1719672,0
1719740,0
1719858,0
1719966,0
1720007,0
1720122,0
1720172,0
1720183,0
1720217,0
1720312,0
1720359,0
1720430,0
1720500,0
1720519,0
1720540,0
1720562,0
1720620,0
1720624,0
1720634,0
1720671,0
1720673,0
1720700,0
1720747,0
1720790,0
1720810,0
1720882,0
1720992,0
1721124,0
1721126,0
1721152,0
1721182,0
1721188,0
1721212,0
1721244,0
1721455,0
1721874,0
1721961,0
1722068,0
1722382,0
1722437,0
1722464,0
1722501,0
1722592,0
1722790,0
1722835,0
1722902,0
1723086,0
1723184,0
1723208,0
1723231,0
1723432,0
1723440,0
1723513,0
1723668,0
1723715,0
1723728,0
1723845,0
1723894,0
1723985,0
1724000,0
1724039,0
1724125,0
1724173,0
1724178,0
1724220,0
1724259,0
1724320,0
1724325,0
1724496,0
1724499,0
1724524,0
1724606,0
1724613,0
1724703,0
1724708,0
1724742,0
1724747,0
1724759,0
1724822,0
1724840,0
1724917,0
1724932,0
1724968,0
1725015,0
1725087,0
1725381,0
1725391,0
1725454,0
1725486,0
1725487,0
1725488,0
1725541,0
1725790,0
1725822,0
1725856,0
1726110,0
1726204,0
1726272,0
1726369,0
1726409,0
1726451,0
1726651,0
1726717,0
1726786,0
1727109,0
1727250,0
1727299,0
1727350,0
1727419,0
1727500,0
1727521,0
1727589,0
1727683,0
1727694,0
1727731,0
1727744,0
1727849,0
1728000,0
1728017,0
1728044,0
1728075,0
1728191,0
1728293,0
1728328,0
1728401,0
1728669,0
1728730,1
1728791,0
1728840,0
1728937,0
1728967,0
1729089,0
1729122,0
1729171,0
1729232,0
1729252,0
1729320,0
1729321,0
1729363,0
1729374,0
1729445,0
1729770,0
1729838,0
1730041,0
1730070,0
1730180,0
1730206,0
1730221,0
1730339,0
1730390,0
1730486,0
1730504,0
1730523,0
1730533,0
1730619,0
1730818,0
1730858,0
1730928,0
1731252,0
1731333,0
1731398,0
1731451,0
1731461,0
1731639,0
1731732,0
1731742,0
1731764,0
1731788,0
1731867,0
1732010,0
1732262,0
1732266,0
1732461,0
1732475,0
1732480,0
1732514,0
1732549,0
1732616,0
1732647,0
1732681,0
1732716,0
1732955,0
1732957,0
1733021,0
1733023,0
1733148,0
1733206,0
1733260,0
1733268,0
1733309,0
1733357,0
1733463,0
1733597,0
1733623,0
1733868,0
1733910,0
1733948,0
1734126,0
1734156,0
1734190,0
1734241,0
1734254,0
1734358,0
1734371,0
1734406,0
1734482,0
1734611,0
1734612,0
1734647,0
1734659,0
1734703,0
1734721,0
1734777,0
1734870,0
1734929,0
1735076,0
1735232,0
1735241,0
1735271,0
1735333,0
1735338,0
1735381,0
1735406,0
1735451,0
1735508,0
1735647,0
1735733,0
1735753,0
1735756,0
1735757,0
1735784,0
1735789,0
1735834,0
1736054,0
1736103,0
1736120,0
1736170,0
1736277,0
1736394,0
1736403,0
1736460,0
1736500,0
1736541,0
1736622,0
1736701,0
1736723,0
1736830,0
1737132,0
1737139,0
1737376,0
1737387,0
1737433,0
1737555,0
1737812,0
1737874,0
1738161,0
1738232,0
1738348,0
1738412,0
1738587,0
1738626,0
1738686,0
1738854,0
1738927,0
1739127,0
1739273,0
1739355,0
1739608,0
1739627,0
1739635,0
1739641,0
1739743,0
1739796,0
1739971,0
1739994,0
1740068,0
1740083,0
1740126,0
1740289,0
1740407,0
1740464,0
1740556,0
1740609,0
1740719,0
1740739,0
1740776,0
1740886,0
1740953,0
1740984,0
1741004,0
1741041,0
1741127,0
1741215,0
1741415,0
1741518,0
1741605,0
1741618,0
1741623,0
1741627,0
1741725,0
1741770,0
1741886,0
1741913,0
1742064,0
1742219,0
1742223,0
1742513,0
1742614,0
1742685,0
1742730,0
1742801,0
1742810,0
1742812,0
1742889,0
1743074,0
1743096,0
1743167,0
1743371,0
1743373,0
1743393,0
1743399,0
1743449,0
1743485,0
1743571,0
1743616,0
1743811,0
1743847,0
1743948,0
1743982,0
1744017,0
1744035,0
1744056,0
1744129,0
1744131,0
1744272,0
1744312,0
1744349,0
1744353,0
1744394,0
1744448,0
1744508,0
1744529,0
1744595,0
1744765,0
1745008,0
1745026,0
1745094,0
1745260,0
1745439,0
1745508,0
1745531,0
1745544,0
1745561,0
1745626,0
1745727,0
1745781,0
1745895,0
1746140,0
1746144,0
1746226,0
1746324,0
1746376,0
1746513,0
1746585,0
1746717,0
1746753,0
1746908,0
1747075,0
1747082,0
1747084,0
1747355,0
1747359,0
1747442,0
1747475,0
1747518,0
1747576,0
1747712,0
1747723,0
1747762,0
1748008,0
1748092,0
1748142,0
1748184,0
1748225,0
1748285,0
1748364,0
1748558,0
1748641,0
1748656,0
1748739,0
1748743,0
1748778,0
1749048,0
1749049,0
1749073,0
1749138,0
1749186,0
1749332,0
1749366,0
1749425,0
1749426,0
1749435,0
1749456,0
1749622,0
1749767,0
1749790,0
1749791,0
1750014,0
1750068,0
1750098,0
1750132,0
1750136,0
1750182,0
1750316,0
1750358,0
1750407,0
1750517,0
1750539,0
1750571,0
1750612,0
1750877,0
1750886,0
1750954,0
1751034,0
1751038,0
1751072,0
1751220,0
1751369,0
1751409,0
1751493,0
1751516,0
1751539,0
1751554,0
1751683,0
1751799,0
1751825,0
1751911,0
1752292,0
1752357,0
1752466,0
1752728,0
1752769,0
1752778,0
1753016,0
1753198,0
1753232,0
1753283,0
1753291,0
1753335,0
1753364,0
1753413,0
1753596,0
1753713,0
1753899,0
1753960,0
1754144,0
1754159,0
1754205,0
1754320,0
1754564,0
1754776,0
1754818,0
1754847,0
1754921,0
1754969,0
1754983,0
1755102,0
1755224,0
1755415,0
1755419,0
1755434,0
1755465,0
1755540,0
1755786,0
1755787,0
1755820,0
1755864,0
1755929,0
1756033,0
1756088,0
1756094,0
1756105,0
1756120,0
1756161,0
1756211,0
1756415,0
1756463,0
1756511,0
1756522,0
1756558,0
1756566,0
1756601,0
1756685,0
1756691,0
1756804,0
1756832,0
1756864,0
1756893,0
1756902,0
1756972,0
1756989,0
1757032,0
1757037,0
1757054,0
1757183,0
1757237,0
1757359,0
1757403,0
1757409,0
1757493,0
1757494,0
1757577,0
1757597,0
1757627,0
1757731,0
1757742,0
1757867,0
1757892,0
1757919,0
1757926,0
1757929,0
1757992,0
1758037,0
1758114,0
1758124,0
1758163,0
1758181,0
1758211,0
1758258,0
1758271,0
1758299,0
1758411,0
1758636,0
1758663,0
1758757,0
1758862,0
1758943,0
1759011,0
1759026,0
1759041,0
1759083,0
1759117,0
1759198,0
1759333,0
1759545,0
1759629,0
1759660,0
1759684,0
1759782,0
1759799,0
1759855,0
1759895,0
1759929,0
1759952,0
1760017,0
1760076,0
1760102,0
1760323,0
1760489,0
1760518,0
1760606,0
1760902,0
1760942,0
1761054,0
1761120,0
1761203,0
1761226,0
1761379,0
1761459,0
1761485,0
1761496,0
1761521,0
1761721,0
1761761,0
1761780,0
1761879,0
1761918,0
1762079,0
1762090,0
1762239,0
1762401,0
1762487,0
1762551,0
1762601,0
1762663,0
1762682,0
1762724,0
1762743,0
1762840,0
1762871,0
1762877,0
1762903,0
1763013,0
1763098,0
1763188,0
1763227,0
1763272,0
1763296,0
1763332,0
1763483,0
1763529,0
1763573,0
1763639,0
1763644,0
1763660,0
1763664,0
1763667,0
1763676,0
1763778,0
1763953,0
1763998,0
1764117,0
1764121,0
1764182,0
1764318,0
1764319,0
1764367,0
1764372,0
1764379,0
1764471,0
1764502,0
1764575,0
1764672,0
1764691,0
1764727,0
1764764,0
1764770,0
1764795,0
1764797,0
1764811,0
1764968,0
1765021,0
1765120,0
1765282,0
1765320,0
1765390,0
1765496,0
1765547,0
1765700,0
1765827,0
1766062,0
1766171,0
1766223,0
1766329,0
1766469,0
1766607,0
1766695,0
1766746,0
1766865,0
1766993,0
1767088,0
1767218,0
1767272,0
1767371,0
1767382,0
1767488,0
1767527,0
1767611,0
1767724,0
1767729,0
1767816,0
1767818,0
1767888,0
1767965,0
1768019,0
1768131,0
1768132,0
1768158,0
1768231,0
1768270,0
1768486,0
1768579,0
1768638,0
1768706,0
1768736,0
1769022,0
1769024,0
1769027,0
1769109,0
1769161,0
1769168,0
1769395,0
1769408,0
1769449,0
1769669,0
1769760,0
1769785,0
1769840,0
1769962,0
1770047,0
1770176,0
1770341,0
1770358,0
1770666,0
1770673,0
1770740,0
1770750,0
1770797,0
1770895,0
1770957,0
1770978,0
1771150,0
1771263,0
1771504,0
1771507,0
1771531,0
1771543,0
1771597,0
1771664,0
1771767,0
1771878,0
1771918,0
1771952,0
1772002,0
1772474,0
1772509,0
1772642,0
1772647,0
1772720,0
1772807,0
1772820,0
1772905,0
1772968,0
1773067,0
1773227,0
1773251,0
1773351,0
1773449,0
1773477,0
1773504,0
1773554,0
1773705,0
1773743,0
1773910,0
1774076,0
1774164,0
1774188,0
1774358,0
1774385,0
1774606,0
1774649,0
1774710,0
1774907,0
1775032,0
1775094,0
1775099,0
1775106,0
1775606,0
1775622,0
1775634,0
1775661,0
1775752,0
1775801,0
1775825,0
1776038,0
1776043,0
1776070,0
1776115,0
1776118,0
1776191,0
1776201,0
1776299,0
1776476,0
1776563,0
1776716,0
1776743,0
1776785,0
1776787,0
1776920,0
1777051,0
1777140,0
1777288,0
1777366,0
1777470,0
1777668,0
1777952,0
1777961,0
1778035,0
1778041,0
1778132,0
1778135,0
1778238,0
1778278,0
1778377,0
1778415,0
1778441,0
1778453,0
1778504,0
1778588,0
1778698,0
1778756,0
1778789,0
1778818,0
1778835,0
1778846,0
1778918,0
1778925,0
1778984,0
1779099,0
1779268,0
1779404,0
1779420,0
1779430,0
1779478,0
1779635,0
1779697,0
1779748,0
1779770,0
1780136,0
1780295,0
1780435,0
1780489,0
1780494,0
1780562,0
1780611,0
1780638,0
1780734,0
1780860,0
1780905,0
1781005,0
1781088,0
1781090,0
1781169,0
1781576,0
1781617,0
1781653,0
1781661,0
1781673,0
1781879,0
1782012,0
1782137,0
1782382,0
1782471,0
1782504,0
1782643,0
1782663,0
1782687,0
1782876,0
1783006,0
1783027,0
1783055,0
1783308,0
1783319,0
1783410,0
1783490,0
1783613,0
1783655,0
1783734,0
1783781,0
1783822,0
1783896,0
1783956,0
1784350,0
1784398,0
1784406,0
1784422,0
1784477,0
1784484,0
1784596,0
1784607,0
1784708,0
1784827,0
1784926,0
1784935,0
1784993,0
1785145,0
1785179,0
1785187,0
1785254,0
1785322,0
1785324,0
1785343,0
1785424,0
1785470,0
1785499,0
1785521,0
1785592,0
1785595,0
1785676,0
1785682,0
1785687,0
1785959,0
1786111,0
1786151,0
1786209,0
1786490,0
1786514,0
1786568,0
1786579,0
1786589,0
1786639,0
1786675,0
1786810,0
1786891,0
1786995,0
1787007,0
1787017,0
1787125,0
1787201,0
1787224,0
1787273,0
1787303,0
1787334,0
1787367,0
1787459,0
1787463,0
1787510,0
1787556,0
1787589,0
1787603,0
1787646,0
1787666,0
1787681,0
1787887,0
1787916,0
1787955,0
1788024,0
1788025,0
1788034,0
1788256,0
1788260,0
1788303,0
1788372,0
1788596,0
1788736,0
1788748,0
1788847,0
1788967,0
1789220,0
1789484,0
1789592,0
1789650,0
1789658,0
1789729,0
1789745,0
1789760,0
1789766,0
1789777,0
1789840,0
1789876,0
1789902,0
1789932,0
1790025,0
1790045,0
1790260,0
1790313,0
1790469,0
1790497,0
1790543,0
1790587,0
1790698,0
1790779,0
1790850,0
1790870,0
1790994,0
1791243,0
1791288,0
1791324,0
1791434,0
1791455,0
1791691,0
1791781,0
1791999,0
1792041,0
1792056,0
1792146,0
1792204,0
1792414,0
1792511,0
1792624,0
1792683,0
1792788,0
1792938,0
1793020,0
1793209,0
1793247,0
1793335,0
1793348,0
1793644,0
1793649,0
1793722,0
1793786,0
1793797,0
1793891,0
1793904,0
1794112,0
1794203,0
1794230,0
1794300,0
1794851,0
1795045,0
1795051,0
1795098,0
1795111,0
1795163,0
1795475,0
1795477,0
1795607,0
1795704,0
1795893,0
1795931,0
1796012,0
1796220,0
1796221,0
1796225,0
1796238,0
1796321,0
1796455,0
1796470,0
1796657,0
1796933,0
1796935,0
1797044,0
1797141,0
1797221,0
1797261,0
1797421,0
1797481,0
1797592,0
1797656,0
1797688,0
1797694,0
1797725,0
1797918,0
1798028,0
1798050,0
1798053,0
1798116,0
1798144,0
1798164,0
1798299,0
1798528,0
1798677,0
1798699,0
1798812,0
1799068,0
1799191,0
1799306,0
1799333,0
1799413,0
1799456,0
1799469,0
1799498,0
1799650,0
1799664,0
1799707,0
1799748,0
1799771,0
1799812,0
1800235,0
1800274,0
1800325,0
1800378,0
1800457,0
1800488,0
1800525,0
1800572,0
1800635,0
1800852,0
1800928,0
1801038,0
1801091,0
1801092,0
1801254,0
1801279,0
1801315,0
1801492,0
1801497,0
1801517,0
1801635,0
1801699,0
1801725,0
1801784,0
1801929,0
1802054,0
1802112,0
1802123,0
1802238,0
1802278,0
1802449,0
1802477,0
1802582,0
1802721,0
1803189,0
1803197,0
1803222,0
1803291,0
1803293,0
1803294,0
1803362,0
1803607,0
1803669,0
1803679,0
1803687,0
1803791,0
1804093,0
1804216,0
1804262,0
1804263,0
1804269,0
1804319,0
1804352,0
1804386,0
1804446,0
1804559,0
1804564,0
1804613,0
1805087,0
1805102,0
1805106,0
1805136,0
1805171,0
1805254,0
1805269,0
1805542,0
1805587,0
1805641,0
1805645,0
1805755,0
1805762,0
1805878,0
1806077,0
1806258,0
1806344,0
1806553,0
1806567,0
1806597,0
1806691,0
1806844,0
1806903,0
1806935,0
1806969,0
1807059,0
1807282,0
1807291,0
1807417,0
1807427,0
1807632,0
1807657,0
1807677,0
1807690,0
1807719,0
1807738,0
1807759,0
1807780,0
1807941,0
1808001,0
1808010,0
1808027,0
1808363,0
1808492,0
1808542,0
1808711,0
1808799,0
1808811,0
1808865,0
1808947,0
1809024,0
1809055,0
1809269,0
1809503,0
1809593,0
1809638,0
1809732,0
1809829,0
1809907,0
1809943,0
1810205,0
1810271,0
1810297,0
1810384,0
1810626,0
1810628,0
1810649,0
1810765,0
1810793,0
1810861,0
1810871,0
1810898,0
1810953,0
1811082,0
1811173,0
1811261,0
1811487,0
1811548,0
1811566,0
1811573,0
1811713,0
1811727,0
1811916,0
1811943,0
1811956,0
1811990,0
1812001,0
1812070,0
1812131,0
1812168,0
1812284,0
1812414,0
1812541,0
1812562,0
1812619,0
1812983,0
1813039,0
1813165,0
1813200,0
1813239,0
1813297,0
1813363,0
1813445,0
1813457,0
1813485,0
1813556,0
1813807,0
1813838,0
1814058,0
1814089,0
1814101,0
1814149,0
1814244,0
1814368,0
1814435,0
1814484,0
1814503,0
1814583,0
1814622,0
1814773,0
1814927,0
1815009,0
1815036,0
1815178,0
1815281,0
1815305,0
1815532,0
1815533,0
1815563,0
1815586,0
1815762,0
1815826,0
1816051,0
1816103,0
1816114,0
1816139,0
1816158,0
1816207,0
1816424,0
1816431,0
1816489,0
1816757,0
1816894,0
1817037,0
1817059,0
1817108,0
1817189,0
1817292,0
1817439,0
1817453,0
1817467,0
1817503,0
1817604,0
1817656,0
1817727,0
1817881,0
1817998,0
1818169,0
1818178,0
1818280,0
1818284,0
1818412,0
1818508,0
1818564,0
1818652,0
1818710,0
1818769,0
1818822,0
1818874,0
1818903,0
1818929,0
1818987,0
1818990,0
1819079,0
1819170,0
1819185,0
1819223,0
1819229,0
1819331,0
1819470,0
1819698,0
1819837,0
1819867,0
1820089,0
1820130,0
1820175,0
1820289,0
1820463,0
1820652,0
1820709,0
1820732,0
1820749,0
1820787,0
1820811,0
1820958,0
1821021,0
1821181,0
1821191,0
1821301,0
1821549,0
1821670,0
1821708,0
1821717,0
1822249,0
1822430,0
1822528,0
1822575,0
1822784,0
1822878,0
1822881,0
1823043,0
1823129,0
1823284,0
1823316,0
1823386,0
1823484,0
1823588,0
1823753,0
1823824,0
1823868,0
1823973,0
1824040,0
1824183,0
1824388,0
1824456,0
1824470,0
1824596,0
1824625,0
1824646,0
1824661,0
1824815,0
1824880,0
1824922,0
1825217,0
1825232,0
1825341,0
1825452,0
1825543,0
1825630,0
1825660,0
1825787,0
1825851,0
1825967,0
1826188,0
1826366,0
1826401,0
1826575,0
1826614,0
1826719,0
1826836,0
1826854,0
1826861,0
1826862,0
1826865,0
1826909,0
1827025,0
1827102,0
1827239,0
1827386,0
1827474,0
1827538,0
1827612,0
1827659,0
1827749,0
1827818,0
1827947,0
1828049,0
1828061,0
1828071,0
1828138,0
1828207,0
1828253,0
1828404,0
1828407,0
1828456,0
1828470,0
1828716,0
1828719,0
1829063,0
1829105,0
1829145,0
1829261,0
1829403,0
1829420,0
1829473,0
1829639,0
1829668,0
1829679,0
1829821,0
1830031,0
1830392,0
1830504,0
1830551,0
1830564,0
1830649,0
1830708,0
1830964,0
1830980,0
1831151,0
1831162,0
1831226,0
1831255,0
1831402,0
1831424,0
1831521,0
1831526,0
1831560,0
1831563,0
1831610,0
1831684,0
1831718,0
1832030,0
1832119,0
1832158,0
1832283,0
1832286,0
1832299,0
1832375,0
1832428,0
1832454,0
1832762,0
1832794,0
1832911,0
1832929,0
1832950,0
1832973,0
1832983,0
1833042,0
1833121,0
1833167,0
1833171,0
1833206,0
1833231,0
1833266,0
1833336,0
1833426,0
1833429,0
1833613,0
1833771,0
1833827,0
1834076,0
1834153,0
1834255,0
1834297,0
1834420,0
1834517,0
1834552,0
1834581,0
1834624,0
1834720,0
1834740,0
1834866,0
1834942,0
1834986,0
1835057,0
1835215,0
1835217,0
1835273,0
1835493,0
1835626,0
1835682,0
1835738,0
1835765,0
1835795,0
1835805,0
1835813,0
1835834,0
1835865,0
1835890,0
1835901,0
1835921,0
1835935,0
1836394,0
1836487,0
1836535,0
1836669,0
1836836,0
1836990,0
1837158,0
1837225,0
1837255,0
1837304,0
1837348,0
1837450,0
1837456,0
1837693,0
1837795,0
1837852,0
1837875,0
1837901,0
1837919,0
1838096,0
1838100,0
1838135,0
1838176,0
1838249,0
1838306,0
1838343,0
1838427,0
1838447,0
1838466,0
1838596,0
1838716,0
1838729,0
1838776,0
1838799,0
1838887,0
1838909,0
1839026,0
1839054,0
1839062,0
1839074,0
1839208,0
1839423,0
1839550,0
1839562,0
1839589,0
1839689,0
1839787,0
1839891,0
1840236,0
1840281,0
1840350,0
1840417,0
1840548,0
1840567,0
1840700,0
1840770,0
1840812,0
1840898,0
1841072,0
1841083,0
1841129,0
1841204,0
1841215,0
1841321,0
1841353,0
1841512,0
1841538,0
1841713,0
1841740,0
1841779,0
1841836,0
1842031,0
1842116,0
1842190,0
1842198,0
1842287,0
1842463,0
1842588,0
1842667,0
1842824,0
1842846,0
1842857,0
1842884,0
1842916,0
1843433,0
1843483,0
1843517,0
1843528,0
1843552,0
1843609,0
1843610,0
1843685,0
1843792,0
1843874,0
1843932,0
1844147,0
1844187,0
1844270,0
1844287,0
1844338,0
1844430,0
1844506,0
1844514,0
1844568,0
1844592,0
1844730,0
1844880,0
1845020,0
1845033,0
1845041,0
1845073,0
1845168,0
1845176,0
1845283,0
1845413,0
1845483,0
1845564,0
1845652,0
1845674,0
1845773,0
1845830,0
1845878,0
1846046,0
1846185,0
1846186,0
1846237,0
1846265,0
1846483,0
1846486,0
1846511,0
1846525,0
1846574,0
1846582,0
1846735,0
1846761,0
1846782,0
1846919,0
1847011,0
1847109,0
1847138,0
1847226,0
1847240,0
1847243,0
1847275,0
1847323,0
1847409,0
1847412,0
1847456,0
1847580,0
1847628,0
1847683,0
1847921,0
1847957,0
1848002,0
1848250,0
1848287,0
1848470,0
1848488,0
1848849,0
1848949,0
1849098,0
1849100,0
1849123,0
1849278,0
1849287,0
1849301,0
1849330,0
1849362,0
1849392,0
1849518,0
1849522,0
1849593,0
1849705,0
1849717,0
1849795,0
1849824,0
1849864,0
1849954,0
1849980,0
1850065,0
1850074,0
1850107,0
1850160,0
1850339,0
1850343,0
1850453,0
1850669,0
1850795,0
1850969,0
1851027,0
1851133,0
1851137,0
1851190,0
1851299,0
1851356,0
1851357,0
1851406,0
1851410,0
1851412,0
1851475,0
1851562,0
1851583,0
1851759,0
1851864,0
1851959,0
1852027,0
1852041,0
1852109,0
1852131,0
1852244,0
1852370,0
1852381,0
1852489,0
1852709,0
1852730,0
1852797,0
1852837,0
1852869,0
1852904,0
1853024,0
1853089,0
1853162,0
1853311,0
1853435,0
1853708,0
1853838,0
1853851,0
1853994,0
1854115,0
1854220,0
1854226,0
1854240,0
1854340,0
1854351,0
1854440,0
1854544,0
1854559,0
1854615,0
1854620,0
1854623,0
1854723,0
1854833,0
1854940,0
1855120,0
1855330,0
1855377,0
1855389,0
1855397,0
1855426,0
1855468,0
1855700,0
1855707,0
1855731,0
1855867,0
1855891,0
1855991,0
1856011,0
1856069,0
1856106,0
1856123,0
1856384,0
1856468,0
1856492,0
1856510,0
1856530,0
1856665,0
1856713,0
1856761,0
1856808,0
1856810,0
1856865,0
1856872,0
1857127,0
1857164,0
1857775,0
1857830,1
1857835,0
1857844,0
1857909,0
1858015,0
1858182,0
1858197,0
1858216,0
1858304,0
1858466,0
1858624,0
1858670,0
1858844,0
1858970,0
1859198,0
1859283,0
1859329,0
1859361,0
1859364,0
1859382,0
1859399,0
1859471,0
1859474,0
1859514,0
1859569,0
1859697,0
1859761,0
1859883,0
1859902,0
1859991,0
1860111,0
1860159,0
1860330,0
1860448,0
1860501,0
1860605,0
1860608,0
1860661,0
1860948,0
1860987,0
1860996,0
1861015,0
1861022,0
1861049,0
1861133,0
1861181,0
1861350,0
1861408,0
1861426,0
1861524,0
1861591,0
1861653,0
1861740,0
1861812,0
1862129,0
1862201,0
1862364,0
1862509,0
1862573,0
1862583,0
1862585,0
1862745,0
1862754,0
1862791,0
1862875,0
1862898,0
1862907,0
1863142,0
1863353,0
1863390,0
1863474,0
1863505,0
1863689,0
1863721,0
1864295,0
1864304,0
1864315,0
1864388,0
1864403,0
1864404,0
1864506,0
1864565,0
1864636,0
1864698,0
1864838,0
1864845,0
1864894,0
1864938,0
1865023,0
1865127,0
1865184,0
1865202,0
1865236,0
1865255,0
1865316,0
1865356,0
1865359,0
1865361,0
1865369,0
1865418,0
1865466,0
1865526,0
1865644,0
1865676,0
1865690,0
1865693,0
1865702,0
1865737,0
1865761,0
1865765,0
1865800,0
1865816,0
1865825,0
1865854,0
1865931,0
1865981,0
1866045,0
1866065,0
1866069,0
1866072,0
1866108,0
1866121,0
1866201,0
1866216,0
1866231,0
1866240,0
1866296,0
1866373,0
1866405,0
1866412,0
1866469,0
1866470,0
1866479,0
1866510,0
1866531,0
1866554,0
1866560,0
1866565,0
1866609,0
1866625,0
1866629,0
1866658,0
1866667,0
1866672,0
1866720,0
1866774,0
1866796,0
1866830,0
1866904,0
1866911,0
1866928,0
1866943,0
1866991,0
1867033,0
1867053,0
1867054,0
1867065,0
1867251,0
1867297,0
1867330,0
1867352,0
1867354,0
1867386,0
1867429,0
1867438,0
1867686,0
1867706,0
1867738,0
1867747,0
1867761,0
1867902,0
1867905,0
1867909,0
1867919,0
1867980,0
1867998,0
1868001,0
1868029,0
1868035,0
1868036,0
1868077,0
1868220,0
1868290,0
1868344,0
1868371,0
1868384,0
1868417,0
1868443,0
1868477,0
1868535,0
1868544,0
1868564,0
1868572,0
1868607,0
1868611,0
1868615,0
1868649,0
1868661,0
1868779,0
1868821,0
1868881,0
1868890,0
1868909,0
1868934,0
1868955,0
1869009,0
1869045,0
1869046,0
1869050,0
1869054,0
1869066,0
1869187,0
1869204,0
1869302,0
1869312,0
1869316,0
1869351,0
1869353,0
1869396,0
1869410,0
1869411,0
1869478,0
1869482,0
1869506,0
1869524,0
1869525,0
1869610,0
1869632,0
1869660,0
1869677,0
1869716,0
1869723,0
1869817,0
1869891,0
1869896,0
1869974,0
1869975,0
1870000,0
1870044,0
1870060,0
1870068,0
1870105,0
1870129,0
1870174,0
1870182,0
1870269,0
1870290,0
1870305,0
1870307,0
1870353,0
1870356,0
1870396,0
1870422,0
1870427,0
1870446,0
1870542,0
1870578,0
1870605,0
1870622,0
1870647,0
1870689,0
1870702,0
1870706,0
1870773,0
1870787,0
1870811,0
1870816,0
1870868,0
1870888,0
1870920,0
1870979,0
1871000,0
1871012,0
1871055,0
1871087,0
1871139,0
1871148,0
1871204,0
1871302,0
1871303,0
1871337,0
1871346,0
1871356,0
1871412,0
1871491,0
1871513,0
1871517,0
1871547,0
1871554,0
1871591,0
1871629,0
1871648,0
1871649,0
1871662,0
1871687,0
1871692,0
1871739,0
1871762,0
1871763,0
1871768,0
1871790,0
1871814,0
1871880,0
1871956,0
1871982,0
1872003,0
1872083,0
1872085,0
1872086,0
1872093,0
1872095,0
1872116,0
1872123,0
1872208,0
1872234,0
1872242,0
1872260,0
1872277,0
1872285,0
1872286,0
1872300,0
1872310,0
1872386,0
1872405,0
1872419,0
1872444,0
1872504,0
1872507,0
1872564,0
1872594,0
1872664,0
1872694,0
1872715,0
1872724,0
1872732,0
1872823,0
1872856,0
1872906,0
1872918,0
1872972,0
1872980,0
1873035,0
1873099,0
1873116,0
1873206,0
1873208,0
1873328,0
1873347,0
1873362,0
1873363,0
1873369,0
1873480,0
1873496,0
1873547,0
1873611,0
1873709,0
1873710,0
1873715,0
1873738,0
1873741,0
1873785,0
1873877,0
1873904,0
1873954,0
1873956,0
1874004,0
1874027,0
1874053,0
1874064,0
1874069,0
1874122,0
1874131,0
1874145,0
1874152,0
1874173,0
1874266,0
1874273,0
1874303,0
1874349,0
1874390,0
1874399,0
1874405,0
1874464,0
1874505,0
1874520,0
1874530,0
1874612,0
1874613,0
1874636,0
1874758,0
1874764,0
1874772,0
1874823,0
1874887,0
1874932,0
1874950,0
1874965,0
1874979,0
1874999,0
1875056,0
1875124,0
1875171,0
1875231,0
1875243,0
1875257,0
1875271,0
1875333,0
1875450,0
1875540,0
1875553,0
1875572,0
1875607,0
1875621,0
1875653,0
1875672,0
1875687,0
1875743,0
1875750,0
1875777,0
1875790,0
1875843,0
1875914,0
1875965,0
1875967,0
1876000,0
1876005,0
1876041,0
1876081,0
1876083,0
1876119,0
1876124,0
1876138,0
1876152,0
1876165,0
1876219,0
1876222,0
1876233,0
1876272,0
1876319,0
1876320,0
1876352,0
1876360,0
1876370,0
1876376,0
1876389,0
1876414,0
1876438,0
1876441,0
1876453,0
1876459,0
1876531,0
1876578,0
1876580,0
1876593,0
1876625,0
1876636,0
1876694,0
1876712,0
1876743,0
1876754,0
1876787,0
1876798,0
1876840,0
1876897,0
1876924,0
1876926,0
1876963,0
1877029,0
1877032,0
1877034,0
1877091,0
1877185,0
1877254,0
1877259,0
1877308,0
1877359,0
1877365,0
1877395,0
1877402,0
1877442,0
1877479,0
1877538,0
1877546,0
1877566,0
1877577,0
1877638,0
1877661,0
1877691,0
1877695,0
1877707,0
1877719,0
1877728,0
1877778,0
1877780,0
1877788,0
1877853,0
1877910,0
1877983,0
1878008,0
1878024,0
1878044,0
1878123,0
1878144,0
1878155,0
1878182,0
1878233,0
1878237,0
1878256,0
1878298,0
1878302,0
1878375,0
1878444,0
1878507,0
1878525,0
1878539,0
1878630,0
1878648,0
1878678,0
1878716,0
1878739,0
1878743,0
1878748,0
1878755,0
1878756,0
1878767,0
1878848,0
1878863,0
1878921,0
1878962,0
1878995,0
1878999,0
1879009,0
1879030,0
1879033,0
1879038,0
1879051,0
1879127,0
1879170,0
1879203,0
1879204,0
1879237,0
1879315,0
1879333,0
1879343,0
1879370,0
1879380,0
1879389,0
1879434,0
1879446,0
1879465,0
1879542,0
1879559,0
1879631,0
1879636,0
1879654,0
1879671,0
1879686,0
1879704,0
1879752,0
1879759,0
1879761,0
1879798,0
1879820,0
1879827,0
1879853,0
1879895,0
1879900,0
1879924,0
1879936,0
1879944,0
1879950,0
1879997,0
1880103,0
1880136,0
1880170,0
1880194,0
1880209,0
1880247,0
1880261,0
1880378,0
1880379,0
1880422,0
1880458,0
1880474,0
1880475,0
1880503,0
1880519,0
1880522,0
1880573,0
1880590,0
1880596,0
1880602,0
1880614,0
1880631,0
1880652,0
1880670,0
1880701,0
1880731,0
1880762,0
1880778,0
1880868,0
1880920,0
1880982,0
1880984,0
1881003,0
1881004,0
1881015,0
1881048,0
1881148,0
1881161,0
1881172,0
1881197,0
1881224,0
1881258,0
1881317,0
1881331,0
1881381,0
1881403,0
1881415,0
1881455,0
1881493,0
1881496,0
1881553,0
1881604,0
1881717,0
1881776,0
1881783,0
1881825,0
1881829,0
1881843,0
1881856,0
1881910,0
1881918,0
1881950,0
1881992,0
1882027,0
1882074,0
1882091,0
1882229,0
1882238,0
1882252,0
1882273,0
1882283,0
1882300,0
1882360,0
1882407,0
1882456,0
1882513,0
1882524,0
1882527,0
1882531,0
1882538,0
1882576,0
1882638,0
1882643,0
1882654,0
1882707,0
1882895,0
1882922,0
1882931,0
1882942,0
1882956,0
1882972,0
1882997,0
1883003,0
1883042,0
1883111,0
1883125,0
1883224,0
1883318,0
1883395,0
1883437,0
1883462,0
1883463,0
1883468,0
1883529,0
1883574,0
1883592,0
1883631,0
1883703,0
1883745,0
1883753,0
1883756,0
1883769,0
1883779,0
1883838,0
1883869,0
1883899,0
1883910,0
1883924,0
1883946,0
1883987,0
1884010,0
1884040,0
1884079,0
1884097,0
1884123,0
1884136,0
1884200,0
1884206,0
1884214,0
1884216,0
1884258,0
1884283,0
1884286,0
1884369,0
1884416,0
1884447,0
1884502,0
1884504,0
1884508,0
1884511,0
1884554,0
1884572,0
1884592,0
1884624,0
1884646,0
1884660,0
1884770,0
1884785,0
1884885,0
1884913,0
1884919,0
1884950,0
1885011,0
1885055,0
1885094,0
1885147,0
1885156,0
1885167,0
1885225,0
1885292,0
1885301,0
1885329,0
1885353,0
1885364,0
1885376,0
1885380,0
1885384,0
1885392,0
1885393,0
1885401,0
1885410,0
1885417,0
1885426,0
1885440,0
1885442,0
1885457,0
1885523,0
1885546,0
1885634,0
1885644,0
1885662,0
1885759,0
1885801,0
1885891,0
1885938,0
1885949,0
1885954,0
1885992,0
1886011,0
1886041,0
1886046,0
1886080,0
1886084,0
1886094,0
1886104,0
1886142,0
1886258,0
1886357,0
1886389,0
1886402,0
1886426,0
1886437,0
1886499,0
1886526,0
1886543,0
1886554,0
1886567,0
1886575,0
1886665,0
1886704,0
1886708,0
1886743,0
1886784,0
1886791,0
1886795,0
1886842,0
1886853,0
1886858,0
1886885,0
1886937,0
1886997,0
1887082,0
1887099,0
1887164,0
1887205,0
1887208,0
1887242,0
1887259,0
1887283,0
1887313,0
1887387,0
1887414,0
1887473,0
1887490,0
1887495,0
1887538,0
1887555,0
1887641,0
1887650,0
1887709,0
1887710,0
1887787,0
1887817,0
1887824,0
1887839,0
1887840,0
1887899,0
1887912,0
1888007,0
1888014,0
1888022,0
1888037,0
1888105,0
1888129,0
1888296,0
1888306,0
1888333,0
1888388,0
1888395,0
1888606,0
1888648,0
1888671,0
1888685,0
1888742,0
1888746,0
1888765,0
1888817,0
1888822,0
1888849,0
1888855,0
1888878,0
1888898,0
1888987,0
1888997,0
1889066,0
1889079,0
1889100,0
1889101,0
1889116,0
1889123,0
1889133,0
1889231,0
1889261,0
1889427,0
1889432,0
1889447,0
1889452,0
1889605,0
1889617,0
1889621,0
1889714,0
1889731,0
1889781,0
1889816,0
1889842,0
1889845,0
1889900,0
1889944,0
1889957,0
1889984,0
1889985,0
1890085,0
1890169,0
1890172,0
1890180,0
1890188,0
1890319,0
1890338,0
1890341,0
1890345,0
1890377,0
1890386,0
1890387,0
1890423,0
1890425,0
1890459,0
1890508,0
1890561,0
1890565,0
1890651,0
1890693,0
1890708,0
1890723,0
1890778,0
1890801,0
1890843,0
1890857,0
1890942,0
1890945,0
1891052,0
1891130,0
1891183,0
1891447,0
1891527,0
1891546,0
1891678,0
1891716,0
1891720,0
1891782,0
1891806,0
1891829,0
1891846,0
1891882,0
1891885,0
1891893,0
1891918,0
1891955,0
1891956,0
1891960,0
1891962,0
1892139,0
1892140,0
1892166,0
1892171,0
1892195,0
1892284,0
1892333,0
1892366,1
1892379,0
1892447,0
1892553,0
1892590,0
1892645,0
1892668,0
1892734,0
1892821,0
1892901,0
1892903,0
1892942,0
1892956,0
1892991,0
1893020,0
1893038,0
1893079,0
1893091,0
1893112,0
1893130,0
1893332,0
1893366,0
1893387,0
1893404,0
1893456,0
1893482,0
1893524,0
1893539,0
1893545,0
1893550,0
1893556,0
1893582,0
1893610,0
1893637,0
1893669,0
1893683,0
1893731,0
1893752,0
1893879,0
1894042,0
1894049,0
1894053,0
1894121,0
1894152,0
1894186,0
1894304,0
1894323,0
1894329,0
1894331,0
1894376,0
1894379,0
1894399,0
1894418,0
1894464,0
1894478,0
1894479,0
1894573,0
1894600,0
1894629,0
1894685,0
1894721,0
1894739,0
1894779,0
1894780,0
1894783,0
1894802,0
1894858,0
1894863,0
1894969,0
1894997,0
1895083,0
1895099,0
1895197,0
1895302,0
1895347,0
1895367,0
1895378,0
1895383,0
1895404,0
1895478,0
1895498,0
1895501,0
1895581,0
1895594,0
1895683,0
1895684,0
1895705,0
1895764,0
1895905,0
1895976,0
1896004,0
1896087,0
1896192,0
1896237,0
1896242,0
1896307,0
1896309,0
1896310,0
1896330,0
1896333,0
1896356,0
1896432,0
1896435,0
1896465,0
1896488,0
1896532,0
1896562,0
1896627,0
1896628,0
1896648,0
1896651,0
1896725,0
1896728,0
1896755,0
1896809,0
1896913,0
1896919,0
1896940,0
1896967,0
1897063,0
1897068,0
1897104,0
1897233,0
1897243,0
1897275,0
1897276,0
1897358,0
1897366,0
1897385,0
1897400,0
1897420,0
1897422,0
1897449,0
1897457,0
1897460,0
1897474,0
1897482,0
1897493,0
1897518,0
1897601,0
1897603,0
1897661,0
1897667,0
1897677,0
1897704,0
1897730,0
1897822,0
1897871,0
1897878,0
1897887,0
1897941,0
1898035,0
1898057,0
1898086,0
1898116,0
1898143,0
1898149,0
1898174,0
1898206,0
1898254,0
1898284,0
1898321,0
1898421,0
1898544,0
1898564,0
1898615,0
1898634,0
1898647,0
1898938,0
1898945,0
1899204,0
1899390,0
1899421,0
1899453,0
1899594,0
1899664,0
1899746,0
1899883,0
1900194,0
1900290,0
1900373,0
1900467,0
1900524,0
1900989,0
1901069,0
1901110,0
1901210,0
1901249,0
1901464,0
1901504,0
1901531,0
1901588,0
1901674,0
1901682,0
1901838,0
1902291,0
1902432,0
1902460,0
1902520,0
1902561,0
1902767,0
1902975,0
1903261,0
1903454,0
1903455,0
1903757,0
1903992,0
1904024,0
1904045,0
1904154,0
1904336,0
1904417,0
1904651,0
1904698,0
1904792,0
1904796,0
1904850,0
1905068,0
1905104,0
1905211,0
1905244,0
1905295,0
1905430,0
1905516,0
1905553,0
1905573,0
1905623,0
1905645,0
1905880,0
1905962,0
1906059,0
1906139,0
1906334,0
1906505,0
1906508,0
1906755,0
1907041,0
1907300,0
1907426,0
1907471,0
1907502,0
1907524,0
1907628,0
1907751,0
1907767,0
1907850,0
1907889,0
1907898,0
1908104,0
1908191,0
1908472,0
1908532,0
1908564,0
1908600,0
1908606,0
1908770,0
1908871,0
1908914,0
1909092,0
1909120,0
1909204,0
1909294,0
1909300,0
1909348,0
1909380,0
1909435,0
1909485,0
1909589,0
1909724,0
1909739,0
1909836,0
1909860,0
1909908,0
1909994,0
1910324,0
1910446,0
1910457,0
1910503,0
1910607,0
1910618,0
1910644,0
1910691,0
1910805,0
1910846,0
1911098,0
1911127,0
1911349,0
1911504,0
1911624,0
1911722,0
1912185,0
1912273,0
1912283,0
1912396,0
1912415,0
1912559,0
1912645,0
1912905,0
1912920,0
1912933,0
1912937,0
1913020,0
1913021,0
1913087,0
1913131,0
1913256,0
1913321,0
1913355,0
1913363,0
1913429,0
1913473,0
1913580,0
1913606,0
1913710,0
1913782,0
1913803,0
1913825,0
1913932,0
1914144,0
1914422,0
1914459,0
1914541,0
1914590,0
1914658,0
1914801,0
1914846,0
1914933,0
1915027,0
1915059,0
1915098,0
1915459,0
1915687,0
1915794,0
1915796,0
1915906,0
1915915,0
1916207,0
1916453,0
1916602,0
1916793,0
1916859,0
1916882,0
1916897,0
1916943,0
1916968,0
1917011,0
1917146,0
1917205,0
1917252,0
1917340,0
1917504,0
1917520,0
1917527,0
1917561,0
1917563,0
1917691,0
1917801,0
1917832,0
1917836,0
1918067,0
1918152,0
1918470,0
1918675,0
1918691,0
1918712,0
1918718,0
1918802,0
1918816,0
1918898,0
1919001,0
1919074,0
1919192,0
1919226,0
1919370,0
1919409,0
1919533,0
1919537,0
1919559,0
1919580,0
1919641,0
1919831,0
1919841,0
1919868,0
1919899,0
1919979,0
1919988,0
1920173,0
1920226,0
1920342,0
1920386,0
1920447,0
1920541,0
1920640,0
1920666,0
1920788,0
1920849,0
1920856,0
1920976,0
1921534,0
1921654,0
1921747,0
1922174,0
1922179,0
1922250,0
1922329,0
1922346,0
1922428,0
1922432,0
1922566,0
1922621,0
1922727,0
1922753,0
1922761,0
1922803,0
1922840,0
1922883,0
1922887,0
1922946,0
1922985,0
1923056,0
1923161,0
1923235,0
1923284,0
1923294,0
1923404,0
1923470,0
1923699,0
1923857,0
1924054,0
1924103,0
1924203,0
1924215,0
1924260,0
1924299,0
1924333,0
1924405,0
1924496,0
1924545,0
1924739,0
1924796,0
1924801,0
1924871,0
1924905,0
1924967,0
1925109,0
1925126,0
1925134,0
1925218,0
1925280,0
1925336,0
1925366,0
1925511,0
1925522,0
1925601,0
1925730,0
1925759,0
1925865,0
1925904,0
1925974,0
1926235,0
1926305,0
1926362,0
1926459,0
1926551,0
1926743,0
1926769,0
1926884,0
1927167,0
1927297,0
1927371,0
1927789,0
1927907,0
1928104,0
1928260,0
1928311,0
1928349,0
1928723,0
1928733,0
1928985,0
1929085,0
1929228,0
1929284,0
1929333,0
1929364,0
1929781,0
1930065,0
1930124,0
1930160,0
1930226,0
1930227,0
1930366,0
1930564,0
1930680,0
1930853,0
1930913,0
1930970,0
1930978,0
1931202,0
1931218,0
1931302,0
1931316,0
1931360,0
1931552,0
1931629,0
1931773,0
1931876,0
1931951,0
1932130,0
1932144,0
1932300,0
1932310,0
1932497,0
1932498,1
1932529,0
1932635,0
1932751,0
1932782,0
1932828,0
1932845,0
1932893,0
1932961,0
1932977,0
1933041,0
1933049,0
1933153,0
1933175,0
1933184,0
1933263,0
1933269,0
1933274,0
1933406,0
1933535,0
1933583,0
1933635,0
1933764,0
1933863,0
1933932,0
1933957,0
1934294,0
1934364,0
1934433,0
1934490,0
1934513,0
1934630,0
1934666,0
1934791,0
1934841,0
1934850,0
1934894,0
1934966,0
1935184,0
1935241,0
1935419,0
1935458,0
1935840,0
1935870,0
1935999,0
1936051,0
1936098,0
1936206,0
1936211,0
1936450,0
1936539,0
1936601,0
1936705,0
1936761,0
1936772,0
1936818,0
1936904,0
1936923,0
1937025,0
1937063,0
1937114,0
1937429,0
1937478,0
1937520,0
1937523,0
1937599,0
1937618,0
1937650,0
1937672,0
1937675,0
1937801,0
1937803,0
1937837,0
1937856,0
1938031,0
1938075,0
1938142,0
1938221,0
1938527,0
1939077,0
1939088,0
1939094,0
1939146,0
1939163,0
1939206,0
1939233,0
1939271,0
1939273,0
1939352,0
1939359,0
1939379,0
1939479,0
1939566,0
1939679,0
1939949,0
1939987,0
1940016,0
1940116,0
1940118,0
1940120,0
1940151,0
1940249,0
1940322,0
1940331,0
1940424,0
1940506,0
1940508,0
1940532,0
1940565,0
1940887,0
1941245,0
1941260,0
1941273,0
1941289,0
1941330,0
1941514,0
1941554,0
1941595,0
1941806,0
1942100,0
1942174,0
1942194,0
1942195,0
1942381,0
1942515,0
1942607,0
1942615,0
1942657,0
1942761,0
1942859,0
1942861,0
1942971,0
1943367,0
1943443,0
1943510,0
1943517,0
1943631,0
1943669,0
1943891,0
1943915,0
1944144,0
1944231,0
1944244,0
1944250,0
1944347,0
1944350,0
1944425,0
1944477,0
1944496,0
1944508,0
1944739,0
1944835,0
1945105,0
1945203,0
1945293,0
1945345,0
1945372,0
1945440,0
1945479,0
1945505,0
1945527,0
1945896,0
1945934,0
1945994,0
1946038,0
1946044,0
1946282,0
1946349,0
1946437,0
1946567,0
1946664,0
1946710,0
1946815,0
1946855,0
1946866,0
1947210,0
1947227,0
1947375,0
1947553,0
1947747,0
1947873,0
1947927,0
1947960,0
1948013,0
1948058,0
1948175,0
1948176,0
1948281,0
1948328,0
1948528,0
1948572,0
1948682,0
1949035,0
1949196,0
1949212,0
1949480,0
1949497,0
1949581,0
1949654,0
1949818,0
1949846,0
1949935,0
1950011,0
1950425,0
1950441,0
1950762,0
1950857,0
1951096,0
1951560,0
1951726,0
1951764,0
1951780,0
1951966,0
1952109,0
1952131,0
1952503,0
1952600,0
1952738,0
1952833,0
1952870,0
1952973,0
1953020,0
1953049,0
1953105,0
1953133,0
1953143,0
1953189,0
1953231,0
1953239,0
1953314,0
1953603,0
1953636,0
1953638,0
1953683,0
1953760,0
1953848,0
1953976,0
1954184,0
1954452,0
1954669,0
1954712,0
1954807,0
1954956,0
1954968,0
1955011,0
1955322,0
1955406,0
1955414,0
1955444,0
1955547,0
1955562,0
1955870,0
1956030,0
1956049,0
1956127,0
1956150,0
1956198,0
1956426,0
1956649,0
1956826,0
1957036,0
1957080,0
1957203,0
1957320,0
1957342,0
1957627,0
1957703,0
1957966,0
1958177,0
1958496,0
1958578,0
1958691,0
1958694,0
1958858,0
1958976,0
1958991,0
1959120,0
1959178,0
1959323,0
1959528,0
1959561,0
1959746,0
1959806,0
1960124,0
1960322,0
1960449,0
1960538,0
1960575,0
1960613,0
1960861,0
1960940,0
1960998,0
1961119,0
1961170,0
1961314,0
1961387,0
1961493,0
1961626,0
1961716,0
1961721,0
1961763,0
1961793,0
1961869,0
1961935,0
1962042,0
1962256,0
1962453,0
1962484,0
1962876,0
1962938,0
1962956,0
1963278,0
1963544,0
1963626,0
1963759,0
1963842,0
1963981,0
1964042,0
1964073,0
1964297,0
1964379,0
1964437,0
1964578,0
1964643,0
1964675,0
1964865,0
1964997,0
1965034,0
1965160,0
1965290,0
1965373,0
1965469,0
1965475,0
1965604,0
1965680,0
1965895,0
1966076,0
1966115,0
1966130,0
1966244,0
1966348,0
1966426,0
1966446,0
1966470,0
1966474,0
1966577,0
1966661,0
1966890,0
1966934,0
1967012,0
1967265,0
1967324,0
1967479,0
1967575,0
1967631,0
1967632,0
1967633,0
1967717,0
1967757,0
1967919,0
1967931,0
1967949,0
1967970,0
1967998,0
1968330,0
1968355,0
1968531,0
1968666,0
1968681,0
1968864,0
1968872,0
1968956,0
1969017,0
1969070,0
1969223,0
1969318,0
1969370,0
1969463,0
1969673,0
1969734,0
1969806,0
1970036,0
1970492,0
1970932,0
1971037,0
1971100,0
1971176,0
1971792,0
1971979,0
1972074,0
1972109,0
1972121,0
1972169,0
1972178,0
1972283,0
1972296,0
1972407,0
1972524,0
1972793,0
1972985,0
1973267,0
1973389,0
1973394,0
1973433,0
1973449,0
1973650,0
1973670,0
1973694,0
1974082,0
1974175,0
1974289,0
1974330,0
1974340,0
1974389,0
1974437,0
1974453,0
1974528,0
1974553,0
1974616,0
1974684,0
1974757,0
1974854,0
1974934,0
1975345,0
1975558,0
1975575,0
1975628,0
1975743,0
1975932,0
1976313,0
1976336,0
1976370,0
1976536,0
1976653,0
1976721,0
1976787,0
1976880,0
1976993,0
1977141,0
1977158,0
1977180,0
1977276,0
1977320,0
1977327,0
1977400,0
1977534,0
1977640,0
1977893,0
1978113,0
1978176,0
1978203,0
1978253,0
1978263,0
1978330,0
1978772,0
1978806,0
1978847,0
1979060,0
1979098,0
1979120,0
1979225,0
1979305,0
1979452,0
1979454,0
1979499,0
1979533,0
1979621,0
1979911,0
1980139,0
1980200,0
1980286,0
1980344,0
1980644,0
1980773,0
1980852,0
1980857,0
1981054,0
1981085,0
1981208,0
1981258,0
1981546,0
1981802,0
1981939,0
1981959,0
1982018,0
1982470,0
1982505,0
1982540,0
1982615,0
1982675,0
1982867,0
1982873,0
1982898,0
1982905,0
1983097,0
1983141,0
1983282,0
1983456,0
1983591,0
1983732,0
1983733,0
1983820,0
1983931,0
1984095,0
1984260,0
1984339,0
1984440,0
1984482,0
1984521,0
1984695,0
1984707,0
1984721,0
1984766,0
1984771,0
1984843,0
1985140,0
1985145,0
1985397,0
1985522,0
1985550,0
1985560,0
1986017,0
1986314,0
1986379,0
1986386,0
1986626,0
1986832,0
1986972,0
1987030,0
1987101,0
1987172,0
1987267,0
1987292,0
1987336,0
1987413,0
1987471,0
1987483,0
1987571,0
1987673,0
1987696,0
1987742,0
1988067,0
1988391,0
1988407,0
1988464,0
1988530,0
1988840,0
1988937,0
1989059,0
1989112,0
1989122,0
1989316,0
1989338,0
1989388,0
1989405,0
1989420,0
1989620,0
1989737,0
1989788,0
1989970,0
1990071,0
1990184,0
1990190,0
1990549,0
1990573,0
1990638,1
1990822,0
1991167,0
1991241,0
1991518,0
1991758,0
1991915,0
1991980,0
1992042,0
1992136,0
1992184,0
1992236,0
1992373,0
1992400,0
1992473,0
1992555,0
1992595,0
1992619,0
1992918,0
1992922,0
1993045,0
1993093,0
1993207,0
1993317,0
1993331,0
1993547,0
1993584,0
1993614,0
1993617,0
1993755,0
1994175,0
1994345,0
1994362,0
1994531,0
1994573,0
1994708,0
1994728,0
1994732,0
1994743,0
1994816,0
1994891,0
1994964,0
1995145,0
1995329,0
1995716,0
1995992,0
1996157,0
1996219,0
1996415,0
1996433,0
1996502,0
1996568,0
1996618,0
1996640,0
1996665,0
1996842,0
1996896,0
1996985,0
1997217,0
1997485,0
1997544,0
1998020,0
1998120,0
1998323,0
1998520,0
1998612,0
1998745,0
1998773,0
1999050,0
1999122,0
1999175,0
1999182,0
1999328,0
1999342,0
1999459,0
1999461,0
1999482,0
1999510,0
1999647,0
1999810,0
1999875,0
1999937,0
2000015,0
2000036,0
2000147,0
2000179,0
2001024,0
2001096,0
2001151,0
2001152,0
2001241,0
2001356,0
2001382,0
2001464,0
2001988,0
2002009,0
2002189,0
2002255,0
2002427,0
2002476,0
2002601,0
2002602,0
2002724,0
2002749,0
2002882,0
2002916,0
2003052,0
2003143,0
2003153,0
2003285,0
2003340,0
2003594,0
2003648,0
2003658,0
2003806,0
2003862,0
2003863,0
2003892,0
2004112,0
2004315,0
2004325,0
2004579,0
2004590,0
2004729,0
2004758,0
2004794,0
2004861,0
2004946,0
2005160,0
2005239,0
2005247,0
2005371,0
2005450,0
2005547,0
2006027,0
2006035,0
2006048,0
2006174,0
2006192,0
2006211,0
2006286,0
2006327,0
2006360,0
2006494,0
2006667,0
2006847,0
2006944,0
2006960,0
2007145,0
2007319,0
2007479,0
2007539,0
2007633,0
2007758,0
2007777,0
2007803,0
2007937,0
2007968,0
2008151,0
2008154,0
2008226,0
2008333,0
2008479,0
2008484,0
2008527,0
2008806,0
2008942,0
2009058,0
2009235,0
2009313,0
2009336,0
2009378,0
2009512,0
2009513,0
2009563,0
2009904,0
2009928,0
2009986,0
2010110,0
2010174,0
2010337,0
2010384,0
2010402,0
2010451,0
2010571,0
2010696,0
2010760,0
2010779,0
2010813,0
2010932,0
2011006,0
2011162,0
2011286,0
2011352,0
2011479,0
2011513,0
2011594,0
2011621,0
2011629,0
2011658,0
2011760,0
2011897,0
2011952,0
2012253,0
2012353,0
2012492,0
2012664,0
2012785,0
2012980,0
2013064,0
2013348,0
2013359,0
2013454,0
2013603,0
2013648,0
2013833,0
2014090,0
2014244,0
2014406,0
2014461,0
2014468,0
2014611,0
2014724,0
2014765,0
2015028,0
2015046,0
2015146,0
2015235,0
2015297,0
2015395,0
2015411,0
2015452,0
2015489,0
2015630,0
2015659,0
2015993,0
2016013,0
2016056,0
2016063,0
2016161,0
2016243,0
2016282,0
2016341,0
2016362,0
2016366,0
2016465,0
2016473,0
2016484,0
2016596,0
2016669,0
2016725,0
2016916,0
2017161,0
2017223,0
2017319,0
2017331,0
2017361,0
2017669,0
2017683,0
2017851,0
2017886,0
2017891,0
2017964,0
2017991,0
2018134,0
2018255,0
2018394,0
2018460,0
2018655,0
2018718,0
2018743,0
2018851,0
2018936,0
2019044,0
2019204,0
2019213,0
2019416,0
2019466,0
2019542,0
2019585,0
2020211,0
2020227,0
2020237,0
2020348,0
2020399,0
2020496,0
2020501,0
2020559,0
2020582,0
2020787,0
2020905,0
2020982,0
2021003,0
2021067,0
2021172,0
2021205,0
2021221,0
2021225,0
2021565,0
2021644,0
2021726,0
2022022,0
2022146,0
2022188,0
2022189,0
2022193,0
2022408,0
2022508,0
2022711,0
2023149,0
2023265,0
2023340,0
2023456,0
2023563,0
2023648,0
2023751,0
2023761,0
2023763,0
2023764,0
2023851,0
2023868,0
2023969,0
2024297,0
2024382,0
2024412,0
2024491,0
2024528,0
2024597,0
2024706,0
2024731,0
2024887,0
2024915,0
2024943,0
2025033,0
2025089,0
2025464,0
2025576,0
2025737,0
2025821,0
2026045,0
2026055,0
2026237,0
2026396,0
2026408,0
2026418,0
2026566,0
2026620,0
2026739,0
2026834,0
2026995,0
2027053,0
2027192,0
2027540,0
2027650,0
2027681,0
2027769,0
2027895,0
2027978,0
2028013,0
2028051,0
2028134,0
2028146,0
2028193,0
2028293,0
2028312,0
2028368,0
2028541,0
2028718,0
2028749,0
2028795,0
2029145,0
2029408,0
2029551,0
2029631,0
2029685,0
2029787,0
2029809,0
2029908,0
2029924,0
2029931,0
2030040,0
2030115,0
2030540,0
2030647,0
2030821,0
2030875,0
2030982,0
2031005,0
2031072,0
2031176,0
2031292,0
2031310,0
2031356,0
2031472,0
2031679,0
2031927,0
2031957,0
2031996,0
2032293,0
2032356,0
2032434,0
2032501,0
2032598,0
2032665,0
2032681,0
2032724,0
2032824,0
2032970,0
2033007,0
2033141,0
2033167,0
2033193,0
2033245,0
2033360,0
2033435,0
2033677,0
2033728,0
2033732,0
2033755,0
2034292,0
2034318,0
2034503,0
2034606,0
2034639,0
2034712,0
2034749,0
2034821,0
2034957,0
2034976,0
2034997,0
2035008,0
2035014,0
2035030,0
2035053,0
2035081,0
2035221,0
2035307,0
2035336,0
2035385,0
2035408,0
2035569,0
2035848,0
2036270,0
2036327,0
2036407,0
2036433,0
2036639,0
2036852,0
2037082,0
2037192,0
2037406,0
2037642,0
2037823,0
2038012,0
2038064,0
2038158,0
2038159,0
2038209,0
2038288,0
2038517,0
2038549,0
2038641,0
2038660,0
2038680,0
2038705,0
2038902,0
2038979,0
2039175,0
2039198,0
2039776,0
2039845,0
2039849,0
2039950,0
2040046,0
2040282,0
2040558,0
2040647,0
2040782,0
2040902,0
2040913,0
2041261,0
2041525,0
2041544,0
2041547,0
2041600,0
2041752,0
2042238,0
2042396,0
2042451,0
2042620,0
2042624,1
2042678,0
2043288,0
2043383,0
2043405,0
2043944,0
2044059,0
2044184,0
2044201,0
2044232,0
2044352,0
2044384,0
2044466,0
2044551,0
2044645,0
2044935,0
2045037,0
2045158,0
2045165,0
2045368,0
2045408,0
2045513,0
2045548,0
2045586,0
2045662,0
2045731,0
2045793,0
2045815,0
2046013,0
2046026,0
2046029,0
2046218,0
2046385,0
2046469,0
2046472,0
2046552,0
2046681,0
2046716,0
2046813,0
2046826,0
2046845,0
2046926,0
2046934,0
2047298,0
2047331,0
2047394,0
2047463,0
2047614,0
2047616,0
2047644,0
2047964,0
2047984,0
2048003,0
2048089,0
2048103,0
2048138,0
2048415,0
2048459,0
2048586,0
2048751,0
2048855,0
2048973,0
2049035,0
2049331,0
2049333,0
2049472,0
2049492,0
2049567,0
2049586,0
2049732,0
2049759,0
2049785,0
2050034,0
2050654,0
2050697,0
2050761,0
2050789,0
2050829,0
2050987,0
2051086,0
2051530,0
2051556,0
2051668,0
2051799,0
2051964,0
2052035,0
2052078,0
2052133,0
2052177,0
2052317,0
2052341,0
2052365,0
2052643,0
2052644,0
2052813,0
2052992,0
2053109,0
2053113,0
2053121,0
2053211,0
2053323,0
2053896,0
2054073,0
2054131,0
2054166,0
2054360,0
2054375,0
2054701,0
2054750,0
2054824,0
2054930,0
2055205,0
2055553,0
2055933,0
2055989,0
2055991,0
2056418,0
2056446,0
2056450,0
2056526,0
2056793,0
2056870,0
2057032,0
2057105,0
2057169,0
2057556,0
2057664,0
2057687,0
2057750,0
2057862,0
2057955,0
2058049,0
2058445,0
2058504,0
2058826,0
2058855,0
2058995,0
2059056,0
2059151,0
2059198,0
2059391,0
2059428,0
2059797,0
2059940,0
2059992,0
2060111,0
2060207,0
2060272,0
2060329,0
2060397,0
2060777,0
2060804,0
2060807,0
2061094,0
2061505,0
2061582,0
2061830,0
2061844,0
2062419,0
2062504,0
2062527,0
2062536,0
2062807,0
2063442,0
2063779,0
2063867,0
2063872,0
2064030,0
2064118,0
2064165,0
2064230,0
2064423,0
2064505,0
2064556,0
2064738,0
2064929,0
2065156,0
2065861,0
2066012,0
2066304,0
2066504,0
2066515,0
2066716,0
2067239,0
2067265,0
2067346,0
2067350,0
2067773,0
2067869,0
2068121,0
2068193,0
2068400,0
2068512,0
2068672,0
2068760,0
2068980,0
2069059,0
2069178,0
2069319,0
2069410,0
2069430,0
2069829,0
2070008,0
2070081,0
2070122,0
2070186,0
2070359,0
2070377,0
2070800,0
2070827,0
2070964,0
2070978,0
2071015,0
2071270,0
2071308,0
2071366,0
2071396,0
2071518,0
2071669,0
2071969,0
2072277,0
2072437,0
2072528,0
2072549,0
2072855,0
2072894,0
2072897,0
2072903,0
2073028,0
2073229,0
2073282,0
2073308,0
2073348,0
2073383,0
2073473,0
2073550,0
2073671,0
2073729,0
2073789,0
2073948,0
2074025,0
2074565,0
2074595,0
2074603,0
2074642,0
2074674,0
2074887,0
2074979,0
2075132,0
2075275,0
2075335,0
2075350,0
2075378,0
2075502,0
2075562,0
2075622,0
2075684,0
2075713,0
2076037,0
2076045,0
2076420,0
2076442,0
2076723,0
2076787,0
2076923,0
2076927,0
2077051,0
2077344,0
2077409,0
2077540,0
2077572,0
2077694,0
2077797,0
2077945,0
2078077,0
2078249,0
2078318,0
2078433,0
2078523,0
2078587,0
2078928,0
2079022,0
2079075,0
2079353,0
2079571,0
2079575,0
2079666,0
2079781,0
2079874,0
2079963,0
2080204,0
2080265,0
2080318,0
2080451,0
2080598,0
2080875,0
2081003,0
2081191,0
2081241,0
2081264,0
2081464,0
2081623,0
2081767,0
2081803,0
2081895,0
2081958,0
2081994,0
2081998,0
2082236,0
2082330,0
2082351,0
2082418,0
2082515,0
2082628,0
2083005,0
2083079,0
2083154,0
2083241,0
2083330,0
2083344,0
2083459,0
2083487,0
2083556,0
2083569,0
2083780,0
2084043,0
2084061,0
2084168,0
2084436,0
2084455,0
2084474,0
2084612,0
2084614,0
2084779,0
2084893,0
2084929,0
2085063,0
2085295,0
2085482,0
2085486,0
2085563,0
2085632,0
2085750,0
2085775,0
2085900,0
2085925,0
2086103,0
2086162,0
2086329,0
2086401,0
2086649,0
2086690,0
2086712,0
2086736,0
2086826,0
2086876,0
2086982,0
2087038,0
2087090,0
2087227,0
2087383,0
2087414,0
2087523,0
2087568,0
2087811,0
2088084,0
2088097,0
2088114,0
2088263,0
2088355,0
2088387,0
2088555,0
2088580,0
2088704,0
2088769,0
2088903,0
2089138,0
2089272,0
2089446,0
2089650,0
2089708,0
2089789,0
2089806,0
2090061,0
2090096,0
2090223,0
2090551,0
2090596,0
2090859,0
2090870,0
2091015,0
2091162,0
2091220,0
2091283,0
2091324,0
2091378,0
2091384,0
2091497,0
2091542,0
2091648,0
2091676,0
2091862,0
2091897,0
2091964,0
2091967,0
2092175,0
2092251,0
2092304,0
2092356,0
2092460,0
2092504,0
2093234,0
2093264,0
2093665,0
2093938,0
2094038,0
2094074,0
2094376,0
2094462,0
2094808,0
2095075,0
2095202,0
2095401,0
2095546,0
2095981,0
2096052,0
2096093,0
2096200,0
2096253,0
2096290,0
2096337,0
2096353,0
2096437,0
2096441,0
2096524,0
2096548,0
2096580,0
2096588,0
2096658,0
2096734,0
2096788,0
2097065,0
2097178,0
2097406,0
2097632,0
2097663,0
2097852,0
2097917,0
2097977,0
2098285,0
2098494,0
2098506,0
2098718,0
2098971,0
2099075,0
2099221,0
2099382,0
2099426,0
2099618,0
2099759,0
2099917,0
2100044,0
2100071,0
2100280,0
2100633,0
2100884,0
2100969,0
2101529,0
2101655,0
2101880,0
2102015,0
2102033,0
2102040,0
2102594,0
2102760,0
2102922,0
2103109,0
2103339,0
2103437,0
2103565,0
2103644,0
2103668,0
2103721,0
2103765,0
2103841,0
2104152,0
2104203,0
2104346,0
2104474,0
2104622,0
2104809,0
2104964,0
2105081,0
2105210,0
2105294,0
2105376,0
2105540,0
2105642,0
2105772,0
2105881,0
2105913,0
2106132,0
2106212,0
2106349,0
2106665,0
2106710,0
2106991,0
2107010,0
2107031,0
2107036,0
2107418,0
2107554,0
2107649,0
2107687,0
2107828,0
2107900,0
2107901,0
2107911,0
2108052,0
2108096,0
2108215,0
2108327,0
2108379,0
2108472,0
2108643,0
2108689,0
2108813,0
2108919,0
2109146,0
2109273,0
2109285,0
2109479,0
2109787,0
2110128,0
2110368,0
2110373,0
2110453,0
2110491,0
2110603,0
2110667,0
2110839,0
2110879,0
2110971,0
2112001,0
2112330,0
2112392,0
2112398,0
2112475,0
2112511,0
2112513,0
2112566,0
2112812,0
2112852,0
2112920,0
2112981,0
2113166,0
2113297,0
2113306,0
2113488,0
2113491,0
2113595,0
2113784,0
2113827,0
2113968,0
2114073,0
2114162,0
2114175,0
2114310,0
2114771,0
2115086,0
2115400,0
2116045,0
2116055,0
2116308,0
2116339,0
2116619,0
2116691,0
2116740,0
2116800,0
2116912,0
2116950,0
2117199,0
2117243,0
2117389,0
2117419,0
2117424,0
2117529,0
2117539,0
2117668,0
2117781,0
2117851,0
2117888,0
2117917,0
2118078,0
2118264,0
2118403,0
2118569,0
2118584,0
2118943,0
2119039,0
2119041,0
2119202,0
2119253,0
2119421,0
2119703,0
2119825,0
2119943,0
2120017,0
2120132,0
2120140,0
2120228,0
2120347,0
2120371,0
2120846,0
2121416,0
2121495,0
2121504,0
2121756,0
2121777,0
2121978,0
2122169,0
2122252,0
2122473,0
2122540,0
2122701,0
2122715,0
2122957,0
2123179,0
2123394,0
2123395,0
2123434,0
2123634,0
2123703,0
2123752,0
2123893,0
2124068,0
2124327,0
2124537,0
2124538,0
2124601,0
2124671,0
2124704,0
2124866,0
2125414,0
2125700,0
2125914,0
2125944,0
2126053,0
2126149,0
2126342,0
2126708,0
2126903,0
2127435,0
2127437,0
2127510,0
2127553,0
2127652,0
2127745,0
2127809,0
2128425,0
2128442,0
2128580,0
2128662,0
2128816,0
2128825,0
2128828,0
2128854,0
2128905,0
2128922,0
2129015,0
2129145,0
2129274,0
2129362,0
2129540,0
2129621,0
2129726,0
2129827,0
2129990,0
2130024,0
2130058,0
2130074,0
2130105,0
2130120,0
2130131,0
2130503,0
2130517,0
2130736,0
2130917,0
2131046,0
2131182,0
2131245,0
2131279,0
2131385,0
2131555,0
2131715,0
2131856,0
2131957,0
2132091,0
2132208,0
2132401,0
2132496,0
2132606,0
2132632,0
2132696,0
2132872,0
2132873,0
2133138,0
2133194,0
2133249,0
2133400,0
2133402,0
2133533,0
2133600,0
2133608,0
2133629,0
2133866,0
2134219,0
2134299,0
2134402,0
2134409,0
2134745,0
2134949,0
2135119,0
2135207,0
2135251,0
2135402,0
2135474,0
2135622,0
2135779,0
2135942,0
2135974,0
2135985,0
2135994,0
2135998,0
2136013,0
2136135,0
2136304,0
2136323,0
2136353,0
2136415,0
2136562,0
2136608,0
2136635,0
2136738,0
2137094,0
2137160,0
2137218,0
2137344,0
2137377,0
2137486,0
2137611,0
2137615,0
2137768,0
2137842,0
2137943,0
2138220,0
2138223,0
2138274,0
2138332,0
2138719,0
2138784,0
2138853,0
2138919,0
2138967,0
2138984,0
2139146,0
2139189,0
2139548,0
2139697,0
2139760,0
2139790,0
2139865,0
2139940,0
2139966,0
2140476,0
2140534,0
2140633,0
2140994,0
2141249,0
2141515,0
2141534,0
2141561,0
2141629,0
2141718,0
2141822,0
2142040,0
2142138,0
2142541,0
2142565,0
2142608,0
2142656,0
2142747,0
2142755,0
2143048,0
2143356,0
2143648,0
2144045,0
2144115,0
2144187,0
2144211,0
2144241,0
2144246,0
2144471,0
2144530,0
2144607,0
2144620,0
2144704,0
2144812,0
2145008,0
2145442,0
2145498,0
2145517,0
2145595,0
2145686,0
2145949,0
2146235,0
2146293,0
2146318,0
2146378,0
2146412,0
2146884,0
2146891,0
2146905,0
2146946,0
2147062,0
2147173,0
2147369,0
2147411,0
2147501,0
2147585,0
2147636,0
2147675,0
2148068,0
2148118,0
2148125,0
2148165,0
2148223,0
2148263,0
2148445,0
2148610,0
2148972,0
2149083,0
2149128,0
2149153,0
2149201,0
2149512,0
2149823,0
2149887,0
2150117,0
2150273,0
2150314,0
2150363,0
2150502,0
2150521,0
2150556,0
2150730,0
2150791,0
2150863,0
2151043,0
2151056,0
2151130,0
2151135,0
2151223,0
2151227,0
2151563,0
2151918,0
2151938,0
2151999,0
2152052,0
2152259,0
2152368,0
2152609,0
2152670,0
2152948,0
2153262,0
2153463,0
2153653,0
2153851,0
2153923,0
2154081,0
2154134,0
2154183,0
2154305,0
2154347,0
2154497,0
2154615,0
2154619,0
2154750,0
2154787,0
2154862,0
2154880,0
2155005,0
2155224,0
2155307,0
2155485,0
2155499,0
2155600,0
2155628,0
2155707,0
2155770,0
2155802,0
2156175,0
2156286,0
2156340,0
2156366,0
2156428,0
2156463,0
2156613,0
2156713,0
2156788,0
2156823,0
2157164,0
2157215,0
2157234,0
2157294,0
2157347,0
2157442,0
2157567,0
2157748,0
2157749,0
2157869,0
2157886,0
2157901,0
2158031,0
2158876,0
2158883,0
2158885,0
2158952,0
2159089,0
2159373,0
2159414,0
2159426,0
2159483,0
2159559,0
2159592,0
2159759,0
2159800,0
2159867,0
2159878,0
2160038,0
2160097,0
2160147,0
2160242,0
2160256,0
2160314,0
2160360,0
2161054,0
2161471,0
2161543,0
2161645,0
2161764,0
2161980,0
2162046,0
2162048,0
2162254,0
2162452,0
2162520,0
2162646,0
2162766,0
2162836,0
2162847,0
2162872,0
2162898,0
2162929,0
2163017,0
2163114,0
2163267,0
2163335,0
2163651,0
2163767,0
2163838,0
2164049,0
2164182,0
2164279,0
2164291,0
2164304,0
2164604,0
2164922,0
2165022,0
2165497,0
2165568,0
2165694,0
2165730,0
2166093,0
2166257,0
2166266,0
2166350,0
2166578,0
2166584,0
2166642,0
2166727,0
2167131,0
2167192,0
2167433,0
2167541,0
2167571,0
2167712,0
2167749,0
2167962,0
2168063,0
2168112,0
2168368,0
2169119,0
2169446,0
2169537,0
2169739,0
2169960,0
2169967,0
2170078,0
2170175,0
2170245,0
2170299,0
2170325,0
2170422,0
2170627,0
2170727,0
2170732,0
2170834,0
2171077,0
2171098,0
2171107,0
2171427,0
2171540,0
2171548,0
2171796,0
2171893,0
2171973,0
2172170,0
2172233,0
2172305,0
2172564,0
2172582,0
2172763,0
2172863,0
2172978,0
2173085,0
2173166,0
2173230,0
2173271,0
2173475,0
2173774,0
2173791,0
2173898,0
2174001,0
2174140,0
2174153,0
2174260,0
2174285,0
2174778,0
2174953,0
2174975,0
2175280,0
2175380,0
2175922,0
2175939,0
2176087,0
2176213,0
2176264,0
2176402,0
2176444,0
2176476,0
2176674,0
2176736,0
2177054,0
2177091,0
2177198,0
2177215,0
2177320,0
2177612,0
2177873,0
2177933,0
2177962,0
2178100,0
2178576,0
2178764,0
2178784,0
2178995,0
2179090,0
2179105,0
2179395,0
2179473,0
2179519,0
2179554,0
2179685,0
2179880,0
2180123,0
2180144,0
2180393,0
2180682,0
2180707,0
2181025,0
2181127,0
2181282,0
2181344,0
2181412,0
2181938,0
2181960,0
2182126,0
2182134,0
2182348,0
2182519,0
2182744,0
2182804,0
2183077,0
2183272,0
2183414,0
2183448,0
2183477,0
2183573,0
2183663,0
2183720,0
2183830,0
2183834,0
2184710,0
2184933,0
2185230,0
2185332,0
2185485,0
2185520,0
2185628,0
2186183,0
2186225,0
2186284,0
2186665,0
2186742,0
2187805,0
2187896,0
2187899,0
2187988,0
2188223,0
2188295,0
2188359,0
2188360,0
2188372,0
2188386,0
2188446,0
2188464,0
2188658,0
2188662,0
2188895,0
2189026,0
2189242,0
2189412,0
2189435,0
2189549,0
2189679,0
2189781,0
2189806,0
2190024,0
2190145,0
2190292,0
2190420,0
2190577,0
2190697,0
2191022,0
2191337,0
2191428,0
2191693,0
2191797,0
2192100,0
2192260,0
2192361,0
2192364,0
2192365,0
2192595,0
2192669,0
2192767,0
2192975,0
2193008,0
2193152,0
2193352,0
2193500,0
2193538,0
2193576,0
2193718,0
2193770,0
2193806,0
2193874,0
2194106,0
2194113,0
2194159,0
2194284,0
2194315,0
2194378,0
2194595,0
2194608,0
2194743,0
2194790,0
2195036,0
2195220,0
2195229,0
2195491,0
2195612,0
2195782,0
2195852,0
2195939,0
2196066,0
2196179,0
2196250,0
2196372,0
2196486,0
2196496,0
2197412,0
2197560,0
2197719,0
2197723,0
2197763,0
2197789,0
2197867,0
2197944,0
2198141,0
2198254,0
2198442,0
2198455,0
2198594,0
2198911,0
2199002,0
2199052,0
2199208,0
2199324,0
2199513,0
2199552,0
2199711,0
2199715,0
2199721,0
2199957,0
2200064,0
2200104,0
2200180,0
2200335,0
2200414,0
2200486,0
2200595,0
2200667,0
2200893,0
2200899,0
2200954,0
2200990,0
2201008,0
2201009,0
2201050,0
2201062,0
2201228,0
2201283,0
2201711,0
2201724,0
2202247,0
2202267,0
2202411,0
2202508,0
2202544,0
2202577,0
2202590,0
2202599,0
2202606,0
2203185,0
2203294,0
2203337,0
2203522,0
2203608,0
2203747,0
2203865,0
2203955,0
2204446,0
2204452,0
2204488,0
2204553,0
2204811,0
2204877,0
2204950,0
2205195,0
2205263,0
2205331,0
2205448,0
2205585,0
2205717,0
2205757,0
2205778,0
2205855,0
2206336,0
2206546,0
2206585,0
2206661,0
2206682,0
2206778,0
2206995,0
2207006,0
2207010,0
2207021,0
2207026,0
2207156,0
2207161,0
2207201,0
2207265,0
2207291,0
2207337,0
2207382,0
2207492,0
2207516,0
2207566,0
2207581,0
2207616,0
2207752,0
2207951,0
2208051,0
2208066,0
2208247,0
2208460,0
2208527,0
2208532,0
2208682,0
2208783,0
2208851,0
2208925,0
2208978,0
2209029,0
2209041,0
2209567,0
2209683,0
2210012,0
2210046,0
2210317,0
2210327,0
2210511,0
2210647,0
2210749,0
2210936,0
2211171,0
2211230,0
2211309,0
2211405,0
2211548,0
2211843,0
2211864,0
2212168,0
2212253,0
2212405,0
2212452,0
2212654,0
2212710,0
2212808,0
2212882,0
2212973,0
2213389,0
2213442,0
2213466,0
2213479,0
2213525,0
2213591,0
2213630,0
2213932,0
2214089,0
2214125,0
2214616,0
2214715,0
2214789,0
2214871,0
2214948,0
2215059,0
2215252,0
2215472,0
2215558,0
2215642,0
2215666,0
2215667,0
2215739,0
2215751,0
2215830,0
2215865,0
2215962,0
2216127,0
2216139,0
2216317,0
2216350,0
2216521,0
2216683,0
2216936,0
2216986,0
2217130,0
2217193,0
2217217,0
2217271,0
2217284,0
2217317,0
2217484,0
2217515,0
2217527,0
2217709,0
2217882,0
2218221,0
2218343,0
2218433,0
2218467,0
2218595,0
2218822,0
2219101,0
2219149,0
2219250,0
2219380,0
2219467,0
2219484,0
2219925,0
2220036,0
2220053,0
2220436,0
2220481,0
2220505,0
2220635,0
2220706,0
2221019,0
2221741,0
2222128,0
2222352,0
2222359,0
2222458,0
2222663,0
2222922,0
2223075,0
2223198,0
2223495,0
2223550,0
2223909,0
2224219,0
2224227,0
2225087,0
2225414,0
2225576,0
2225676,0
2226015,0
2226034,0
2226227,0
2226244,0
2226372,0
2226542,0
2226589,0
2226731,0
2226896,0
2226945,0
2227055,0
2227279,0
2227306,0
2227470,0
2227786,0
2227833,0
2227910,0
2227919,0
2227925,0
2228132,0
2228291,0
2228349,0
2228555,0
2228936,0
2229095,0
2229142,0
2229175,0
2229202,0
2229333,0
2229374,0
2229685,0
2230051,0
2230211,0
2230603,0
2230662,0
2230794,0
2230926,0
2230959,0
2230974,0
2231040,0
2231594,0
2231986,0
2232131,0
2232163,0
2232355,0
2232436,0
2232511,0
2232537,0
2232670,0
2232681,0
2232704,0
2232811,0
2233110,0
2233212,0
2233280,0
2233302,0
2233338,0
2233436,0
2233538,0
2233749,0
2233822,0
2233953,0
2234027,0
2234064,0
2234122,0
2234195,0
2234246,0
2234348,0
2234452,0
2234799,0
2234893,0
2235144,0
2235203,0
2235259,0
2235478,0
2235522,0
2235598,0
2235700,0
2235947,0
2235967,0
2236226,0
2236289,0
2236318,0
2236524,0
2236633,0
2236790,0
2236795,0
2236828,0
2236852,0
2236909,0
2237116,0
2237171,0
2237248,0
2237278,0
2237458,0
2237478,0
2237677,0
2237687,0
2237709,0
2237833,0
2238086,0
2238387,0
2238493,0
2238625,0
2238694,0
2238771,0
2239108,0
2239270,0
2239326,0
2239569,0
2239583,0
2239673,0
2239786,0
2239806,0
2239853,0
2239959,0
2240074,0
2240312,0
2240717,0
2240860,0
2241018,0
2241455,0
2241481,0
2241599,0
2241612,0
2241623,0
2241766,0
2241944,0
2242162,0
2242190,0
2242234,0
2242271,0
2242309,0
2242379,0
2242454,0
2242599,0
2242661,0
2242870,0
2242903,0
2242966,0
2242981,0
2243000,0
2243065,0
2243834,0
2243849,0
2244192,0
2244341,0
2244402,0
2244609,0
2244688,0
2244741,0
2244773,0
2244854,0
2244920,0
2245033,0
2245158,0
2245281,0
2245308,0
2245362,0
2245402,0
2245572,0
2245717,0
2245789,0
2245850,0
2245877,0
2245967,0
2246146,0
2246175,0
2246258,0
2246376,0
2246488,0
2246577,0
2246580,0
2246721,0
2246755,0
2246956,0
2247006,0
2247074,0
2247085,0
2247176,0
2247318,0
2247484,0
2247525,0
2247902,0
2248031,0
2248261,0
2248335,0
2248377,0
2248517,0
2248583,0
2248722,0
2248733,0
2248786,0
2248790,0
2248924,0
2249062,0
2249148,0
2249211,0
2249534,0
2249613,0
2249737,0
2249935,0
2250011,0
2250015,0
2250127,0
2250162,0
2250185,0
2250220,0
2250242,0
2250304,0
2250440,0
2250697,0
2250724,0
2250881,0
2251159,0
2251201,0
2251274,0
2251319,0
2251375,0
2251418,0
2251548,0
2251556,0
2251560,0
2251576,0
2251651,0
2251689,0
2251793,0
2251955,0
2252056,0
2252123,0
2252193,0
2252247,0
2252360,0
2252424,0
2252568,0
2252753,0
2252942,0
2253055,0
2253080,0
2253214,0
2253244,0
2253375,0
2253477,0
2253495,0
2253557,0
2253846,0
2253904,0
2254054,0
2254109,0
2254146,0
2254173,0
2254432,0
2254450,0
2254718,0
2254746,0
2254760,0
2254941,0
2255001,0
2255175,0
2255296,0
2255317,0
2255324,0
2255437,0
2255486,0
2255510,0
2255610,0
2255705,0
2255946,0
2256275,0
2256304,0
2256350,0
2256375,0
2256642,0
2256672,0
2256711,0
2256909,0
2257078,0
2257213,0
2257294,0
2257303,0
2257386,0
2257634,0
2257816,0
2257932,0
2258113,0
2258278,0
2258303,0
2258359,0
2258377,0
2258386,0
2258417,0
2258609,0
2258649,0
2258716,0
2258744,0
2258899,0
2258924,0
2259101,0
2259119,0
2259149,0
2259244,0
2259366,0
2259391,0
2259420,0
2259459,0
2259579,0
2259607,0
2259638,0
2259741,0
2259777,0
2259976,0
2260108,0
2260203,0
2260325,0
2260545,0
2260713,0
2260765,0
2260892,0
2261094,0
2261240,0
2261343,0
2261510,0
2261546,0
2261607,0
2261636,0
2261671,0
2261695,0
2261713,0
2261783,0
2262008,0
2262113,0
2262133,0
2262202,0
2262526,0
2262604,0
2262706,0
2262794,0
2262944,0
2262956,0
2263304,0
2263340,0
2263425,0
2263698,0
2263816,0
2263935,0
2263972,0
2264013,0
2264069,0
2264090,0
2264151,0
2264200,0
2264283,0
2264315,0
2264367,0
2264418,0
2264851,0
2265011,0
2265040,0
2265044,0
2265129,0
2265184,0
2265233,0
2265339,0
2265392,0
2265587,0
2265634,0
2265849,0
2265870,0
2265905,0
2265909,0
2266422,0
2266427,0
2266560,0
2266575,0
2266703,0
2266705,0
2266743,0
2266766,0
2266860,0
2266880,0
2266931,0
2267120,0
2267504,0
2267526,0
2267550,0
2267698,0
2267921,0
2268054,0
2268210,0
2268281,0
2268334,0
2268354,0
2268364,0
2268583,0
2268602,0
2268609,0
2268653,0
2268762,0
2268812,0
2268850,0
2268934,0
2268990,0
2269276,0
2269329,0
2269934,0
2269963,0
2270066,0
2270100,0
2270289,0
2270346,0
2270368,0
2270369,0
2270422,0
2270551,0
2270647,0
2270750,0
2271004,0
2271066,0
2271109,0
2271135,0
2271167,0
2271241,0
2271288,0
2271378,0
2271401,0
2271412,0
2271528,0
2271643,0
2271901,0
2272011,0
2272127,0
2272188,0
2272207,0
2272213,0
2272242,0
2272243,0
2272370,0
2272520,0
2272584,0
2272636,0
2272844,0
2272993,0
2273058,0
2273119,0
2273304,0
2273346,0
2273550,0
2273552,0
2273606,0
2273691,0
2273724,0
2274107,0
2274129,0
2274171,0
2274275,0
2274422,0
2274460,0
2274519,0
2274553,0
2274630,0
2274675,0
2274779,0
2274890,0
2274911,0
2274944,0
2274977,0
2275115,0
2275151,0
2275487,0
2275508,0
2275633,0
2275639,0
2275667,0
2275669,0
2275676,0
2275878,0
2275888,0
2276226,0
2276270,0
2276299,0
2276309,0
2276365,0
2276516,0
2276629,0
2276654,0
2276854,0
2276886,0
2276911,0
2276953,0
2277066,0
2277079,0
2277264,0
2277325,0
2277622,0
2277632,0
2277713,0
2277769,0
2277838,0
2277872,0
2278215,0
2278220,0
2278305,0
2278401,0
2278480,0
2278599,0
2278613,0
2278693,0
2278747,0
2278820,0
2278964,0
2279042,0
2279472,0
2279519,0
2280098,0
2280150,0
2280658,0
2280744,0
2281150,0
2281421,0
2281430,0
2281636,0
2281678,0
2281799,0
2281893,0
2282059,0
2282118,0
2282135,0
2282710,0
2282819,0
2282820,0
2282892,0
2282951,0
2282954,0
2282996,0
2283186,0
2283349,0
2283609,0
2283797,0
2283938,0
2284008,0
2284045,0
2284429,0
2284448,0
2284461,0
2284485,0
2284720,0
2284783,0
2284864,0
2284928,0
2284938,0
2285001,0
2285060,0
2285204,0
2285270,0
2285283,0
2285540,0
2285600,0
2285793,0
2285798,0
2285811,0
2285828,0
2285837,0
2285859,0
2285982,0
2286063,0
2286103,0
2286213,0
2286216,0
2286482,0
2286537,0
2286589,0
2286777,0
2286805,0
2286821,0
2286856,0
2286865,0
2286901,0
2287140,0
2287143,0
2287593,0
2287689,0
2287706,0
2287799,0
2287860,0
2287917,0
2288219,0
2288279,0
2288440,0
2288753,0
2288822,0
2288853,0
2288898,0
2288902,0
2289015,0
2289199,0
2289210,0
2289463,0
2289471,0
2290016,0
2290275,0
2290389,0
2290478,0
2290680,0
2290713,0
2290894,0
2290907,0
2290943,0
2290968,0
2291054,0
2291272,0
2291362,0
2291798,0
2291853,0
2291916,0
2292057,0
2292356,0
2292377,0
2292448,0
2292642,0
2293110,0
2293373,0
2293544,0
2293804,0
2293883,0
2293914,0
2293935,0
2293955,0
2294049,0
2294102,0
2294938,0
2294983,0
2295077,0
2295124,0
2295231,0
2295319,0
2295706,0
2295982,0
2295985,0
2296528,0
2296857,0
2296903,0
2296991,0
2297313,0
2297316,0
2297365,0
2297419,0
2297445,0
2297454,0
2297584,0
2297692,0
2297860,0
2298011,0
2298078,0
2298091,0
2298117,0
2298195,0
2298230,0
2298233,0
2298269,0
2298559,0
2298634,0
2298636,0
2298720,0
2298930,0
2298951,0
2298990,0
2299223,0
2299253,0
2299415,0
2299748,0
2299863,0
2300127,0
2300292,0
2300318,0
2300450,0
2300469,0
2300505,0
2300591,0
2300870,0
2301038,0
2301182,0
2301787,0
2302058,0
2302203,0
2302365,0
2302746,0
2302886,0
2302903,0
2303007,0
2303177,0
2303195,0
2303363,0
2303437,0
2303497,0
2303581,0
2303647,0
2303727,0
2303730,0
2303950,0
2303995,0
2304348,0
2304383,0
2304489,0
2304656,0
2304671,0
2304722,0
2304744,0
2304746,0
2304793,0
2304806,0
2304924,0
2304972,0
2305055,0
2305244,0
2305300,0
2305325,0
2305416,0
2305608,0
2305621,0
2305726,0
2305753,0
2305936,0
2305964,0
2305992,0
2306133,0
2306538,0
2306609,0
2306988,0
2307007,0
2307130,0
2307148,0
2307193,0
2307289,0
2307315,0
2307327,0
2307464,0
2307504,0
2307566,0
2307816,0
2307911,0
2307937,0
2308156,0
2308524,0
2308742,0
2308757,0
2308922,0
2308961,0
2309196,0
2309224,0
2309280,0
2309294,0
2309303,0
2309382,0
2309433,0
2309447,0
2309472,0
2309743,0
2309906,0
2310356,0
2310358,0
2310561,0
2310882,0
2310937,0
2311126,0
2311197,0
2311655,0
2311837,0
2312655,0
2312774,0
2312817,0
2312853,0
2313114,0
2313157,0
2313161,0
2313165,0
2313370,0
2313519,0
2313891,0
2313951,0
2314200,0
2314251,0
2314381,0
2314454,0
2314527,0
2314528,0
2314740,0
2314855,0
2315354,0
2315604,0
2315690,0
2315994,0
2316155,0
2316376,0
2316377,0
2316416,0
2316829,0
2317087,0
2317255,0
2317628,0
2317675,0
2317877,0
2318097,0
2318170,0
2318395,0
2318927,0
2318931,0
2319243,0
2319341,0
2319397,0
2319611,0
2319941,0
2320102,0
2320125,0
2320510,0
2320730,0
2320784,0
2320924,0
2321092,0
2321101,0
2321138,0
2321537,0
2321541,0
2321599,0
2321653,0
2321665,0
2321718,0
2322036,0
2322055,0
2322163,0
2322311,0
2322675,0
2322689,0
2322768,0
2322851,0
2322962,0
2323024,0
2323097,0
2323099,0
2323397,0
2323407,0
2323418,0
2323543,0
2323548,0
2323772,0
2323893,0
2324366,0
2324673,0
2324733,0
2324787,0
2324815,0
2324878,0
2324903,0
2324906,0
2324977,0
2325162,0
2325266,0
2325577,0
2325810,0
2326042,0
2326315,0
2326361,0
2326364,0
2326445,0
2326662,0
2326753,0
2327158,0
2327224,0
2327226,0
2327276,0
2327320,0
2327482,0
2327576,0
2327700,0
2327704,0
2328018,0
2328050,0
2328087,0
2328204,0
2328331,0
2328526,0
2328602,0
2328739,0
2328777,0
2328859,0
2328987,0
2329004,0
2329016,0
2329076,0
2329156,0
2329233,0
2329271,0
2329347,0
2329453,0
2329552,0
2329574,0
2329646,0
2329704,0
2329833,0
2329843,0
2330175,0
2330180,0
2330429,0
2330667,0
2330722,0
2330736,0
2330754,0
2330773,0
2330894,0
2330956,0
2330959,0
2330987,0
2331125,0
2331132,0
2331135,0
2331273,0
2331333,0
2331384,0
2332033,0
2332103,0
2332124,0
2332323,0
2332495,0
2332642,0
2332923,0
2333051,0
2333150,0
2333458,0
2333560,0
2333736,0
2333747,0
2333886,0
2333908,0
2334020,0
2334081,0
2334134,0
2334160,0
2334274,0
2334503,0
2334544,0
2334815,0
2335019,0
2335167,0
2335561,0
2335614,0
2336001,0
2336100,0
2336147,0
2336183,0
2336243,0
2336477,0
2336577,0
2336811,0
2336848,0
2336975,0
2337103,0
2337249,0
2337381,0
2337413,0
2337442,0
2337601,0
2337755,0
2337770,0
2337794,0
2337801,0
2337838,0
2337844,0
2337930,0
2338121,0
2338144,0
2338234,0
2338763,0
2338793,0
2338900,0
2339265,0
2339328,0
2339339,0
2339366,0
2339370,0
2339516,0
2339630,0
2339668,0
2339682,0
2339765,0
2339830,0
2340079,0
2340421,0
2340474,0
2340608,0
2340724,0
2340792,0
2340811,0
2340812,0
2340893,0
2341093,0
2341203,0
2341349,0
2341500,0
2341601,0
2341745,0
2341795,0
2341969,0
2342116,0
2342135,0
2342255,0
2342308,0
2342311,0
2342414,0
2342615,0
2343008,0
2343012,0
2343017,0
2343031,1
2343033,0
2343068,0
2343075,0
2343130,0
2343159,0
2343267,0
2343526,0
2343829,0
2343934,0
2344124,0
2344404,0
2344433,0
2344959,0
2345045,0
2345201,0
2345350,0
2345601,0
2345642,0
2345662,0
2345799,0
2345820,0
2345922,1
2345965,0
2346059,0
2346160,0
2346246,0
2346292,0
2346366,0
2346492,0
2346767,0
2346866,0
2346928,0
2346963,0
2347001,0
2347164,0
2347314,0
2347478,0
2347591,0
2347652,0
2347736,0
2348033,0
2348256,0
2348535,0
2348648,0
2348935,0
2349061,0
2349115,0
2349401,0
2349417,0
2349623,0
2349669,0
2349675,0
2349867,0
2349909,0
2349943,0
2349953,0
2350436,0
2350491,0
2350905,0
2351126,0
2351233,0
2351278,0
2351293,0
2351450,0
2351498,0
2351535,0
2351537,0
2351567,0
2351696,0
2351763,0
2351811,0
2351987,0
2352039,0
2352156,0
2352184,0
2352311,0
2352582,0
2352718,0
2352843,0
2352858,1
2352906,0
2352908,0
2353015,0
2353447,0
2353652,0
2353655,0
2353942,0
2354072,0
2354104,0
2354108,0
2354280,0
2354336,0
2354387,0
2354577,0
2354648,0
2354798,0
2354808,0
2354889,0
2354929,0
2355166,0
2355181,0
2355314,0
2355503,0
2355623,0
2355640,0
2355694,0
2355959,0
2356087,0
2356295,0
2356406,0
2356789,0
2356918,0
2357152,0
2357323,0
2357585,0
2357764,0
2358018,0
2358054,0
2358124,0
2358302,0
2358313,0
2358576,0
2359111,0
2359198,0
2359314,0
2359422,0
2359463,0
2359578,0
2359681,0
2359920,0
2360431,0
2360525,0
2360872,0
2360897,0
2361067,0
2361257,0
2361462,0
2361550,0
2361614,0
2361743,0
2361833,0
2361843,0
2361967,0
2362004,0
2362043,0
2362134,0
2362146,0
2362199,0
2362309,0
2362401,0
2362439,0
2362549,0
2362551,0
2362586,0
2362655,0
2362862,0
2362929,0
2363016,0
2363118,0
2363244,0
2363411,0
2363449,0
2363455,0
2363490,0
2363511,0
2363513,0
2363868,0
2363889,0
2364080,0
2364196,0
2364243,0
2364316,0
2364404,0
2364418,0
2364428,0
2364533,0
2364543,0
2364577,0
2364696,0
2364740,0
2364821,0
2364858,0
2364936,0
2365000,0
2365006,0
2365013,0
2365173,0
2365205,0
2365316,0
2365491,0
2365649,0
2365779,0
2365789,0
2365809,0
2365811,0
2365815,0
2365871,0
2365904,0
2365940,0
2366209,0
2366364,0
2366413,0
2366633,0
2366645,0
2366827,0
2366843,0
2367024,0
2367076,0
2367182,0
2367292,0
2367368,0
2367413,0
2367453,0
2367515,0
2367815,0
2367851,0
2367949,0
2368133,0
2368284,0
2368287,0
2368388,0
2368437,0
2368467,0
2368484,0
2368553,0
2368964,0
2368992,0
2369190,0
2369250,0
2369358,0
2369390,0
2369429,0
2369432,0
2369591,0
2369776,0
2369802,0
2369884,0
2369959,0
2370097,0
2370198,0
2370238,0
2370353,0
2370356,0
2370408,0
2370420,0
2370529,0
2370564,0
2370688,0
2370820,0
2370827,0
2370937,0
2371016,0
2371065,0
2371070,0
2371184,0
2371258,0
2371344,0
2371544,0
2371564,0
2371655,0
2371701,0
2371763,0
2372022,0
2372035,0
2372061,0
2372064,0
2372146,0
2372174,0
2372187,0
2372268,0
2372321,0
2372337,0
2372548,0
2372648,0
2372862,0
2372983,0
2372984,0
2373125,0
2373213,0
2373324,0
2373453,0
2373492,0
2373599,0
2373682,0
2373812,0
2373833,0
2373841,0
2373876,0
2373913,0
2373988,0
2373998,0
2374121,0
2374139,0
2374188,0
2374222,0
2374324,0
2374363,0
2374405,0
2374422,0
2374680,0
2374709,0
2375290,0
2375396,0
2375540,0
2375565,0
2375670,0
2375715,0
2375729,0
2375756,0
2375938,0
2375993,0
2376122,0
2376133,0
2376261,0
2376440,0
2376558,0
2376663,0
2376703,0
2376769,0
2376810,0
2376860,0
2376920,0
2376968,0
2377026,0
2377078,0
2377122,0
2377152,0
2377253,0
2377356,0
2377380,0
2377388,0
2377471,0
2377678,0
2377752,0
2377908,0
2377911,0
2377978,0
2377990,0
2378061,0
2378137,0
2378351,0
2378541,0
2378598,0
2378702,0
2379178,0
2379273,0
2379275,0
2379320,0
2379347,0
2379387,0
2379418,0
2379699,0
2379799,0
2379835,0
2379884,0
2379959,0
2380070,0
2380081,0
2380246,0
2380254,0
2380267,0
2380382,0
2380415,0
2380485,0
2380562,0
2380601,0
2380692,0
2380856,0
2380878,0
2380915,0
2381006,0
2381078,0
2381088,0
2381171,0
2381192,0
2381261,0
2381264,0
2381289,0
2381346,0
2381434,0
2381501,0
2381517,0
2381815,0
2381842,0
2381932,0
2381955,0
2381991,0
2382080,0
2382290,0
2382398,0
2382439,0
2382459,0
2382567,0
2382610,0
2382701,0
2382752,0
2382777,0
2382812,0
2382905,0
2382957,0
2383001,0
2383083,0
2383159,0
2383172,0
2383246,0
2383418,0
2383423,0
2383450,0
2383454,0
2383527,0
2383617,0
2383663,0
2383701,0
2383938,0
2384035,0
2384070,0
2384084,0
2384098,0
2384143,0
2384160,0
2384173,0
2384197,0
2384229,0
2384311,0
2384353,0
2384645,0
2384813,0
2384814,0
2384893,0
2384910,0
2385042,0
2385221,0
2385255,0
2385265,0
2385277,0
2385316,0
2385341,0
2385349,0
2385425,0
2385608,0
2385842,0
2385854,0
2385933,0
2385946,0
2386131,0
2386259,0
2386326,0
2386419,0
2386422,0
2386427,0
2386483,0
2386600,0
2386641,0
2386678,0
2386809,0
2387551,0
2387757,0
2387758,0
2387775,0
2387808,0
2387885,0
2387923,0
2388103,0
2388152,0
2388245,0
2388250,0
2388312,0
2388336,0
2388689,0
2388709,0
2388800,0
2388900,0
2389110,0
2389343,0
2389387,0
2389507,0
2389517,0
2389734,0
2389742,0
2389861,0
2389915,0
2389980,0
2390232,0
2390346,0
2390357,0
2390398,0
2390438,0
2390656,0
2390715,0
2390780,0
2390833,0
2390834,0
2390938,0
2391379,0
2391512,0
2391514,0
2391657,0
2391669,0
2392476,0
2392537,0
2392547,0
2392654,0
2392805,0
2392849,0
2392876,0
2393091,0
2393260,0
2393301,0
2393407,0
2393427,0
2393504,0
2393574,0
2393624,0
2393694,0
2393899,0
2393907,0
2393930,0
2394210,0
2394286,0
2394352,0
2394605,0
2394613,0
2394623,0
2394693,0
2394732,0
2394817,0
2395054,0
2395149,0
2395183,0
2395250,0
2395452,0
2395496,0
2395589,0
2395609,0
2395628,0
2395639,0
2395843,0
2395860,0
2396019,0
2396054,0
2396105,0
2396167,0
2396264,0
2396293,0
2396542,0
2396696,0
2396850,0
2396932,0
2397009,0
2397097,0
2397155,0
2397249,0
2397264,0
2397408,0
2397426,0
2397444,0
2397503,0
2397520,0
2397539,0
2397543,0
2397551,0
2397560,0
2397663,0
2397701,0
2397729,0
2397744,0
2397763,0
2397766,0
2397865,0
2397903,0
2398019,0
2398288,0
2398382,0
2398725,0
2398836,0
2398912,0
2398970,0
2399006,0
2399088,0
2399304,0
2399324,0
2399408,0
2399462,0
2399468,0
2399472,0
2399491,0
2399537,0
2399609,0
2399634,0
2399707,0
2399710,0
2399760,0
2399762,0
2399767,0
2399795,0
2399832,0
2400190,0
2400229,0
2400343,0
2400373,0
2400424,0
2400454,0
2400651,0
2400707,0
2400865,0
2401326,0
2401488,0
2401491,0
2401611,0
2401714,0
2401741,0
2401775,0
2401795,0
2401807,0
2402030,0
2402135,0
2402138,0
2402175,0
2402336,0
2402346,0
2402349,0
2402356,0
2402469,0
2402471,0
2402485,0
2402507,0
2402541,0
2402566,0
2402587,0
2402633,0
2402725,0
2403095,0
2403191,0
2403259,0
2403445,0
2403450,0
2403516,0
2403577,0
2403660,0
2403891,0
2403910,0
2403975,0
2404101,0
2404168,0
2404457,0
2404538,0
2404575,0
2404589,0
2404590,0
2404682,0
2404756,0
2404881,0
2404884,0
2404916,0
2404956,0
2404985,0
2404991,0
2405051,0
2405052,0
2405080,0
2405167,0
2405218,0
2405352,0
2405865,0
2405958,0
2406035,0
2406067,0
2406349,0
2406365,0
2406495,0
2406783,0
2406881,0
2406909,0
2406940,0
2407171,0
2407236,0
2407253,0
2407374,0
2407407,0
2407449,0
2407650,0
2407769,0
2407868,0
2407942,0
2408231,0
2408264,0
2408400,0
2408423,0
2408472,0
2408485,0
2408504,0
2408619,0
2408676,0
2408706,0
2408767,0
2408786,0
2408830,0
2408850,0
2408880,0
2408917,0
2408938,0
2408975,0
2409006,0
2409118,0
2409151,0
2409169,0
2409188,0
2409317,0
2409359,0
2409583,0
2409681,0
2409717,0
2409744,0
2409856,0
2410182,0
2410183,0
2410200,0
2410441,0
2410705,0
2410731,0
2410886,0
2410940,0
2411063,0
2411081,0
2411240,0
2411309,0
2411494,0
2411516,0
2411590,0
2411619,0
2411721,0
2411949,0
2412274,0
2412310,0
2412501,0
2412587,0
2412616,0
2412697,0
2412742,0
2413295,0
2413334,0
2413526,0
2413575,0
2413618,0
2413683,0
2413740,0
2413822,0
2413892,0
2414050,0
2414090,0
2414104,0
2414150,0
2414292,0
2414307,0
2414310,0
2414692,0
2414795,0
2414868,0
2414911,0
2415013,0
2415039,0
2415045,0
2415101,0
2415116,0
2415190,0
2415195,0
2415260,0
2415279,0
2415312,0
2415351,0
2415382,0
2415413,0
2415716,0
2415859,0
2415923,0
2416048,0
2416123,0
2416151,0
2416216,0
2416574,0
2416594,0
2417064,0
2417151,0
2417427,0
2417512,0
2417795,0
2417806,0
2417915,0
2418042,0
2418055,0
2418366,0
2418470,0
2418618,0
2418825,0
2418913,0
2419034,0
2419077,0
2419081,0
2419274,0
2419332,0
2419347,0
2419457,0
2419501,0
2419577,0
2419731,0
2420058,0
2420066,0
2420120,0
2420514,0
2420580,0
2420634,0
2420678,0
2420774,0
2421116,0
2421228,0
2421248,0
2421300,0
2421403,0
2421468,0
2421612,0
2421617,0
2421777,0
2421855,0
2421886,0
2421897,0
2421966,0
2422060,0
2422249,0
2422265,0
2422303,0
2422389,0
2422398,0
2422695,0
2422740,0
2422777,0
2422974,0
2423139,0
2423261,0
2423272,0
2423273,0
2423315,0
2423393,0
2423961,0
2423980,0
2423981,0
2424111,0
2424396,0
2424624,0
2424643,0
2424818,0
2424858,0
2424877,1
2424994,0
2425277,0
2425320,0
2425361,0
2425406,0
2425566,0
2425569,0
2425618,0
2425683,0
2425725,0
2425755,0
2426009,0
2426042,0
2426306,0
2426324,0
2426355,0
2426458,0
2426611,0
2426695,0
2426809,0
2427057,0
2427168,0
2427235,0
2427254,0
2427455,0
2427516,0
2427809,0
2427818,0
2427928,0
2427934,0
2428036,0
2428572,0
2428589,0
2428702,0
2428711,0
2428722,0
2428857,0
2428887,0
2428939,0
2429145,0
2429440,0
2429473,0
2429543,0
2429560,0
2429576,0
2429601,0
2429607,0
2429797,0
2429825,0
2429878,0
2429899,0
2429932,0
2430026,0
2430063,0
2430229,0
2430337,0
2430341,0
2430387,0
2430530,0
2430576,0
2430619,0
2430624,0
2430626,0
2430661,0
2430687,0
2430705,0
2430816,0
2430840,0
2431314,0
2431477,0
2431503,0
2431595,0
2431636,0
2431738,0
2431818,0
2431866,0
2431939,0
2432132,0
2432360,0
2432597,0
2432637,0
2432814,0
2432891,0
2432911,0
2432955,0
2433083,0
2433202,0
2433214,0
2433232,0
2433252,0
2433281,0
2433530,0
2433533,0
2433720,0
2433798,0
2433886,0
2433992,0
2434050,0
2434138,0
2434184,0
2434191,0
2434336,0
2434490,0
2434634,0
2434682,0
2434700,0
2434807,0
2434851,0
2434882,0
2434979,0
2435043,0
2435091,0
2435093,0
2435124,0
2435133,0
2435316,0
2435324,0
2435408,0
2435460,0
2435892,0
2435916,0
2435921,0
2436038,0
2436068,0
2436373,0
2436576,0
2436621,0
2437001,0
2437017,0
2437094,0
2437142,0
2437436,0
2437792,0
2437855,0
2437875,0
2437904,0
2437937,0
2437958,0
2438378,0
2438398,0
2438456,0
2438568,0
2438584,0
2438610,0
2438654,0
2438674,0
2438702,0
2438720,0
2438721,0
2438816,0
2438913,0
2439000,0
2439135,0
2439228,0
2439234,0
2439315,0
2439319,0
2439372,0
2439491,0
2439622,0
2439655,0
2439763,0
2439836,0
2440030,0
2440051,0
2440257,0
2440448,0
2440551,0
2440584,0
2440661,0
2440693,0
2440695,0
2440712,0
2440812,0
2440873,0
2440902,0
2440941,0
2441395,0
2441498,0
2441522,0
2441616,0
2441624,0
2441651,0
2441685,0
2441732,0
2441873,0
2441954,0
2442362,0
2442425,0
2442474,0
2442573,0
2442639,0
2442718,0
2442816,0
2442886,0
2442895,0
2443016,0
2443024,0
2443234,0
2443331,0
2443375,0
2443387,0
2443426,0
2443429,0
2443634,0
2443828,0
2444076,0
2444269,0
2444313,0
2444356,0
2444565,0
2444688,0
2444713,0
2444868,0
2444873,0
2444916,0
2444930,0
2444951,0
2445011,0
2445025,0
2445046,0
2445082,0
2445321,0
2445593,0
2445627,0
2445825,0
2445849,0
2446157,0
2446197,0
2446210,0
2446271,0
2446444,0
2446464,0
2446483,0
2446537,0
2446669,0
2446769,0
2446867,0
2446913,0
2446987,0
2447012,0
2447143,0
2447284,0
2447536,0
2447650,0
2447667,0
2447695,0
2447841,0
2447999,0
2448003,0
2448151,0
2448288,0
2448317,0
2448348,0
2448434,0
2448461,0
2448626,0
2448714,0
2448884,0
2448953,0
2448965,0
2448967,0
2449039,0
2449416,0
2449464,0
2449583,0
2449628,0
2449818,0
2449852,0
2449889,0
2450017,0
2450051,0
2450128,0
2450278,0
2450421,0
2450465,0
2450539,0
2450725,0
2450810,0
2450815,0
2450966,0
2451112,0
2451123,0
2451199,0
2451401,0
2451422,0
2451711,0
2451873,0
2451940,0
2452202,0
2452250,0
2452265,0
2452408,0
2452419,0
2452552,0
2452616,0
2452636,0
2452789,0
2452819,0
2452833,0
2452893,0
2453085,0
2453317,0
2453377,0
2453517,0
2453525,0
2453609,0
2453792,0
2454056,0
2454092,0
2454134,0
2454320,0
2454583,0
2454641,0
2454652,0
2454711,0
2454779,0
2454906,0
2455185,0
2455273,0
2455281,0
2455461,0
2455498,0
2455541,0
2455575,0
2455582,0
2455769,0
2455837,0
2455866,0
2456008,0
2456075,0
2456380,0
2456540,0
2456576,0
2456596,0
2456598,0
2456630,0
2456708,0
2456750,0
2456757,0
2457034,0
2457043,0
2457150,0
2457158,0
2457238,0
2457282,0
2457320,0
2457491,0
2457603,0
2457607,0
2457662,0
2457756,0
2457775,0
2457784,0
2457811,0
2457941,0
2457971,0
2458016,0
2458271,0
2458402,0
2458410,0
2458571,0
2458733,0
2458762,0
2458856,0
2458902,0
2458965,0
2459035,0
2459111,0
2459226,0
2459440,0
2459460,0
2459572,0
2459609,0
2459696,0
2459813,0
2459831,0
2459887,0
2459908,0
2459914,0
2460011,0
2460183,0
2460289,0
2460342,0
2460795,0
2460874,0
2460933,0
2461075,0
2461202,0
2461278,0
2461311,0
2461387,0
2461474,0
2461617,0
2461826,0
2461883,0
2461965,0
2462109,0
2462128,0
2462346,0
2462423,0
2462841,0
2462905,0
2462938,0
2463106,0
2463206,0
2463225,0
2463257,0
2463258,0
2463333,0
2463463,0
2463495,0
2463571,0
2463742,0
2463755,0
2463764,0
2464011,0
2464142,0
2464160,0
2464292,0
2464618,0
2464688,0
2464773,0
2464812,0
2464839,0
2464874,0
2465011,0
2465149,0
2465192,0
2465318,0
2465629,0
2465640,0
2465675,0
2465759,0
2465960,0
2465984,0
2465999,0
2466005,0
2466017,0
2466044,0
2466341,0
2466465,0
2466823,0
2466891,0
2466893,0
2467054,0
2467216,0
2467352,0
2467523,0
2467588,0
2467661,0
2467667,0
2467698,0
2467880,0
2468041,0
2468159,0
2468235,0
2468242,0
2468346,0
2468375,0
2468390,0
2468544,0
2468603,0
2468642,0
2468696,0
2468747,0
2468818,0
2468993,0
2469059,0
2469060,0
2469071,0
2469096,0
2469401,0
2469415,0
2469417,0
2469434,0
2469447,0
2469485,0
2469949,0
2470083,0
2470439,0
2470591,0
2470610,0
2470636,0
2470675,0
2470914,0
2470929,0
2471124,0
2471187,0
2471455,0
2471539,0
2471563,0
2471582,0
2471618,0
2471845,0
2471882,0
2471887,0
2471980,0
2472025,0
2472137,0
2472138,0
2472450,0
2472669,0
2472884,0
2472974,0
2473110,0
2473230,0
2473298,0
2473316,0
2473429,0
2473488,0
2473573,0
2473611,0
2473811,0
2473972,0
2473984,0
2474023,0
2474062,0
2474150,0
2474174,0
2474642,0
2474831,0
2474977,0
2475064,0
2475216,0
2475257,0
2475313,0
2475345,0
2475425,0
2475532,0
2475639,0
2475768,0
2475823,0
2475974,0
2476054,0
2476055,0
2476113,0
2476147,0
2476365,0
2476387,0
2476447,0
2476585,0
2476593,0
2476642,0
2477185,0
2477190,0
2477192,0
2477266,0
2477598,0
2477636,0
2477732,0
2477767,0
2478012,0
2478089,0
2478109,0
2478134,0
2478261,0
2478358,0
2478420,0
2478458,0
2478469,0
2478559,0
2478702,0
2478790,0
2479018,0
2479396,0
2479602,0
2479791,0
2479810,0
2479833,0
2479846,0
2480114,0
2480216,0
2480261,0
2480378,0
2480468,0
2480575,0
2480620,0
2480672,0
2480683,0
2480737,0
2480937,0
2481095,0
2481213,0
2481270,0
2481314,0
2481515,0
2481734,0
2481801,0
2482017,0
2482222,0
2482310,0
2482357,0
2482377,0
2482395,0
2482498,0
2482512,0
2482550,0
2482613,0
2483032,0
2483059,0
2483228,0
2483276,0
2483279,0
2483301,0
2483413,0
2483508,0
2483658,0
2483824,0
2483908,0
2483986,0
2483991,0
2484046,0
2484050,0
2484286,0
2484412,0
2484456,0
2484718,0
2484998,0
2485010,0
2485099,0
2485133,0
2485146,0
2485178,0
2485209,0
2485602,0
2485679,0
2485696,0
2485737,0
2485820,0
2485854,0
2486050,0
2486197,0
2486222,0
2486273,0
2486290,0
2486383,0
2486416,0
2486659,0
2486749,0
2486805,0
2486806,0
2486873,0
2486875,0
2486958,0
2487015,0
2487035,0
2487046,0
2487117,0
2487148,0
2487206,0
2487265,0
2487292,0
2487294,0
2487301,0
2487414,0
2487507,0
2487561,0
2487648,0
2488051,0
2488060,0
2488074,0
2488138,0
2488480,0
2488498,0
2488550,0
2488646,0
2488902,0
2489118,0
2489215,0
2489220,0
2489341,0
2489443,0
2489473,0
2489645,0
2489674,0
2489685,0
2489939,0
2490143,0
2490179,0
2490331,0
2490415,0
2490531,0
2490601,0
2490770,0
2490771,0
2490797,0
2490862,0
2490872,0
2491019,0
2491100,0
2491159,0
2491184,0
2491203,0
2491204,0
2491233,0
2491395,0
2491462,0
2491499,0
2491500,0
2491700,0
2491862,0
2492107,0
2492115,0
2492243,0
2492293,0
2492386,0
2492425,0
2492517,0
2492578,0
2493000,0
2493024,0
2493040,0
2493074,0
2493360,0
2493394,0
2493540,0
2493597,0
2493709,0
2493732,0
2493745,0
2493892,0
2493915,0
2493917,0
2494040,0
2494267,0
2494283,0
2494438,0
2494486,0
2494628,0
2494711,0
2494802,0
2495144,0
2495148,0
2495335,0
2495413,0
2495421,0
2495497,0
2495545,0
2495663,0
2495697,0
2495927,0
2495971,0
2496122,0
2496134,0
2496137,0
2496154,0
2496400,0
2496500,0
2496682,0
2496691,0
2496943,0
2496988,0
2497027,0
2497030,0
2497049,0
2497271,0
2497290,0
2497292,0
2497303,0
2497328,0
2497469,0
2497611,0
2497697,0
2497763,0
2497794,0
2497819,0
2497843,0
2497844,0
2497859,0
2498059,0
2498419,0
2498555,0
2498686,0
2498807,0
2498871,0
2499085,0
2499110,0
2499185,0
2499425,0
2499498,0
2499594,0
2499653,0
2499769,0
2499841,0
2500052,0
2500066,0
2500124,0
2500234,0
2500386,0
2500511,0
2500513,0
2500519,0
2500712,0
2500844,0
2500973,0
2501192,0
2501231,0
2501343,0
2501468,0
2501519,0
2501575,0
2501635,0
2501807,0
2501859,0
2501934,0
2501946,0
2502229,0
2502344,0
2502360,0
2502521,0
2502763,0
2502801,0
2503067,0
2503123,0
2503131,0
2503267,0
2503284,0
2503376,0
2503440,0
2503505,0
2503530,0
2503546,0
2503689,0
2503825,0
2503892,0
2504189,0
2504252,0
2504340,0
2504371,0
2504446,0
2504664,0
2504692,0
2504699,0
2504765,0
2504766,0
2504874,0
2504916,0
2505162,0
2505192,0
2505229,0
2505257,0
2505276,0
2505312,0
2505329,0
2505347,0
2505517,0
2505521,0
2505675,0
2505681,0
2505699,0
2505754,0
2505806,0
2505807,0
2505938,0
2506075,0
2506098,0
2506213,0
2506273,0
2506330,0
2506389,0
2506450,0
2506665,0
2506791,0
2506836,0
2506873,0
2506994,0
2507014,0
2507511,0
2507628,0
2507669,0
2507962,0
2508000,0
2508238,0
2508283,0
2508331,0
2508348,0
2508447,0
2508459,0
2508479,0
2508559,0
2508646,0
2509017,0
2509094,0
2509179,0
2509396,0
2509424,0
2509479,0
2509492,0
2509627,0
2509683,0
2509720,0
2509727,0
2509829,0
2509859,0
2509865,0
2509965,0
2510096,0
2510331,0
2510393,0
2510618,0
2510759,0
2510834,0
2510889,0
2511060,0
2511068,0
2511248,0
2511314,0
2511591,0
2511651,0
2511689,0
2511995,0
2512221,0
2512240,0
2512296,0
2512383,0
2512408,0
2512445,0
2512627,0
2512693,0
2512736,0
2512761,0
2512919,0
2512923,0
2512945,0
2512975,0
2513083,0
2513091,0
2513217,0
2513464,0
2513468,0
2513733,0
2513887,0
2514016,0
2514091,0
2514162,0
2514393,0
2514621,0
2514745,0
2514750,0
2514761,0
2514825,0
2514858,0
2514927,0
2514943,0
2514974,0
2515013,0
2515039,0
2515081,0
2515284,0
2515380,0
2515414,0
2515446,0
2515623,0
2515715,0
2515955,0
2515986,0
2516008,0
2516244,0
2516246,0
2516303,0
2516307,0
2516491,0
2516602,0
2516615,0
2516734,0
2517298,0
2517568,0
2517641,0
2517751,0
2517846,0
2517945,0
2518045,0
2518231,0
2518356,0
2518401,0
2518416,0
2518503,0
2518618,0
2518635,0
2518759,0
2518771,0
2518842,0
2518852,0
2518855,0
2519123,0
2519701,0
2519907,0
2520026,0
2520209,0
2520216,0
2520259,0
2520408,0
2520427,0
2520553,0
2520597,0
2520864,0
2521014,0
2521082,0
2521085,0
2521230,0
2521295,0
2521306,0
2521330,0
2521412,0
2521516,0
2521527,0
2521737,0
2521776,0
2521934,0
2521994,0
2522088,0
2522214,0
2522281,0
2522284,0
2522358,0
2522438,0
2522493,0
2522507,0
2522560,0
2522773,0
2522822,0
2522851,0
2522859,0
2523146,0
2523166,0
2523189,0
2523429,0
2523587,0
2523599,0
2523757,0
2524008,0
2524055,0
2524133,0
2524191,0
2524246,0
2524450,0
2524565,0
2524611,0
2524669,0
2524742,0
2524914,0
2524945,0
2525131,0
2525151,0
2525244,0
2525332,0
2525357,0
2525469,0
2525517,0
2525662,0
2525681,0
2525895,0
2526015,0
2526215,0
2526283,0
2526337,0
2526504,0
2526506,0
2526577,0
2526672,0
2526701,0
2526707,0
2526830,0
2526889,0
2526900,0
2526947,0
2527023,0
2527053,0
2527307,0
2527357,0
2527499,0
2527531,0
2527565,0
2527639,0
2527668,0
2527729,0
2527810,0
2527812,0
2527947,0
2528001,0
2528017,0
2528073,0
2528082,0
2528254,0
2528314,0
2528334,0
2528423,0
2528613,0
2528682,0
2528716,0
2528754,0
2528963,0
2529013,0
2529218,0
2529227,0
2529497,0
2529509,0
2529597,0
2529653,0
2529674,0
2529684,0
2529799,0
2529915,0
2529925,0
2529950,0
2530231,0
2530316,0
2530390,0
2530533,0
2530586,0
2530648,0
2530945,0
2530991,0
2531030,0
2531183,0
2531342,0
2531370,0
2531470,0
2531499,0
2531654,0
2531662,0
2531712,0
2531770,0
2531813,0
2531862,0
2531892,0
2531951,0
2532134,0
2532159,0
2532331,0
2532347,0
2532513,0
2532519,0
2532558,0
2532564,0
2532568,0
2532602,0
2532629,0
2532759,0
2532766,0
2532848,0
2532936,0
2533082,0
2533201,0
2533231,0
2533384,0
2533598,0
2533626,0
2533884,0
2534061,0
2534128,0
2534196,0
2534266,0
2534357,0
2534419,0
2534477,0
2534479,0
2534588,0
2534709,0
2534726,0
2534796,0
2534953,0
2535015,0
2535066,0
2535124,0
2535165,0
2535444,0
2535449,0
2535591,0
2535636,0
2535886,0
2535989,0
2536008,0
2536049,0
2536107,0
2536197,0
2536204,0
2536315,0
2536399,0
2536470,0
2536533,0
2536782,0
2536839,0
2536952,0
2536964,0
2537025,0
2537044,0
2537246,0
2537298,0
2537414,0
2537492,0
2537506,0
2537539,0
2537628,0
2537634,0
2537664,0
2537672,0
2537690,0
2537691,0
2537745,0
2537933,0
2538238,0
2538257,0
2538482,0
2538511,0
2538537,0
2538722,0
2538817,0
2538871,0
2538872,0
2538976,0
2539085,0
2539194,0
2539310,0
2539383,0
2539417,0
2539610,0
2539631,0
2539640,0
2539721,0
2539886,0
2539937,0
2539945,0
2540342,0
2540608,0
2540671,0
2540718,0
2540737,0
2540760,0
2540927,0
2541078,0
2541089,0
2541570,0
2541780,0
2541850,0
2541964,0
2541975,0
2542076,0
2542197,0
2542248,0
2542326,0
2542342,0
2542662,0
2542676,0
2542773,0
2542811,0
2542866,0
2543085,0
2543091,0
2543135,0
2543294,0
2543331,0
2543653,0
2543710,0
2543862,0
2544072,0
2544092,0
2544171,0
2544471,0
2544524,0
2544550,0
2544638,0
2544795,0
2545098,0
2545276,0
2545287,0
2545300,0
2545319,0
2545329,0
2545376,0
2545552,0
2545682,0
2545695,0
2545701,0
2545727,0
2545758,0
2545759,0
2545851,0
2545956,0
2545982,0
2546048,0
2546084,0
2546200,0
2546285,0
2546378,0
2546417,0
2546421,0
2546560,0
2546575,0
2546583,0
2546641,0
2546846,0
2546880,0
2547035,0
2547172,0
2547272,0
2547484,0
2547632,0
2547710,0
2547789,0
2547875,0
2547891,0
2547986,0
2547992,0
2547996,0
2548028,0
2548119,0
2548292,0
2548447,0
2548469,0
2548564,0
2548713,0
2548826,0
2548860,0
2548862,0
2548992,0
2549010,0
2549036,0
2549268,0
2549348,0
2549360,0
2549567,0
2549640,0
2549766,0
2550141,0
2550164,0
2550225,0
2550301,0
2550308,0
2550452,0
2550743,0
2550744,0
2550753,0
2550790,0
2550848,0
2550851,0
2550973,0
2550985,0
2551061,0
2551124,0
2551150,0
2551205,0
2551219,0
2551428,0
2551441,0
2551470,0
2551537,0
2551579,0
2551725,0
2551782,0
2552075,0
2552234,0
2552269,0
2552419,0
2552494,0
2552608,0
2552687,0
2552688,0
2552714,0
2552751,0
2552786,0
2552817,0
2553032,0
2553100,0
2553311,0
2553324,0
2553358,0
2553359,0
2553365,0
2553425,0
2553499,0
2553548,0
2553604,0
2553620,0
2553676,0
2553699,0
2553760,0
2553871,0
2553919,0
2554067,0
2554080,0
2554449,0
2554466,0
2554527,0
2554553,0
2554705,0
2554716,0
2554917,0
2554993,0
2555139,0
2555166,0
2555329,0
2555350,0
2555679,0
2555761,0
2555871,0
2555915,0
2555952,0
2556229,0
2556310,0
2556395,0
2556433,0
2556744,0
2556774,0
2557055,0
2557144,0
2557169,0
2557217,0
2557224,0
2557314,0
2557340,0
2557376,0
2557393,0
2557418,0
2557463,0
2557736,0
2557805,0
2557928,0
2557931,0
2558035,0
2558073,0
2558389,0
2558391,0
2558411,0
2558415,0
2558437,0
2558959,0
2558983,0
2559028,0
2559071,0
2559262,0
2559418,0
2559430,0
2559565,0
2559566,0
2559567,0
2559643,0
2559725,0
2559756,0
2559778,0
2559970,0
2560017,0
2560092,0
2560128,0
2560143,0
2560247,0
2560261,0
2560316,0
2560323,0
2560613,0
2560673,0
2560687,0
2560753,0
2560755,0
2560759,0
2560841,0
2560861,0
2560885,0
2560901,0
2560903,0
2560945,0
2560967,0
2560977,0
2561003,0
2561017,0
2561021,0
2561024,0
2561081,0
2561114,0
2561136,0
2561203,0
2561244,0
2561252,0
2561255,0
2561304,0
2561306,0
2561390,0
2561394,0
2561423,0
2561447,0
2561525,0
2561536,0
2561622,0
2561701,0
2561760,0
2561799,0
2561925,0
2561977,0
2561999,0
2562049,0
2562226,0
2562252,0
2562254,0
2562309,0
2562313,0
2562317,0
2562320,0
2562423,0
2562479,0
2562648,0
2562681,0
2562717,0
2562747,0
2562849,0
2562886,0
2562894,0
2562968,0
2563221,0
2563243,0
2563289,0
2563388,0
2563411,0
2563442,0
2563452,0
2563468,0
2563470,0
2563519,0
2563618,0
2563653,0
2563682,0
2563814,0
2563886,0
2563930,0
2564024,0
2564037,0
2564080,0
2564092,0
2564107,0
2564204,0
2564210,0
2564217,0
2564314,0
2564407,0
2564418,0
2564463,0
2564472,0
2564596,0
2564658,0
2564783,0
2564839,0
2564860,0
2564936,0
2564989,0
2565017,0
2565266,0
2565405,0
2565414,0
2565440,0
2565451,0
2565521,0
2565636,0
2565731,0
2565771,0
2565781,0
2565825,0
2565852,0
2565893,0
2565914,0
2566065,0
2566112,0
2566149,0
2566158,0
2566239,0
2566245,0
2566333,0
2566369,0
2566392,0
2566398,0
2566452,0
2566473,0
2566593,0
2566747,0
2566750,0
2566798,0
2566803,0
2566879,0
2566898,0
2566966,0
2566994,0
2567132,0
2567433,0
2567469,0
2567494,0
2567500,0
2567529,0
2567578,0
2567639,0
2567661,0
2567680,0
2567786,0
2567857,0
2567891,0
2567974,0
2567994,0
2568023,0
2568117,0
2568132,0
2568210,0
2568215,0
2568300,0
2568305,0
2568439,0
2568457,0
2568715,0
2568780,0
2568798,0
2568857,0
2569103,0
2569163,0
2569328,0
2569381,0
2569409,0
2569418,0
2569500,0
2569522,0
2569713,0
2569906,0
2569908,0
2570066,0
2570195,0
2570225,0
2570467,0
2570620,0
2570634,0
2570723,0
2570726,0
2570891,0
2571235,0
2571302,0
2571363,0
2571384,0
2571480,0
2571580,0
2571738,0
2572027,0
2572039,0
2572097,0
2572103,0
2572226,0
2572379,0
2572383,0
2572414,0
2572595,0
2572630,0
2572663,0
2572743,0
2572769,0
2572826,0
2572935,0
2573084,0
2573107,0
2573226,0
2573256,0
2573336,0
2573375,0
2573383,0
2573384,0
2573405,0
2573493,0
2573682,0
2573696,0
2574072,0
2574198,0
2574426,0
2574470,0
2574499,0
2574615,0
2574762,0
2574913,0
2574959,0
2575010,0
2575025,0
2575270,0
2575379,0
2575495,0
2575564,0
2575585,0
2575655,0
2575658,0
2575692,0
2575767,0
2575826,0
2575891,0
2575978,0
2576140,0
2576298,0
2576436,0
2576523,0
2576574,0
2576666,0
2577111,0
2577492,0
2577531,0
2577558,0
2577609,0
2577624,0
2578012,0
2578100,0
2578110,0
2578143,0
2578151,0
2578186,0
2578196,0
2578226,0
2578269,0
2578558,0
2578636,0
2578735,0
2578765,0
2578968,0
2578987,0
2579255,0
2579374,0
2579565,0
2579629,0
2579635,0
2579640,0
2579707,0
2579858,0
2579948,0
2580193,0
2580279,0
2580319,0
2580342,0
2580374,0
2580408,0
2580444,0
2580582,0
2580662,0
2580699,0
2580743,0
2580756,0
2580820,0
2580831,0
2580835,0
2580858,0
2580990,0
2581069,0
2581091,0
2581188,0
2581231,0
2581276,0
2581412,0
2590416,0
2590435,0
2590448,0
2590459,0
2590711,0
2590900,0
2590972,0
2591027,0
2591237,0
2591432,0
2591464,0
2591735,0
2591758,0
2591801,0
2591817,0
2591973,0
2591990,0
3,0
5,1
49,0
135,0
280,0
439,0
703,0
1312,0
1370,0
1414,0
1467,0
1525,0
1548,0
1712,0
1772,0
1774,0
1818,0
1820,0
2000,0
2038,0
2187,0
2546,0
2740,0
2769,0
2800,0
2845,0
3060,0
3140,0
3411,0
3697,1
3964,0
4074,0
4103,0
4109,0
4272,0
4323,0
4466,0
4543,0
4657,0
4696,0
4737,0
4952,0
4968,0
4973,0
5131,0
5211,0
5356,0
5463,0
5486,0
5508,0
5514,0
5556,0
5669,0
5726,0
5861,0
5936,0
6040,0
6127,0
6150,0
6255,0
6321,0
6378,0
6516,0
6582,0
6635,0
6789,0
6840,0
6866,0
7098,0
7143,0
7239,0
7273,0
7314,0
7316,0
7404,0
7560,0
7827,0
8015,0
8128,0
8151,0
8173,0
8210,0
8260,0
8277,0
8370,0
8402,0
8439,0
8488,0
8557,0
8564,0
8693,0
8823,0
8871,0
8872,0
8912,0
9050,0
9077,0
9125,0
9133,0
9287,0
9296,0
9389,0
9393,0
9488,0
9499,0
9657,0
9675,0
9938,0
10038,0
10041,0
10448,0
10530,0
10578,0
10707,0
10775,0
10811,0
10837,0
10958,0
11026,0
11099,0
11139,0
11164,0
11315,0
11364,0
11431,0
11439,1
11609,0
11807,0
11829,0
11880,0
12566,0
12603,0
12780,0
12837,0
12839,0
12868,0
12933,0
13241,0
13893,0
13924,0
13955,0
14016,0
14059,0
14152,0
14169,0
14187,0
14196,0
14206,0
14218,0
14252,0
14313,0
14431,0
14535,0
14796,0
14987,0
15037,0
15124,0
15333,0
15504,0
15639,0
15661,0
15685,0
15751,0
15760,0
15788,0
15927,0
16249,0
16516,0
16695,0
17284,1
17360,0
17362,0
17369,0
17374,0
17489,0
17531,0
17616,0
17681,0
17694,0
17758,0
17793,0
17914,0
18038,0
18128,0
18179,0
18400,0
18429,0
18726,0
18781,0
19063,0
19239,0
19305,0
19406,0
19544,0
19550,0
19557,0
19593,0
19989,0
20117,0
20263,0
20408,0
20587,0
20676,0
20779,0
20857,0
20926,0
20930,0
20945,0
20961,0
20964,0
21014,0
21164,1
21184,0
21193,0
21294,0
21464,0
21483,0
21504,0
21527,0
21653,0
21788,0
21793,0
21913,0
21931,0
22458,0
22627,0
22632,0
22669,0
23097,0
23149,0
23183,0
23468,0
23629,0
23688,0
23844,0
23937,0
23980,0
24046,0
24106,0
24184,0
24193,0
24211,0
24318,0
24595,0
24641,0
24703,0
24742,0
24755,0
24963,0
25022,0
25063,0
25126,0
25149,0
25252,0
25309,0
25355,0
25363,0
25424,0
25441,0
25443,0
25521,0
25614,0
25727,0
25831,0
26154,0
26182,0
26185,0
26226,0
26274,0
26326,0
26628,0
26724,0
26895,0
26985,0
27077,0
27130,0
27272,0
27298,0
27426,0
27484,0
27516,0
27581,0
27627,0
27930,0
28005,0
28190,0
28251,0
28295,0
28449,0
28537,0
28550,0
28561,0
28823,0
28877,0
28936,0
29035,0
29127,0
29300,0
29516,0
29725,0
29757,0
29881,0
30016,0
30181,0
30356,0
30388,0
30438,0
30858,0
30958,0
31012,0
31028,0
31030,0
31227,0
31279,0
31450,0
31499,0
31561,0
31684,0
31736,0
31782,0
31795,0
32078,0
32123,0
32192,0
32411,0
32586,0
32687,0
32976,0
33001,0
33005,0
33142,0
33350,0
33439,0
33451,0
33516,0
33580,0
33614,0
33958,0
33968,0
34100,0
34394,0
34538,0
34551,0
34771,0
34963,0
35062,0
35255,0
35310,0
35460,0
35570,0
35596,0
35720,0
35901,0
35961,0
36120,0
36144,0
36181,0
36182,0
36183,0
36271,0
36291,0
36310,0
36338,0
36447,0
36537,0
36672,0
36849,0
37185,0
37204,0
37359,0
37384,0
37484,0
37503,1
37693,0
37718,0
37906,0
38040,0
38162,0
38269,0
38504,0
38582,0
38668,0
38762,0
38980,0
39195,0
39431,0
39822,0
40004,0
40066,0
40114,0
40169,0
40186,0
40462,0
40565,0
40601,0
40742,0
40989,0
41007,0
41110,0
41198,0
41226,0
41251,0
41319,0
41687,0
41738,0
41797,0
41899,0
42312,0
42444,0
42523,0
42620,0
42651,0
42844,0
42858,0
42958,0
43043,0
43058,0
43108,0
43114,0
43127,0
43172,0
43244,0
43293,0
43341,0
43510,0
43541,0
43662,0
43752,0
43761,0
43777,0
43939,0
43989,0
44200,0
44239,0
44265,0
44290,0
44654,0
44660,1
44800,0
44845,0
45191,0
45222,0
45231,0
45275,0
45466,0
45470,0
45479,0
45517,0
45708,0
45834,0
46052,0
46054,0
46200,0
46292,0
46353,0
46426,0
46433,0
46492,0
46507,0
46671,0
46673,0
46717,0
46760,0
46848,0
46881,0
47030,0
47104,0
47129,0
47248,0
47254,0
47546,0
47620,0
47674,0
48012,0
48030,0
48141,0
48177,0
48212,0
48263,0
48326,0
48352,0
48423,0
48523,0
48719,0
48902,0
48916,0
48986,0
49092,0
49444,0
49547,0
49694,0
49878,0
50070,0
50113,0
50628,0
50635,0
50741,0
50752,0
50992,0
51097,0
51152,0
51199,0
51440,0
51507,0
51578,0
51758,0
51770,0
51798,0
51836,0
51956,0
51961,0
51979,0
52161,0
52305,0
52573,0
52608,0
52680,0
52713,0
52889,0
52993,0
53166,0
53217,0
53268,0
53294,0
53314,0
53435,0
53498,0
53544,0
53654,0
53860,0
53905,0
53976,1
54015,0
54019,0
54079,0
54316,0
54364,0
54367,0
54375,0
54577,0
54726,0
54848,0
54854,0
55000,0
55019,0
55092,0
55182,0
55280,0
55331,0
55398,0
55467,0
55485,0
55513,0
55527,0
55542,0
55809,0
55810,0
55893,0
56042,0
56046,0
56282,0
56358,0
56378,0
56388,0
56429,0
56837,0
56840,0
56849,0
56867,0
57016,1
57188,0
57195,0
57291,0
57321,0
57344,0
57512,0
57513,0
57602,0
57646,0
57681,0
57685,0
57981,0
58095,0
58104,0
58191,0
58222,0
58427,0
58624,0
58711,1
58810,0
58859,0
58965,0
59129,0
59262,0
59293,0
59303,0
59753,0
59779,0
59790,0
59809,0
59976,0
59982,0
60002,0
60058,0
60067,0
60081,0
60183,0
60678,0
60900,0
61651,0
61768,0
61858,0
61892,0
61893,0
61973,0
61990,0
62016,0
62075,0
62220,0
62425,0
62684,0
62747,0
63127,0
63134,0
63178,0
63183,0
63208,0
63257,0
63283,0
63372,1
63504,0
63728,0
63740,0
63923,0
63990,0
64020,0
64044,0
64106,0
64255,1
64458,0
64475,0
64506,0
64592,0
64754,0
65094,0
65130,0
65140,0
65472,0
65546,0
65582,0
65688,0
65806,0
65857,0
65871,0
65895,0
66121,0
66630,0
66703,0
66718,0
66734,0
67105,0
67132,0
67217,0
67265,0
67331,0
67332,0
67419,0
67540,0
67657,0
67664,0
67769,0
67774,0
67943,0
68106,0
68403,0
68493,0
68529,0
68560,0
68700,0
68826,0
69082,0
69202,0
69372,0
69434,0
69602,0
69638,0
69653,0
69833,0
70022,0
70054,0
70301,0
70310,0
70347,0
70378,0
70446,0
70557,0
70588,0
70656,0
70709,0
70837,0
70858,0
71062,0
71192,0
71261,0
71341,0
71397,0
71551,0
71632,0
71712,0
72085,0
72091,0
72194,0
72264,0
72402,0
72564,0
72636,0
72657,0
72882,0
72886,0
73090,0
73131,0
73154,0
73479,1
73512,0
73625,0
73740,0
73829,0
73908,0
74000,0
74228,0
74314,0
74504,0
74626,0
74776,0
74879,0
74894,0
75277,0
75321,0
75339,0
75419,0
75561,0
75983,0
76054,0
76069,0
76156,0
76318,0
76379,0
76495,0
76566,0
76957,0
77002,0
77149,0
77237,0
77366,0
77401,0
77469,0
77579,0
77580,0
77583,0
77638,0
77673,0
77712,0
77753,0
77828,0
77929,0
78159,0
78270,0
78316,0
78345,0
78419,0
78641,1
78669,0
78812,0
78847,0
79095,0
79164,0
79197,0
79242,0
79746,0
79790,0
79798,0
79805,0
79819,0
79889,0
79899,0
79947,0
79950,0
80162,0
80228,0
80306,0
80391,0
80530,0
80538,0
80686,0
80706,0
80746,0
80793,0
80878,0
81079,0
81088,0
81103,0
81205,0
81407,0
81546,0
81636,0
81701,0
81707,0
81827,0
81904,0
81976,0
82158,0
82273,0
82300,0
82302,0
82322,0
82331,0
82413,0
82453,0
82467,0
82589,0
82611,0
82691,0
82774,0
82800,0
82824,0
82884,0
83023,0
83171,0
83176,0
83253,0
83314,0
83329,0
83353,0
83567,0
83667,0
83681,0
83723,0
84118,0
84185,0
84208,0
84231,0
84333,0
84340,0
84342,0
84532,0
84542,0
84750,0
84766,0
84935,0
84954,0
84997,0
85145,0
85165,0
85182,0
85199,0
85225,0
85235,0
85256,0
85304,0
85696,0
85840,0
85974,0
86319,0
86410,0
86441,0
86459,0
86462,0
86497,0
86755,0
86805,0
86837,0
86838,0
86921,0
86997,0
87145,0
87158,0
87165,0
87178,0
87339,0
87392,0
87515,0
87643,0
88098,0
88226,0
88241,0
88343,0
88349,1
88373,0
88396,0
88475,0
88600,0
88698,0
88767,0
88961,0
88980,0
88996,0
89150,0
89254,0
89296,0
89359,0
89372,0
89444,0
89529,0
89576,0
89679,0
89727,0
89868,0
90236,0
90239,0
90281,0
90416,1
90647,0
90678,0
90999,0
91059,0
91186,0
91313,0
91320,0
91448,0
91454,0
91602,0
91625,0
91642,0
91741,0
91843,0
91848,0
91865,0
92071,0
92361,0
92668,0
92811,0
92832,0
93003,0
93011,0
93066,0
93436,0
93561,0
93658,0
93840,0
93933,0
94119,0
94262,0
94269,1
94487,0
94669,0
94670,0
94816,0
94993,0
95362,0
95382,0
95428,0
95533,0
96373,0
96413,0
96576,0
96699,0
96866,0
96887,0
96949,0
96977,0
96983,0
97006,0
97071,0
97135,0
97197,0
97261,0
97277,0
97327,0
97328,0
97407,0
97453,0
97714,0
97854,0
97877,0
97953,0
98113,0
98135,0
98277,0
98463,0
98467,0
98582,0
98600,0
98649,0
98658,0
98663,0
98727,0
98913,0
98960,0
99188,0
99344,1
99386,0
99414,0
99421,0
99423,1
99473,0
99513,0
99567,0
99970,1
100139,0
100276,0
100454,0
100476,0
100536,0
100609,0
100660,0
100788,0
100917,0
100954,0
101385,0
101449,0
101578,0
101588,0
101624,0
101679,0
101745,0
101773,0
101829,0
101830,0
101914,0
101937,0
101942,0
101989,0
102052,0
102151,0
102217,0
102327,0
102337,0
102457,1
102465,0
102581,0
102778,0
102951,0
102955,0
103062,0
103095,0
103373,0
103386,0
103578,0
103746,0
103904,0
103942,0
103972,0
104050,0
104142,0
104308,0
104436,0
104522,1
104539,0
104553,0
104610,0
104669,0
104727,0
104770,1
104810,0
104852,0
104877,0
104954,0
104961,0
104962,0
104992,0
105128,0
105138,0
105140,1
105277,0
105392,0
105442,0
105516,0
105556,0
105675,0
105780,0
105807,0
105829,0
105917,0
105983,0
106247,0
106251,0
106264,0
106320,0
106697,0
106786,0
106814,0
106819,0
106864,0
106921,0
106942,0
106947,0
107034,0
107045,0
107291,0
107334,0
107386,0
107813,0
108289,0
108303,0
108356,0
108416,0
108460,0
108585,1
108728,0
108762,0
108804,0
109053,0
109100,0
109409,0
109414,0
109423,0
109567,0
109648,0
109725,0
109923,0
110009,0
110037,0
110050,0
110138,0
110326,0
110496,0
110638,0
110690,0
110949,1
110959,0
111221,0
111304,0
111379,0
111628,0
111641,0
111692,0
111759,0
111764,0
112025,0
112026,0
112171,0
112288,0
112360,0
112369,0
112371,0
112379,0
112506,1
112589,0
112793,0
112952,0
113106,0
113154,0
113433,0
113486,0
113532,0
113757,0
113844,0
114037,0
114140,0
114180,0
114444,0
114517,1
114649,0
114650,0
114709,0
114832,0
114848,0
114957,0
115167,1
115267,0
115336,0
115407,0
115442,0
115477,0
115664,0
115998,0
116014,1
116172,0
116201,0
116304,0
116368,0
116570,0
116603,0
116762,0
116952,0
117247,0
117311,0
117484,0
117680,0
117740,0
117896,0
118020,0
118079,0
118083,0
118323,0
118355,0
118371,0
118435,0
118598,0
118784,0
118899,0
118932,0
118940,0
119083,0
119141,0
119201,0
119254,0
119310,0
119430,0
119491,0
119518,0
119527,0
119544,0
119558,0
119597,0
119831,0
119874,0
119897,0
119957,0
120082,0
120099,0
120165,0
120199,0
120258,0
120318,0
120584,0
120593,0
120601,0
120698,1
120809,0
120913,0
120933,0
120970,0
121276,0
121376,0
121399,0
121411,0
121533,0
121550,0
121670,0
121675,0
121720,0
121874,0
122083,0
122134,0
122254,0
122329,0
122541,0
122589,0
122630,0
122675,0
122682,0
122750,0
122766,0
122799,0
122837,0
122863,0
123059,0
123076,0
123091,0
123254,0
123332,0
123350,0
123607,0
123705,0
123716,0
123722,0
123880,0
124059,0
124248,0
124441,0
124484,0
124550,0
124752,0
124792,0
125010,0
125097,0
125118,0
125201,0
125256,0
125297,0
125589,0
125643,0
125671,0
125885,0
125908,0
126081,0
126124,0
126140,0
126272,0
126334,0
126366,0
126400,0
126429,0
126629,0
126680,0
126687,0
126708,0
126852,0
127096,0
127130,0
127166,0
127489,0
127591,0
127614,0
127633,0
127660,0
127868,0
128253,0
128293,0
128350,0
128479,0
128615,0
128721,1
128752,0
128851,0
128891,0
129015,0
129085,0
129087,0
129097,0
129361,0
129457,0
129490,0
129555,0
129722,0
129853,0
129987,0
130450,0
130466,0
130679,0
130766,0
130807,0
130838,0
130920,0
131011,0
131543,0
131602,0
131663,0
131772,0
132045,0
132059,0
132088,0
132412,0
132448,0
132570,0
132698,0
132833,0
132889,0
132893,0
133328,0
133417,0
133574,0
133722,0
134002,0
134071,0
134168,0
134202,0
134578,0
134961,0
135077,0
135322,0
135382,0
135436,0
135455,0
135475,0
135617,0
135720,0
135896,0
136088,0
136146,0
136365,0
136550,0
136862,0
137000,0
137006,0
137109,0
137204,1
137208,0
137354,0
137459,0
137662,0
137928,0
138049,0
138170,0
138570,0
138693,0
138821,0
138996,0
139119,0
139168,0
139402,0
139492,0
139625,0
139815,0
139816,0
140175,0
140185,0
140260,0
140367,0
140517,0
140674,0
140693,0
140897,0
140933,0
141049,0
141156,0
141406,0
141428,0
141431,0
141802,0
141810,0
141869,0
141897,0
142204,0
142270,0
142293,0
142343,0
142735,0
142993,0
143069,0
143096,0
143182,0
143276,0
143461,0
143930,0
143954,0
144145,0
144194,0
144204,0
144295,0
144360,0
144380,0
144878,0
144912,0
144948,0
145081,0
145357,0
145862,0
145874,0
146216,0
146334,0
146442,0
146695,0
147013,0
147109,0
147110,0
147184,0
147339,0
147576,1
147707,0
147764,0
148355,0
148436,0
148471,0
148614,0
148618,0
148699,0
148976,0
149177,0
149595,1
149700,0
150670,0
150760,0
150767,0
151356,0
151357,0
151724,0
151805,0
151860,0
152006,0
152082,0
152159,0
152165,0
152537,0
152741,0
152993,0
153609,0
153886,0
154058,0
154082,0
154151,0
154383,0
154541,0
154643,0
154673,0
154703,0
154783,0
155230,0
155263,0
155291,0
155678,0
155716,1
155826,0
155848,0
155926,0
155942,0
156136,0
156237,1
156480,0
156618,0
156785,0
157071,0
157151,0
157158,0
157440,0
157587,0
157703,0
157947,0
158125,0
158171,0
158388,0
158539,0
158612,0
158641,0
158816,0
159090,0
159400,0
159419,0
159508,0
159515,0
159597,0
159606,0
159649,0
159651,0
159958,0
160007,0
160032,0
160081,0
160160,0
160554,0
160624,0
160712,0
160765,0
160783,0
160892,0
160962,0
161218,0
161480,0
161812,0
161832,0
162158,0
162220,0
162296,0
162379,0
162382,0
162412,0
162491,0
162492,0
162973,0
163185,0
163198,0
163201,0
163377,0
163383,0
163402,0
163487,0
163530,0
163702,0
163862,0
163927,0
164241,0
164635,0
164696,0
164946,0
165032,0
165042,0
165122,0
165395,0
165448,0
165468,0
165493,0
165503,0
165685,0
165872,0
165885,0
166224,0
166462,0
166791,0
166915,0
167021,0
167051,0
167088,0
167091,0
167334,0
167600,0
167624,0
167732,0
167807,0
167909,0
167956,0
168366,0
168373,0
168374,0
168438,0
168771,0
168875,0
169028,0
169341,0
169360,0
169449,0
169469,0
169761,0
169774,0
169842,0
169847,0
169928,0
170057,0
170069,0
170279,0
170287,0
170608,0
170753,0
171059,0
171079,0
171313,0
171412,0
171526,0
171727,0
171837,0
172222,0
172389,0
172679,0
172808,0
172908,0
172916,0
173072,0
173145,0
173232,0
173294,0
173490,0
173862,0
173912,0
174010,0
174019,0
174065,0
174070,0
174219,0
174276,0
174359,0
174466,0
174477,0
174514,0
174541,0
174563,0
174691,0
174776,0
174816,0
174830,0
174864,0
175039,0
175162,0
175209,0
175218,0
175288,1
175303,0
175358,0
175498,0
175607,0
175676,0
175807,0
175853,0
176096,0
176169,0
176921,0
177054,0
177149,0
177438,0
177677,0
177853,0
177866,0
178165,0
178175,0
178381,0
178435,0
178553,0
178576,0
178655,0
178735,0
178769,0
178789,0
178837,0
179166,0
179209,0
179261,0
179286,0
179309,0
179348,0
179478,0
179780,0
179826,0
179849,0
179871,0
179872,0
179942,0
180003,0
180021,0
180115,0
180214,0
180264,0
180376,0
180535,0
180564,0
180568,0
180703,0
180842,0
180921,0
180978,0
181199,0
181364,0
181569,0
181747,0
181955,0
182009,0
182183,1
182223,0
182516,0
182605,0
182939,0
182971,0
182974,0
182980,0
183258,0
183509,0
183533,0
183558,0
183568,0
183776,0
183802,0
184068,0
184302,0
184401,0
184414,0
184415,0
184757,0
184790,0
184845,0
184900,0
184972,0
185042,0
185218,0
185244,0
186255,0
186422,0
186719,0
186851,0
186858,0
186990,0
187128,0
187512,0
187666,0
187772,0
187866,0
188042,0
188070,0
188543,0
188677,0
188743,0
188787,0
188934,0
189189,0
189356,0
189514,0
189930,0
190083,0
190479,0
190748,0
190817,0
191044,0
191087,0
191088,0
191091,0
191189,0
191730,0
192088,0
192211,0
192336,0
192428,0
192582,0
192945,0
193069,0
193386,1
193737,0
193824,0
194132,0
194352,0
194390,0
194547,0
194767,0
194818,0
194866,0
194902,0
194904,0
194981,0
195041,0
195090,0
195143,0
195147,0
195317,0
195550,0
195654,0
195834,0
195886,0
195898,0
196051,0
196087,0
196093,0
196164,0
196189,0
196291,0
196311,0
196405,0
196413,0
196643,0
196850,0
196910,0
197027,0
197056,0
197274,0
197319,0
197336,0
197466,0
197566,0
197584,0
197683,0
197806,0
198127,0
198140,0
198151,0
198204,0
198254,0
198326,0
198409,0
198457,0
198472,0
198631,0
198701,0
198740,0
198771,0
198891,0
198909,0
199017,0
199370,0
199649,0
199703,0
199791,0
199888,0
199956,0
199962,0
199998,0
200150,0
200235,0
200329,0
200582,0
200664,0
200680,0
200696,0
200909,0
200975,0
200986,0
201590,0
201705,0
201745,0
201865,0
202341,0
202410,0
202526,1
203053,0
203096,0
203267,0
203408,0
203439,0
203554,0
203610,0
203632,0
203713,0
203784,0
203852,0
203857,0
204045,0
204089,0
204150,0
204256,0
204441,0
204482,0
204580,0
204657,0
204671,0
204768,0
204780,0
204989,0
205067,0
205210,0
205225,0
205246,0
205287,0
205430,0
205636,0
206058,0
206157,0
206268,0
206378,0
206428,0
206445,0
206461,0
206510,0
206556,0
206686,0
206831,0
206990,0
207046,0
207122,0
207138,0
207183,0
207196,0
207473,0
207896,0
207949,0
208059,0
208101,0
208197,0
208216,0
208273,0
208302,0
208465,0
208551,0
208691,0
208805,0
208897,0
208998,0
209041,0
209192,0
209243,0
209368,0
209459,0
209542,0
209724,0
209799,0
209892,0
210072,0
210491,0
210879,0
210997,0
211102,0
211118,1
211149,0
211170,0
211200,0
211232,0
211237,0
211266,0
211424,0
211648,0
211779,0
212055,0
212140,0
212240,0
212305,0
212382,0
212487,0
212529,0
212823,0
212906,1
213057,0
213090,0
213449,0
213545,0
213556,0
213691,0
213869,0
213968,0
214112,0
214146,0
214406,0
214413,0
214618,0
214735,0
214918,0
215070,0
215089,0
215291,0
215339,0
215443,0
215688,0
215846,0
216192,0
216217,0
216537,0
216664,0
216710,0
216753,0
216995,0
217120,0
217240,0
217378,0
217415,0
217452,0
217637,0
217720,0
218403,0
218437,0
218559,0
218576,0
218631,0
218655,0
218835,0
219346,0
219372,0
219757,0
219833,0
219923,0
219967,0
220198,0
220256,0
220432,0
220436,0
220470,0
220575,0
220613,0
220745,0
220807,0
220911,0
220972,0
221050,0
221337,0
221400,0
221633,0
221645,0
221685,0
221689,0
221752,0
221968,0
222176,0
222301,0
222391,1
222398,0
222488,0
222573,1
222693,0
222701,0
222937,0
222963,0
222975,0
223065,0
223084,0
223181,0
223316,0
223356,0
223357,0
223563,0
223622,0
223851,0
224144,0
224566,0
224599,0
224963,0
225160,0
225184,0
225306,0
225376,0
225507,0
225627,0
225941,0
226003,0
226066,0
226241,0
226290,0
226323,0
226371,0
226455,0
226640,0
226920,0
226931,0
226953,0
227211,0
227970,0
228181,0
228201,1
228212,0
228686,0
228854,0
228958,0
228979,0
229278,0
229290,0
229409,0
229501,0
229616,0
229766,0
229791,0
229795,0
229835,0
229871,0
229894,0
229918,0
229952,0
230024,0
230473,0
230538,0
230659,0
230677,0
230727,0
230826,0
230891,0
230905,0
230919,0
231020,0
231089,0
231148,0
231165,0
231283,0
231472,0
231482,0
231506,0
232005,0
232027,0
232064,0
232271,0
232275,0
232461,0
232710,0
232800,0
232816,0
232936,1
233150,0
233327,0
233371,0
233397,0
233531,0
233929,0
234035,0
234049,0
234116,0
234333,0
234454,0
234654,0
235042,0
235156,0
235519,0
235780,0
235839,0
236145,0
236226,0
236283,0
236489,0
236534,0
236651,0
236704,0
236773,0
236908,0
237187,0
237242,0
237308,0
237347,0
237494,0
237758,0
237849,0
237858,0
237902,0
237953,0
238049,0
238456,0
238642,0
239096,0
239379,1
239567,0
239572,0
239605,0
239966,0
239977,0
240005,0
240057,0
240198,0
240239,0
240320,0
240326,0
240352,0
240427,0
240638,0
240662,0
240677,0
240996,0
241040,0
241130,0
241154,0
241206,0
241242,0
241276,0
241392,0
241442,0
241479,0
241574,0
241692,0
241693,0
241778,0
241792,0
241968,0
242164,0
242702,0
242703,0
242739,0
242785,0
242814,0
243078,0
243260,0
243394,0
243505,0
243515,0
243641,0
243785,0
243960,0
244038,0
244124,0
244479,0
244561,0
244718,0
244899,0
244996,0
245237,0
245535,0
245558,0
245815,0
245871,0
245872,0
245956,0
246293,0
246378,0
246414,0
246437,0
246508,0
246661,0
246745,0
246788,0
246812,0
246929,0
247301,0
247480,0
247536,0
247563,0
247575,0
247763,0
247777,0
248051,0
248061,0
248271,0
248320,0
248390,0
248489,0
248535,0
248579,0
249455,0
249586,0
249632,0
249710,0
249921,0
250119,0
250136,0
250326,0
250392,0
250512,0
250601,0
250614,0
250776,0
250912,0
250971,0
251018,0
251022,0
251213,0
251437,0
251553,0
251575,0
251584,0
251645,0
251727,0
251874,0
252193,0
252217,0
252226,0
252246,0
252469,0
252953,0
253002,0
253031,0
253065,0
253135,0
253213,1
253331,0
253556,0
254148,0
254330,0
254499,0
254647,0
255372,0
255378,0
255379,0
255441,0
255509,0
255753,0
255774,0
255775,0
255865,0
255905,0
255998,0
256196,0
256340,0
256558,0
256587,0
256839,0
256859,0
256861,0
257162,0
257237,0
257618,0
257670,0
258474,0
258517,0
258932,0
258934,0
259164,0
259174,1
260108,0
260151,0
260166,0
260335,0
260606,0
261050,0
261301,0
261345,0
261375,0
261496,0
261638,0
261838,0
262006,0
262051,0
262067,0
262112,0
262125,0
262157,0
262345,0
262356,0
262678,0
262764,0
262853,0
262885,0
262958,0
263218,0
263292,0
263434,0
263583,0
263635,0
263661,0
263704,0
263771,0
263973,0
264040,0
264395,0
264496,0
264571,0
264629,0
264696,0
264937,0
265021,0
265223,0
265266,0
265309,0
265707,0
265777,0
266169,0
266194,0
266200,0
266406,0
266622,0
266654,0
266657,0
266700,0
266796,0
266941,0
267030,0
267188,0
267489,0
267664,0
267869,0
268220,0
268265,0
268395,0
268495,0
268817,0
268819,0
268855,0
268905,0
269095,0
269285,0
269303,0
269316,0
269412,0
269726,0
269733,0
270010,0
270033,0
270060,0
270084,0
270133,0
270360,0
270599,0
270659,0
270717,0
270954,0
271020,0
271023,0
271149,0
271215,0
271261,0
271264,0
271284,0
271430,0
271689,0
271736,0
271752,0
271821,0
272077,0
272102,0
272260,0
272347,0
272500,0
272541,0
272580,0
272603,0
272824,0
272895,0
272921,0
272964,0
272996,0
273018,0
273038,0
273046,0
273060,0
273178,0
273322,0
273439,0
273633,0
273744,0
274091,0
274675,0
274736,0
274746,0
275015,0
275270,0
275332,0
275351,0
275398,0
275407,0
275451,0
275671,0
275685,0
275694,0
275740,0
275762,0
275931,0
276037,0
276199,0
276240,0
276281,0
276458,0
276474,0
276600,0
276765,0
276932,0
276950,0
277138,0
277416,0
277440,0
277496,0
277550,0
277666,0
277686,0
277802,0
277951,0
278299,0
278358,0
278493,0
278551,0
278591,0
278810,0
278902,0
278924,0
278953,0
279240,0
279366,0
279454,0
279477,0
279495,0
279562,0
279568,0
279595,0
279600,0
279647,0
280103,0
280451,0
280598,0
280608,0
280744,0
280794,0
280824,0
280862,0
281139,0
281237,0
281267,0
281442,0
281492,0
281611,0
281698,0
281715,0
281795,0
281796,0
281974,0
282010,0
282013,0
282097,0
282144,0
282153,0
282690,0
282892,0
282933,0
282978,0
283225,0
283315,0
283346,0
284082,0
284129,0
284176,0
284329,0
284425,0
284444,0
284450,0
284456,0
284694,0
284700,0
284814,0
284980,0
285068,0
285251,0
285352,0
285437,0
285468,0
285563,0
285695,0
285877,0
285945,0
285967,0
285991,0
286159,0
286383,0
286576,0
286866,0
286891,0
286915,0
286988,0
287106,0
287403,0
287510,0
287688,0
287694,0
287896,0
287993,0
288169,0
288384,0
289001,0
289028,0
289268,0
289539,0
289541,0
289677,0
289803,0
289877,0
289894,0
289925,0
289972,0
290539,0
290541,0
290834,0
290941,0
291000,0
291159,0
291511,0
291519,0
291564,0
291759,0
291805,0
292002,0
292146,0
292196,0
292648,0
292775,0
292862,0
293208,0
293215,0
293239,0
293260,0
293325,0
293450,0
293679,0
293769,0
293881,0
293893,0
294640,0
294781,0
294947,0
294976,0
295048,0
295335,0
295428,0
295532,0
295702,0
295950,0
296170,0
296325,0
296369,0
296629,0
296667,0
296934,0
297033,0
297189,0
297321,0
297446,0
297583,0
297783,0
297808,0
297897,0
298119,0
298142,0
298262,0
298278,0
298477,0
298517,0
298549,0
298558,0
298621,0
298761,0
298834,0
298932,0
298988,0
299060,0
299157,0
299196,0
299375,0
299479,0
299490,0
299513,0
299689,0
299889,0
299978,0
300172,0
300242,0
300294,0
300955,0
300967,0
301098,0
301157,0
301689,0
301861,0
301874,0
301972,0
302020,0
302293,0
302431,0
302560,0
302825,1
303024,0
303071,0
303374,0
303502,0
303531,0
303577,0
303598,0
303608,0
303638,0
303867,0
304000,0
304405,1
304536,0
304684,0
304723,0
304816,0
304940,0
305435,0
305757,0
305811,0
306169,0
306178,0
306260,0
306297,0
306318,0
306827,0
307001,0
307159,0
307456,0
307637,0
307910,0
308024,0
308037,1
308085,0
308357,0
308496,0
308504,0
308598,0
308875,0
309199,0
309335,0
309408,0
309602,0
309612,0
309918,0
309947,0
310039,0
310067,0
310396,0
310540,0
310656,0
310772,0
311036,0
311045,0
311065,0
311138,0
311186,0
311501,0
311770,0
311840,0
312063,0
312118,0
312151,0
312165,0
312421,0
312608,0
312626,0
312718,0
312810,0
313029,0
313268,0
313354,0
313533,0
313976,0
314145,0
314189,0
314234,0
314356,0
314417,0
314537,0
314615,0
314697,0
314906,0
315352,0
315396,0
315413,0
315462,0
315542,0
315835,0
315898,0
315994,0
315998,0
316025,0
316138,0
316172,0
316354,0
316421,0
316465,0
316540,0
316803,0
316845,0
316876,0
316931,0
317229,0
317269,0
317349,0
317428,0
317646,0
317704,0
317727,0
317748,0
317769,0
317919,0
317945,0
318229,0
318617,0
318679,0
318967,0
319165,0
319464,0
319639,0
319724,0
319796,0
319797,0
319809,0
319852,0
320260,0
320342,0
320407,0
320428,0
320666,0
320728,0
320958,0
320983,0
320989,0
320990,0
321764,0
321823,0
321915,0
321998,0
322276,0
322447,0
322639,0
322919,0
323394,0
323432,0
323439,0
323627,0
323865,0
324083,0
324151,0
324528,0
324581,0
324787,0
324991,0
325100,0
326044,0
326226,0
326248,0
326342,0
326430,0
326519,0
326875,0
326936,0
326983,0
327439,0
327769,0
327842,0
327907,0
328049,0
328072,0
328144,0
328183,0
328737,0
328804,0
329042,0
329079,0
329491,0
329512,0
329779,0
329873,0
330009,0
330158,0
330214,0
330302,0
330340,0
330404,0
330447,0
330820,0
330950,0
331840,0
331905,1
331967,0
332072,0
332331,0
332539,0
332614,0
333171,0
333231,0
333271,0
333400,0
333407,0
333455,0
333605,0
333791,0
333900,0
334113,0
334284,0
335085,0
335419,0
335427,0
335554,0
335656,0
335969,0
336000,0
336043,0
336174,0
336349,0
336401,0
336554,0
336577,0
336607,0
336684,0
336761,0
336878,0
337024,0
337054,0
337081,0
337283,0
337369,1
337424,0
337474,0
337517,0
337877,0
338074,0
338100,0
338395,0
338486,0
338504,0
338594,0
338696,0
338963,0
339076,0
339091,0
339462,0
339731,0
339944,0
340103,0
340532,0
340631,0
340840,0
340963,0
341090,0
341402,0
341571,0
341596,0
341844,0
342032,0
342079,0
342086,0
342230,0
342776,0
343065,0
343090,0
343176,0
343189,0
343405,0
343681,0
343702,0
343734,0
343835,0
343933,0
344274,0
344406,0
344474,0
344746,0
344891,0
345568,0
345752,0
345946,0
346017,0
346198,0
346228,0
346232,0
346329,0
346636,1
346647,0
346675,0
347074,0
347257,0
347312,0
347346,0
347453,0
347455,0
348235,0
348257,0
348356,0
348408,0
348417,0
348619,0
348689,0
348718,0
348727,0
348746,0
348892,0
348935,0
349090,0
349148,0
349414,0
349935,0
349994,0
350167,0
350222,0
350662,0
350721,0
350745,0
350883,0
350959,0
351042,0
351115,0
351116,0
351180,0
351305,0
351521,0
351974,0
352059,0
352466,0
352654,0
352730,0
352743,0
352834,0
353039,0
353074,0
353259,0
353553,0
353616,0
353664,0
354017,0
354256,0
354405,0
354532,0
354643,0
354680,0
354813,0
355639,0
355901,0
356035,0
356065,0
356122,1
356172,0
356252,0
356402,0
356474,0
356746,0
356784,0
356874,0
357205,0
357244,0
357306,0
357342,0
357491,0
357924,0
357948,0
358089,0
358174,0
358331,0
358396,0
358438,0
358641,0
359271,0
359295,0
359629,0
359638,0
359823,0
359872,0
360125,0
360172,0
360350,0
360390,0
360607,0
360619,0
360778,0
360922,0
361209,0
361399,0
361428,0
361475,0
361519,0
361720,0
361738,0
362101,0
362397,0
362568,0
362604,0
362658,0
362675,0
362694,0
362841,0
362900,0
363087,0
363318,0
363426,0
363505,0
363567,0
363682,0
363703,0
363898,0
363924,0
364068,0
364238,0
364269,0
364362,1
365115,0
365285,0
365289,0
365897,0
365921,0
365949,0
366010,0
366201,0
366217,0
366437,0
366440,0
366614,0
366836,0
366956,0
367345,0
367552,0
367682,0
367823,0
367825,0
367848,0
367876,0
367907,0
367916,0
367950,0
368068,0
368280,0
368536,0
369060,0
369249,0
369295,0
369435,0
369632,0
369890,0
370001,0
370259,0
370461,0
371002,0
371014,0
371016,0
371026,0
371078,0
371138,0
371259,0
371354,0
371442,0
371511,0
371574,0
371648,0
371690,0
371940,0
372252,0
372262,0
372271,1
372340,0
372429,0
372461,0
372520,0
372754,0
373367,0
373376,0
373412,0
373506,0
373602,0
373913,0
374359,0
374541,0
374688,0
374969,0
375051,0
375068,0
375112,0
375139,0
375196,0
375419,0
375471,0
375545,0
375570,0
375644,0
375680,0
375692,0
375767,0
375842,0
375847,0
375909,0
375924,0
375938,0
375952,0
375996,0
376048,0
376195,0
376388,0
376400,0
376435,0
376475,0
376484,0
376594,0
376596,0
376672,0
376871,0
376961,0
376974,0
376997,0
377044,0
377383,0
377517,0
377951,0
377957,0
377987,1
378025,0
378078,0
378105,0
378259,0
378298,0
378314,0
378657,0
378798,0
378841,0
379079,0
379129,0
379201,0
379259,0
379393,0
379414,0
379493,0
379529,0
379569,0
379580,0
379640,0
379723,0
379853,0
379919,0
379982,0
380019,0
380127,0
380335,0
380387,0
380461,0
380499,0
380556,0
380853,0
381039,0
381203,0
381237,0
381386,0
381503,1
381521,0
381620,0
381743,0
381954,0
382094,0
382211,0
382560,0
382562,0
382683,0
382749,0
382832,0
382855,0
382876,0
382882,0
383452,0
383467,0
383563,0
383593,0
383906,0
383957,0
383960,0
384058,0
384071,0
384320,0
384410,0
384503,0
384504,0
384616,0
384964,0
384980,0
385043,0
385049,0
385058,0
385172,0
385309,0
385467,0
385472,0
385552,0
385630,0
385645,0
385717,0
386028,0
386168,0
386182,0
386477,0
386813,0
387285,0
387327,0
387398,0
387608,0
387665,0
387702,0
387781,0
387836,0
387878,0
387912,1
388038,0
388352,0
388520,0
388530,0
388569,0
388708,0
388751,0
388944,0
388993,0
389293,0
389398,0
389422,0
389481,0
389776,0
389805,0
389862,0
389869,0
389897,0
389913,0
390159,0
390193,0
390287,0
390390,0
390575,0
390988,0
391005,0
391111,0
391193,0
391250,0
391361,0
391490,0
391555,0
391698,0
391841,0
392004,0
392093,0
392184,0
392199,0
392216,0
392516,0
392537,0
392584,0
392873,0
392948,0
393052,0
393058,0
393083,0
393213,0
393221,0
393347,0
393604,0
394155,0
394170,0
394194,0
394216,0
394284,0
394329,0
394380,0
394483,0
394969,0
395253,0
395836,0
395975,0
396030,0
396109,0
396174,0
396861,0
396949,0
397070,0
397280,0
397463,0
397529,0
397550,0
397643,0
397693,0
397759,0
398187,0
398262,0
398325,0
398382,0
398777,0
399065,0
399450,0
399674,0
400333,0
400655,0
400806,0
400929,0
401005,0
401096,0
401368,0
401648,0
401692,0
401733,0
401778,0
401888,0
402109,0
402199,0
402453,0
402507,0
402852,0
402861,0
402955,0
403438,0
403576,0
404106,0
404143,0
404197,0
404243,0
404295,0
404311,0
404485,0
404584,0
404753,0
404840,0
404860,0
404866,0
405316,0
405318,0
405323,0
405436,0
405593,0
405643,0
406687,0
406731,0
406781,0
407190,0
407247,0
407333,0
407445,0
407521,0
407537,0
407599,0
407758,0
408084,0
408089,0
408180,0
408200,0
408282,0
408738,0
408955,0
408995,0
409022,0
409066,0
409068,0
409105,0
409244,0
409257,0
409505,0
409955,0
409981,0
410145,0
410249,0
410327,0
410434,0
410554,0
410598,0
410615,0
411187,0
411260,0
411449,0
411510,0
411577,0
411624,0
411669,0
411805,0
411862,0
412008,0
412146,0
412185,0
412798,0
412834,0
412908,0
412976,0
413113,0
413169,0
413436,0
413651,0
413907,1
414281,0
414356,0
414522,0
414739,0
414744,0
414808,0
415672,0
415994,0
416043,0
416066,0
416268,0
416360,0
416565,0
416676,0
416840,0
416863,0
416937,0
417428,0
417480,0
417670,0
417678,0
417751,0
417796,0
418032,0
418209,0
418453,0
418561,0
418618,0
419304,0
419555,0
419602,0
419646,0
419865,0
420108,0
420172,0
420219,0
420373,0
420579,0
420714,0
420935,0
420938,0
420956,0
421051,0
421398,0
421500,0
421532,0
421820,0
421849,0
421891,0
422001,0
422235,0
422300,0
422322,0
422329,0
422489,0
422490,0
422820,0
422827,0
422879,0
422959,0
422963,0
423194,0
423324,0
423351,0
423705,0
423943,0
424122,0
424249,0
424404,0
424417,0
424419,0
424423,0
424650,0
424812,0
424831,0
424986,0
425449,0
425454,0
425483,0
425979,0
426156,0
426197,0
426275,0
426609,0
426640,0
426790,0
426952,0
427017,0
427266,0
427354,0
427553,0
427790,0
427835,0
427870,0
427989,0
428323,0
428446,0
428586,0
428710,0
428918,0
429105,0
429242,0
429304,0
429925,0
429937,0
430005,0
430126,0
430216,0
430648,0
430733,0
430748,0
430807,0
430835,0
430873,0
430885,0
430901,0
430907,0
431150,0
431635,0
431636,0
431695,0
431810,0
431820,0
431906,0
432193,0
432287,0
432809,0
432857,0
432887,0
432919,0
432963,0
433081,0
433171,0
433190,0
433390,0
433460,0
433598,0
433682,0
433932,0
433994,0
434071,0
434116,0
434287,0
434637,0
434672,0
435119,0
435174,0
435192,0
435307,0
435404,0
435712,0
435901,0
435946,0
436236,0
436388,0
436704,0
436754,0
436824,0
436881,0
436928,0
436976,0
436989,0
437036,0
437081,0
437160,0
437189,1
437420,0
437481,0
437574,0
437847,0
437856,0
437908,0
438353,0
438472,0
438529,0
438606,0
438619,0
438664,0
438668,0
438777,1
438790,0
438860,1
438953,0
438966,0
438973,0
439081,0
439454,0
439542,0
439603,0
439620,0
440116,0
440134,0
440258,0
440541,0
440671,0
440759,0
440776,0
440913,0
441300,0
441477,0
441865,0
442074,0
442086,0
442244,0
442322,0
442324,0
442528,0
442636,0
442713,0
442739,0
442841,0
442850,0
443102,0
443190,0
443411,0
443491,0
443546,0
443557,0
443673,0
443729,0
444089,0
444417,0
444428,0
444434,0
444737,0
444952,0
445382,0
445566,0
445604,0
445620,0
445687,0
445821,0
445825,0
445942,0
446057,0
446151,0
446425,0
446515,0
446523,0
446705,0
446751,0
446855,0
446898,0
447070,0
447168,0
447276,0
447499,0
447598,0
447689,0
447811,0
448224,0
448320,0
448396,0
448619,0
448705,0
448981,0
449289,0
449525,0
449669,0
449938,0
449945,0
449950,0
450084,1
450147,0
450355,0
450457,0
450584,1
450612,0
450784,0
450850,0
450876,0
450963,1
451007,0
451114,0
451394,0
451478,0
451512,0
451652,0
451742,0
451829,0
451916,0
451957,0
452002,0
452180,0
452314,0
452458,0
452581,0
452671,0
452914,0
453057,0
453198,0
453200,0
453356,0
453457,0
453910,0
453982,0
454197,0
454224,0
454299,0
454451,0
455213,0
455574,0
455575,0
455608,0
456026,0
456179,0
456184,0
456237,0
456295,0
456306,0
456320,0
456607,0
456688,0
457085,0
457244,0
457310,0
457519,0
457744,0
458088,0
458256,0
458512,0
458712,0
458719,0
458745,0
458851,0
458976,0
459282,0
459492,0
459647,0
459781,0
460009,0
460202,0
460344,0
460452,0
460548,0
460774,0
461251,0
461635,0
461735,0
462105,0
462349,0
462494,0
462668,0
462845,0
463018,0
463337,0
463392,0
463533,0
463853,0
463902,0
464692,0
464867,0
464983,0
465218,0
465331,0
465350,0
465579,0
465666,0
465846,0
465847,0
465942,0
466052,0
466424,0
466479,0
466741,0
466857,0
466918,0
467275,0
467835,0
467959,0
468017,0
468288,0
468525,0
468689,0
468819,0
468876,0
468901,0
469102,0
469129,0
469654,0
470007,0
470132,0
470264,0
470340,0
470956,0
471145,0
471187,0
471389,0
471441,0
471573,0
471729,0
471819,0
472078,0
472340,0
472444,0
472496,0
472538,0
472930,0
473492,0
473516,0
473532,0
473669,0
474095,0
474353,0
474361,0
474397,0
474661,0
474719,0
474960,0
475002,0
475031,0
475036,0
475045,0
475275,0
475311,0
475493,0
476137,0
476217,0
476480,0
476622,0
477012,0
477166,0
477439,0
477584,0
477630,0
477756,0
478279,0
478296,0
478733,0
479247,0
479300,0
479461,0
479475,0
479711,0
479742,0
480277,0
480886,0
480902,0
481084,0
481146,0
481155,0
481412,0
481466,0
481996,0
482353,0
482407,0
482833,0
483004,0
483088,0
483467,0
483577,0
483613,0
483739,0
483814,0
483935,0
484222,0
484550,0
484776,0
484809,0
484928,0
484972,0
485035,0
485190,0
485256,0
485794,0
485985,0
486093,0
486255,0
486354,0
486399,0
486669,0
486846,0
487185,0
487452,0
487601,0
487662,0
487981,0
488006,0
488421,0
488423,0
489112,0
489207,0
489330,0
489432,0
490005,0
490074,0
490221,0
490261,0
490304,0
490461,0
490648,0
490722,0
490869,0
490905,0
490917,0
491047,0
491229,0
491537,0
491725,0
492163,0
492226,0
492690,0
493183,0
493472,0
493824,0
494083,0
494109,0
494312,0
494339,0
494651,0
494769,0
494785,0
494832,0
494936,0
494961,0
494965,0
495050,0
495575,0
495659,0
495868,0
495981,0
495982,0
496350,0
496425,0
496671,0
496681,0
496815,0
496832,0
496840,0
497088,0
497200,0
497244,0
497498,0
497508,0
497552,0
497737,0
497738,0
497958,0
498242,0
498250,0
498334,0
498521,0
498896,0
498951,0
498961,0
499147,0
499188,0
499368,0
499480,0
499660,0
499724,0
500605,0
500783,0
501382,0
501974,0
502057,0
502453,0
502513,0
502644,0
503116,0
503376,0
503386,0
503447,0
503467,0
503920,0
504001,0
504423,0
504484,1
504965,0
505101,0
505119,0
505265,1
505311,0
505347,0
505430,0
505616,0
505635,0
505735,0
505907,0
505936,0
505955,0
506267,0
506403,0
506482,0
506550,0
506626,0
506656,0
506830,0
506889,0
507732,0
507753,1
507790,0
507828,0
507905,0
507920,0
507925,0
507947,0
508435,0
508728,0
508757,0
508777,0
508856,0
509261,0
509593,0
509595,0
509644,0
509679,0
509810,0
509920,0
509953,0
510218,0
510469,0
510530,0
510592,0
510658,0
510808,0
510856,0
511393,0
511570,0
511575,0
511660,0
511752,0
511793,0
511889,0
511936,0
512102,0
512262,0
512598,0
512799,0
512822,0
512823,0
512952,0
513072,0
513110,0
513332,0
513427,0
513470,0
513583,0
513617,0
513739,0
513835,0
513904,0
513908,0
513946,0
513954,0
514037,0
514047,0
514109,0
514154,0
514415,0
514637,0
514839,0
514873,0
514874,0
514888,0
515153,0
515518,0
515798,0
515971,0
516133,0
516141,0
516287,0
516334,0
516387,0
516444,0
516504,0
516664,0
516774,0
517191,0
517305,0
517437,0
517637,0
517662,0
517684,0
517728,0
517913,0
518058,0
518286,0
518350,0
518382,0
518436,0
518601,0
518662,0
518709,0
518903,0
518997,0
519081,0
519088,0
519559,0
519566,0
519569,0
519584,0
519595,0
519665,0
519719,0
519738,0
520065,0
520189,0
520297,0
520501,0
520512,0
520550,0
520577,0
520679,0
520688,0
520843,0
520954,0
521015,0
521030,0
521057,0
521109,0
521278,0
521461,0
521464,0
521605,0
521949,0
522045,0
522120,0
522416,0
522712,0
523012,0
523134,0
523172,0
523370,0
523527,0
523535,0
523574,0
523636,0
523676,0
524029,0
524329,0
524331,0
524348,0
524479,0
524536,0
524742,0
524896,0
525001,0
525310,0
525391,0
525572,0
525643,0
525805,0
525913,0
525963,0
526036,0
526092,0
526220,0
526534,0
526577,0
526579,0
526663,0
526838,0
526911,0
527282,0
527307,0
527681,0
527848,0
527875,0
528059,0
528658,0
528732,0
528794,0
529049,0
529172,0
529189,0
529268,0
529478,0
529721,0
529870,0
530127,0
530168,0
530171,0
530519,0
530626,0
530785,0
530895,0
530936,0
531031,0
531120,0
531143,0
531148,0
531242,0
531580,0
532023,0
532055,0
532068,0
532086,0
532109,0
532136,0
532148,0
532492,0
532711,0
532732,0
532857,0
532872,0
532887,0
532914,0
532923,0
533174,0
533466,0
533469,0
533512,0
533568,0
533620,0
533644,0
533691,0
533846,0
534390,0
534516,0
534602,0
534612,0
534715,0
534768,0
534970,0
534987,0
535069,0
535182,0
535216,0
535436,0
535831,0
536122,0
536173,0
536278,0
536339,0
536612,0
536905,1
536924,0
537011,0
537193,0
537320,0
537517,0
537621,0
537747,0
537976,0
538074,0
538088,0
538212,0
538425,0
538500,0
538522,0
538547,0
538561,0
538620,0
538677,0
538697,0
538724,0
538739,0
538761,0
538844,0
538867,0
539090,0
539430,0
539687,0
539771,0
539785,0
539866,0
540177,0
540307,0
540412,0
540419,0
540445,0
540451,0
540579,0
540587,0
540670,0
540820,0
540961,0
541178,0
541455,0
541521,0
541645,0
541884,0
541961,0
541971,0
542126,0
542161,0
542411,0
542457,0
542490,0
542583,0
542794,0
542829,0
542835,0
542967,0
543115,0
543238,0
543255,0
543281,0
543403,0
543481,0
543504,0
543738,0
543822,0
543949,0
544033,0
544082,1
544151,0
544305,0
544517,0
544733,0
544798,0
544907,0
544934,0
545307,0
545330,0
545823,0
545948,0
546029,0
546031,0
546063,0
546283,0
546722,0
546729,0
546860,0
547168,0
547178,0
547196,0
547272,0
547583,0
547653,0
547678,0
547810,0
547863,0
547927,0
548099,0
548266,0
548277,0
548293,0
548297,0
548379,0
548396,0
548679,0
548705,0
548955,0
549022,0
549040,0
549198,0
549251,0
549368,0
549375,0
549401,0
549555,0
549581,0
549616,0
549956,0
550119,0
550232,0
550254,0
550302,0
550326,0
550331,0
550363,0
550483,0
550784,0
550965,0
550991,0
551023,0
551059,0
551138,0
551202,0
551274,1
551291,0
551483,0
551539,1
551996,0
552012,0
552095,0
552124,0
552143,0
552313,0
552454,0
552459,0
552537,0
552544,0
552913,0
553001,0
553039,0
553194,0
553281,0
553352,0
553573,0
553624,0
553647,0
553670,0
553714,0
553873,0
553942,0
553962,0
554062,0
554100,0
554235,0
554449,0
554629,0
554633,0
554729,0
554777,0
554858,0
554942,0
555068,0
555148,0
555153,0
555279,0
555297,0
555361,0
555396,0
555441,0
555602,0
555604,0
555637,0
555741,0
555878,0
555931,0
555974,0
556111,0
556143,0
556245,0
556309,0
556312,0
556406,0
556416,0
556626,0
556881,0
557071,0
557377,0
557424,0
557457,0
557463,1
557483,0
558137,0
558232,0
558379,0
558401,0
558447,0
558652,0
558666,0
558701,0
558720,0
558748,0
558775,0
558796,0
559029,0
559183,0
559368,0
559408,1
559523,0
559568,0
559616,0
559783,0
559786,0
559809,0
560161,0
560199,0
560239,0
560241,0
560267,0
560494,0
560548,0
560812,0
560948,0
561062,0
561063,0
561250,0
561253,0
561317,0
561378,0
561521,0
561536,0
561542,0
561586,0
561615,0
561687,0
561699,0
561912,0
562165,0
562236,0
562303,0
562471,0
562490,0
562562,0
562662,0
562973,0
563020,0
563024,0
563214,0
563261,0
563371,0
563528,0
563715,0
563747,0
563994,0
564047,0
564072,0
564078,0
564295,0
564400,0
564440,0
564481,0
564626,0
564694,0
564786,0
564945,0
565144,0
565271,0
565455,0
565775,0
565787,0
566164,0
566265,0
566301,0
566322,0
566406,0
566425,0
566636,0
566672,0
566704,0
566718,0
566771,0
566845,0
566939,0
567077,0
567111,0
567341,0
567418,0
567594,0
567611,0
567627,0
567840,0
567910,0
568108,0
568147,0
568150,0
568281,0
568303,0
568466,0
568518,0
568768,0
568781,0
568796,0
568808,0
568911,0
568954,0
568968,0
569018,0
569078,0
569236,0
569257,0
569309,0
569416,0
569461,0
569783,0
570110,0
570238,0
570331,0
570671,0
570890,0
570900,0
570915,0
571070,0
571254,0
571296,0
571342,0
571412,0
571446,0
571519,0
571591,0
571643,0
571685,0
571720,0
571862,0
571875,0
571908,0
571993,0
572046,0
572047,0
572058,0
572122,0
572193,0
572195,0
572393,0
572597,0
572635,0
572733,0
572775,0
572863,0
572880,0
572929,0
573103,0
573149,0
573182,0
573293,0
573357,0
573462,0
573546,1
573746,0
573782,0
573799,0
573883,0
573970,0
574258,0
574415,0
574497,0
574653,0
574910,0
575075,0
575195,0
575282,0
575446,0
575498,1
576142,0
576147,0
576185,0
576250,0
576267,0
576270,0
576370,0
576552,0
576568,0
576660,0
576801,0
576911,0
577131,0
577352,0
577373,0
577659,0
577730,0
577776,0
577914,0
577963,0
577975,0
578169,0
578176,0
578201,0
578258,1
578626,0
578650,0
578682,0
578689,0
578804,0
578871,0
578908,0
579372,0
579476,0
579499,0
579627,0
579662,0
579757,0
579767,0
579772,0
579837,0
579916,0
580122,0
580381,0
580673,0
580749,0
580768,0
580847,0
580947,0
581231,0
581267,0
581330,0
581409,0
581435,0
581486,0
581522,0
581739,0
581843,0
581972,0
582146,0
582181,0
582876,0
582889,0
583038,0
583102,0
583436,0
583498,0
583502,0
583578,0
583618,0
583674,0
583693,0
583745,0
583943,0
584195,0
584489,0
584502,0
584559,0
584859,0
584869,0
584885,0
585050,0
585097,0
585231,0
585437,0
585546,0
585570,0
585896,0
585899,0
586034,0
586099,0
586143,0
586278,0
586456,0
586741,0
586829,0
586910,0
587199,0
587285,0
587334,0
587409,0
587547,0
587756,0
587757,0
587773,0
588191,0
588197,0
589227,0
589284,0
589412,0
589467,0
589477,0
589787,0
589999,0
590089,0
590122,0
590227,0
590408,0
590548,0
590735,0
590814,0
590823,0
591058,0
591428,0
591468,0
591532,0
591540,0
591624,0
591827,0
591887,0
591971,0
591983,0
592523,0
592543,0
592608,0
592661,0
592776,0
593050,0
593118,0
593317,0
593325,0
593343,0
593479,0
593512,0
593667,1
593692,0
593714,0
593790,0
593921,0
594056,0
594280,0
594294,0
594303,0
594419,0
594499,0
594624,0
594737,0
595059,0
595152,0
595171,0
595280,0
595285,0
595345,0
595364,0
595474,0
595497,0
595774,0
595817,0
595919,0
595928,0
595979,0
596113,0
596305,0
596493,0
596630,0
596669,0
596920,0
596984,0
597134,0
597316,0
597632,0
597634,0
597696,0
597721,0
597904,0
597968,0
598130,0
598260,0
598346,0
598361,0
598416,0
598428,0
598444,0
598821,0
599417,0
599462,0
599701,0
599810,0
599877,0
599890,0
599978,0
600041,0
600126,0
600245,0
600301,0
600599,0
600722,0
600943,0
600958,0
601013,0
601182,0
601401,0
601593,0
601700,0
601794,0
602213,0
602465,0
602987,0
603066,0
603070,0
603225,0
603257,0
603314,0
603326,0
603345,1
603379,0
603426,0
603483,0
603644,0
603659,0
603684,0
603762,0
604066,0
604191,0
604632,0
604660,0
604751,0
605468,0
605556,0
605748,0
605764,0
605767,0
605897,0
606005,0
606152,0
606464,0
606469,0
606849,0
607124,0
607772,0
607883,0
608431,0
608480,0
609005,0
609029,0
609083,0
609087,0
609263,0
609397,0
609667,0
609869,0
610004,0
610129,0
610144,0
610228,0
610248,0
610514,0
610636,0
610691,0
610921,0
611034,0
611091,0
611098,0
611128,0
611178,0
611303,0
611323,0
611327,0
611425,0
611467,0
611575,0
611850,0
612064,0
612305,0
612307,0
612428,0
612525,0
612702,0
612739,0
613254,0
613527,0
613543,0
613547,0
613637,0
613831,0
614030,0
614140,1
614172,0
614228,0
614252,0
614270,0
614426,0
614775,0
614804,0
615061,0
615145,0
615782,0
616003,0
616647,0
616648,0
617035,0
617108,0
617150,0
617231,0
617232,0
617699,0
617708,0
617786,0
617808,0
617844,0
617894,0
618480,1
618502,0
618735,0
619460,0
619559,0
619562,0
619736,0
619941,0
620017,0
620040,0
620212,0
620289,0
620401,0
620476,0
620679,0
620855,0
620985,0
621046,0
621168,0
621176,0
621187,0
621293,0
621422,0
621620,0
621705,0
621850,0
622801,0
623127,0
623363,0
623462,0
623533,0
623557,0
623735,0
624011,0
624149,0
624335,0
624558,0
624633,0
624748,0
624754,0
625084,0
625164,0
625362,0
625519,0
625614,0
625767,0
625977,0
626041,0
626077,0
626082,0
626158,0
626260,0
626315,0
626669,0
626724,0
626805,0
626899,0
626908,0
627033,0
627228,0
627325,0
627381,0
627495,0
627618,0
627704,0
627826,0
628025,0
628080,0
628175,0
628338,0
628402,0
628432,0
628473,0
628830,0
628997,0
629336,0
629401,0
629800,0
630091,0
630221,0
630433,0
630551,0
630560,0
631098,0
631141,0
631640,0
632246,0
632354,0
632559,0
632621,0
632634,0
632922,0
633001,0
633051,0
633258,0
633295,0
633400,0
633677,0
633865,0
634179,0
634226,0
634885,0
634952,0
635061,0
635156,0
635320,0
635400,0
635660,0
635890,0
635953,0
636016,0
636084,0
636316,0
636387,0
636500,0
636537,0
636541,0
636706,0
636826,0
636891,0
636920,0
636932,0
637248,0
637290,0
637294,0
637581,0
637686,0
637829,0
638081,0
638460,0
638628,0
639077,0
639382,0
639402,0
639436,0
639623,0
640135,0
640195,0
640234,0
640298,0
640460,0
640626,0
640786,0
640788,0
640951,0
641178,0
641222,0
641261,0
641294,0
641349,0
641679,0
641730,0
642109,0
642300,0
642368,0
642425,0
642453,0
642789,0
642800,0
642920,0
643255,0
643288,0
643418,0
643471,0
643794,0
643940,0
643948,0
644034,0
644097,0
644105,0
644134,0
644138,0
644179,0
644242,0
644633,0
644916,0
645135,0
645186,0
645205,0
645296,1
645401,0
645541,0
645554,0
645619,0
645682,0
645834,0
645859,0
645976,0
646041,0
646295,0
646355,0
646394,0
646456,0
646516,0
646930,0
647087,0
647285,0
647321,0
647441,0
647460,0
647794,0
647948,0
647950,0
647953,0
648017,0
648064,0
648376,0
648556,0
648596,0
648831,0
648944,0
649017,0
649106,0
649153,0
649298,0
649793,0
649890,0
649973,0
649976,0
650187,0
650231,0
650367,0
650392,0
650511,0
650557,0
650686,0
650871,0
651304,0
651336,0
651632,0
651877,0
652003,0
652068,0
652161,0
652425,0
652533,0
652559,0
652621,0
652884,0
653005,0
653106,0
653259,0
653302,0
653522,0
654093,0
654140,0
654319,0
654460,0
654517,0
654573,0
654687,0
655031,0
655232,0
655263,0
655351,0
655675,0
656072,0
656123,0
656320,0
656631,0
656686,0
656732,0
656771,0
656829,0
656846,0
656896,0
657392,0
657424,0
658155,0
659071,0
659383,0
659528,0
659585,0
659632,0
659682,0
659683,0
659749,0
660100,0
660155,0
660248,0
660739,0
660908,0
661212,0
661219,0
661308,0
661414,0
661850,1
662485,0
662999,0
663026,0
663062,0
663091,0
663131,0
663247,0
663313,0
663405,0
663479,0
663785,0
663952,0
663991,0
664030,0
664369,0
664609,0
664795,0
664844,0
664846,0
665130,0
665585,0
665681,0
665879,0
665974,0
666230,0
666403,0
666473,0
666476,0
666485,0
666508,0
666593,0
666650,0
667202,0
667241,0
667516,0
667528,0
667616,0
667695,0
667717,0
667788,0
667795,0
667922,0
668338,0
668516,0
668609,0
668665,0
668851,1
668889,0
669124,0
669172,0
669177,0
669530,0
670011,0
670055,0
670074,0
670185,0
670214,0
670447,0
670527,0
670547,0
670608,0
670658,0
670912,0
671011,0
671115,0
671189,0
671192,0
671565,0
671696,0
671736,1
672015,0
672072,0
672159,0
672181,0
672197,0
672201,0
672327,0
672418,0
672529,0
672571,0
672620,0
672714,0
672816,0
672855,1
672957,0
673092,0
673140,0
673201,0
673229,0
673318,0
673472,0
673480,0
673572,0
673694,0
673700,0
673729,0
673740,0
674031,0
674039,0
674130,0
674286,0
674456,0
674464,0
674513,0
674596,0
674609,0
674743,0
674880,0
674937,0
675062,0
675080,0
675155,0
675223,0
675249,0
675288,0
675439,0
675583,0
675848,0
675881,0
675996,0
676108,0
676270,0
676371,0
676395,0
676614,0
676646,0
676663,0
676811,0
676903,0
677063,0
677078,0
677391,0
677494,0
677535,0
677600,0
677932,0
678120,0
678346,0
678361,0
678473,0
678543,0
678662,0
678670,0
678853,0
678874,0
678897,0
679014,0
679094,0
679318,0
679498,0
679524,0
679605,0
679714,0
679950,0
679981,0
680264,0
680580,0
680678,0
680784,0
680829,0
680957,0
681234,0
681240,0
681261,0
681300,0
681408,0
681493,0
682000,0
682022,0
682283,0
682394,0
682496,0
682507,0
682594,0
682767,0
682893,0
683045,0
683124,0
683394,0
683457,0
683518,0
683610,0
683791,0
683834,0
683958,0
684021,0
684040,0
684080,0
684155,0
684232,0
684303,0
684421,0
684600,0
684638,0
684661,0
684663,0
684815,0
684828,0
684855,0
684932,0
685255,0
685369,1
685444,0
685490,0
685519,0
685639,0
685643,0
685706,0
685736,0
685765,0
685886,1
685887,0
685905,0
685927,1
686167,0
686169,0
686380,0
686385,0
686548,0
686644,0
686653,0
686771,0
686793,0
687056,0
687138,0
687457,0
687480,0
687515,0
687565,0
687728,0
687871,0
687969,0
687991,0
688054,0
688120,0
688262,0
688276,0
688548,0
688549,0
688646,0
688907,0
689059,0
689146,0
689153,0
689195,0
689214,0
689321,0
689589,0
689599,0
689602,0
689619,0
689775,0
689805,0
690028,0
690034,0
690105,0
690160,0
690181,0
690199,0
690218,0
690220,0
690307,0
690311,0
690428,0
690531,0
690587,0
690617,0
690812,0
690935,0
690939,0
691003,0
691063,0
691429,0
691494,0
691541,0
691799,0
691970,0
691983,0
692126,0
692424,0
692430,0
692538,0
692709,0
693048,0
693093,0
693113,0
693117,0
693202,0
693623,0
693702,0
693960,0
694035,0
694096,0
694438,0
694472,0
694622,0
694626,0
694668,0
694804,0
694925,0
694976,0
695080,0
695273,0
695370,0
695474,0
695487,1
695600,0
695818,0
695917,0
696034,0
696144,0
696146,0
696148,0
696184,0
696288,0
696346,0
696468,0
696498,0
696815,0
696909,0
697116,0
697227,0
697278,0
697309,0
697345,0
697497,0
697886,0
698114,0
698180,0
698220,0
698279,0
698366,0
698372,0
698455,0
698510,0
698598,0
698719,0
698735,0
698840,0
698985,0
699034,0
699157,0
699296,0
699299,0
699397,0
699404,0
699494,0
699495,0
699603,0
699615,0
699693,0
699855,0
699948,0
700025,0
700298,0
700399,0
700459,0
700547,0
700747,0
700875,1
700919,0
700966,0
700998,0
701016,1
701093,0
701153,0
701163,0
701456,0
701466,0
701856,0
701883,0
702067,0
702225,0
702245,1
702282,0
702404,0
702611,0
703379,0
703691,0
703814,0
703846,0
704053,0
704467,0
704545,0
704588,0
704697,0
704757,0
704896,0
704917,0
704964,0
704972,0
705082,0
705096,0
705145,0
705171,0
705281,0
705337,0
705354,0
705627,0
705630,0
705687,0
705710,0
705816,0
705865,0
705866,0
706046,0
706071,0
706555,0
707481,0
707503,0
707522,0
707690,0
707801,0
708007,0
708043,0
708226,0
708313,0
708331,0
708547,0
708570,0
708610,0
708728,0
708917,0
709098,0
709285,0
709471,0
709614,0
709737,0
709741,0
709845,0
709895,0
709969,0
710044,0
710550,0
710766,0
710887,0
710898,0
710969,0
711065,0
711285,0
711507,0
711659,0
711711,0
711733,0
711737,0
711902,0
711975,0
712097,0
712220,0
712256,0
712285,0
712651,0
712703,0
712865,0
712930,0
712966,0
712975,0
713028,0
713067,0
713108,0
713202,0
713279,0
713387,0
713440,0
713578,0
713642,0
713797,0
713843,0
713979,0
714042,0
714075,0
714222,0
714396,0
714690,0
714700,0
714703,0
714725,0
714766,0
714842,0
714880,0
714983,0
714987,0
715087,0
715119,0
715454,0
715463,0
715601,0
715781,0
715875,0
715971,0
716247,0
716371,0
716568,0
716839,0
716873,0
716877,0
716917,0
717023,0
717120,0
717257,0
717345,0
717365,0
717483,0
717648,0
717733,0
717791,0
717894,0
717981,0
718172,0
718369,0
718576,0
718691,0
718726,0
718755,0
718837,0
718843,0
718873,0
718952,0
718959,0
719145,0
719251,0
719536,0
719786,0
719809,0
719878,0
719965,0
720080,0
720098,0
720141,0
720190,0
720266,0
720301,0
720316,0
720345,0
720560,0
720629,0
720630,0
720745,0
720750,0
720946,0
721166,0
721170,0
721182,0
721508,0
721542,0
721550,0
721665,0
721907,0
721919,0
722017,0
722027,0
722055,0
722216,0
722251,0
722275,0
722395,0
722789,0
722839,0
723012,0
723321,0
723331,0
723375,0
723594,0
723727,0
723818,0
723840,0
723858,0
724167,0
724223,0
724239,0
724500,0
724501,0
724549,0
724735,0
724829,0
724967,1
724986,0
725000,0
725064,0
725074,0
725387,0
725436,0
725862,0
725882,0
725889,0
726131,0
726215,0
726220,0
726248,0
726392,0
726435,0
726454,0
726693,0
726709,0
726753,0
726796,0
727011,0
727246,0
727390,0
727401,0
727403,0
727420,0
727572,0
727703,0
727707,0
727734,0
727812,0
727896,0
727914,0
728054,0
728127,0
728237,0
728253,0
728290,0
728306,0
728747,0
728799,0
728836,0
728903,0
728944,0
728962,0
729111,0
729348,0
729358,0
729438,0
729483,0
729553,0
729607,0
729725,0
729738,1
729838,0
729843,0
729958,0
729993,0
730030,0
730159,0
730251,0
730386,0
730617,0
730871,0
730950,0
730971,0
731207,0
731428,0
731547,0
731568,0
731590,0
731666,0
731684,0
731748,0
731862,0
731998,0
732144,0
732195,0
732345,0
732530,0
732586,0
732640,0
733072,0
733147,1
733165,0
733204,0
733381,0
733420,0
733463,0
733586,0
733641,0
733677,0
733688,0
733762,0
733937,0
734011,0
734072,0
734149,0
734166,0
734243,0
734253,0
734290,0
734330,0
734492,0
734517,0
734546,0
734746,0
734882,0
734916,0
735001,1
735196,0
735204,0
735231,0
735234,0
735328,0
735500,0
735561,0
735699,0
735702,0
735714,0
735847,0
736000,0
736003,0
736122,0
736327,0
736686,0
736914,0
736922,0
737111,0
737190,0
737218,0
737247,0
737387,0
737543,0
737593,0
737639,0
737678,0
737876,0
737903,0
737940,0
738136,0
738154,0
738174,0
738225,0
738384,0
738435,0
738442,0
738448,0
738554,0
738692,0
738776,0
738848,0
738930,0
738932,0
739158,0
739181,0
739312,0
739334,0
739469,0
739542,0
739569,0
739635,0
739742,0
739855,0
740029,0
740083,0
740144,0
740250,0
740270,0
740443,0
740480,0
740632,0
740892,0
740930,0
740969,0
741027,0
741299,0
741382,0
741446,0
741634,0
741718,0
741746,0
741830,0
741838,0
741907,0
742080,0
742230,0
742288,0
742478,0
742561,0
742621,0
742711,0
742903,0
743030,0
743119,0
743256,0
743593,0
743597,0
743619,0
743761,0
743945,0
744234,0
744241,0
744296,0
744386,0
744450,0
744615,0
744841,0
744881,0
745311,0
745405,0
745898,0
746025,0
746027,0
746038,0
746050,0
746164,0
746260,0
746306,0
746388,0
746427,0
746451,0
746833,0
746872,0
746927,0
747087,0
747098,0
747277,0
747285,0
747412,0
747421,0
747429,0
747746,0
747781,0
748048,0
748336,0
748408,0
748423,0
748540,0
748631,1
748680,1
748703,0
748723,0
748777,0
749037,0
749105,0
749138,1
749308,0
749347,0
749576,0
749669,0
749779,0
749919,0
749926,0
749984,0
750012,0
750133,0
750257,0
750266,0
750278,0
750378,0
750392,0
750421,0
750503,0
750578,0
750657,0
750696,0
750825,0
750868,0
751084,0
751162,0
751229,0
751273,0
751302,0
751442,0
751769,0
751815,0
751866,0
751890,0
752024,0
752101,0
752121,0
752127,0
752342,0
752500,0
752521,0
752524,0
752555,0
752882,0
752898,0
753253,0
753284,0
753295,0
753322,0
753395,0
753629,0
753637,0
753779,0
753952,0
754140,0
754202,0
754507,0
754597,0
754719,0
754748,0
754952,0
755461,0
755608,0
755681,0
755752,0
755903,0
755908,0
756078,0
756308,0
756509,0
756587,0
756690,0
756926,0
756974,0
757001,0
757119,0
757125,0
757132,0
757210,0
757302,0
757463,0
757677,0
757771,0
757948,0
758065,0
758108,0
758120,0
758167,0
758185,0
758233,1
758256,0
758375,0
758399,0
758521,0
758684,0
758732,0
758850,0
758951,0
759043,0
759088,0
759194,0
759286,0
759366,0
759446,0
759479,0
759501,0
759770,0
760180,0
760181,0
760387,0
760426,0
760457,0
760553,0
760580,1
760619,0
760638,0
760644,0
760672,0
760881,0
760993,0
761002,0
761101,0
761135,0
761374,0
761445,0
761585,0
761599,0
761676,0
762014,0
762022,0
762048,0
762114,0
762115,0
762449,0
762572,0
762762,0
763274,0
763335,0
763350,1
763405,0
763499,0
763731,0
764007,0
764112,0
764273,0
764300,0
764626,0
764730,0
764810,0
764874,0
764927,0
764948,0
764967,0
765049,0
765100,0
765171,0
765174,0
765271,0
765281,0
765352,0
765399,0
765536,0
765723,0
765747,0
765852,0
765921,0
766051,0
766182,0
766190,0
766283,0
766364,0
766468,0
766551,0
766753,0
766764,0
766795,0
766814,0
766822,0
766916,0
766958,0
767289,0
767295,0
767542,0
767845,0
767904,0
767919,0
767925,0
768133,0
768134,0
768225,0
768243,0
768370,0
768555,0
768639,1
768706,0
768909,0
768979,0
769026,0
769278,0
769490,0
769729,0
769831,0
769856,0
769897,0
769912,0
769964,0
770011,0
770033,0
770094,0
770108,0
770208,0
770327,0
770392,0
770421,0
770471,0
770795,0
770864,0
770965,0
770990,0
771030,0
771149,1
771271,0
771368,0
771658,0
771695,0
771755,0
771987,0
772140,0
772749,0
772785,0
772805,0
772920,0
773056,0
773201,0
773261,0
773298,0
773369,0
773374,0
773429,0
773604,0
773800,0
773807,0
774097,0
774142,0
774144,0
774378,0
774384,0
774430,0
774456,0
774500,0
774542,0
774549,0
774566,0
774630,0
774954,1
774958,0
775060,0
775089,0
775092,0
775178,0
775207,0
775220,0
775289,0
775447,0
775482,0
775514,0
775802,0
776185,0
776344,0
776962,0
777076,0
777116,0
777249,0
777284,0
777382,0
777465,0
777489,0
777530,0
777739,0
777755,0
777881,1
777976,0
777987,0
778142,0
778254,0
778278,0
778460,0
778557,0
778580,0
778718,0
778726,0
778783,0
779095,0
779119,0
779219,0
779237,0
779317,0
779368,0
779380,0
779381,0
779422,0
779465,0
779548,0
779586,0
779760,0
779804,0
779931,0
779985,0
780176,0
780219,0
780288,0
780364,0
780461,0
780632,0
780751,0
780834,0
780928,0
780930,0
781123,0
781250,0
781900,0
781936,0
782005,0
782187,0
782297,0
782501,0
782614,0
782860,0
782879,0
782910,0
783184,0
783246,0
783294,0
783401,0
783535,0
783574,0
783593,0
783703,0
783782,0
783816,0
783856,0
784066,0
784317,0
784351,0
784378,0
784449,0
784467,0
784659,0
784660,0
784726,0
784855,0
784987,0
784993,0
785044,0
785387,0
785412,0
785421,0
785553,0
785654,0
785691,0
785793,0
786009,0
786100,0
786110,0
786407,0
786471,0
786549,0
786631,0
786640,0
786825,0
786952,0
787511,0
787532,0
787568,0
787589,0
787633,0
787672,0
787704,0
787723,0
787762,0
787821,0
788018,0
788167,0
788351,0
788438,0
788804,0
788837,0
788842,0
788950,0
788980,0
788984,1
789332,0
789584,0
789611,0
789794,0
789817,0
789995,0
790105,0
790223,0
790567,0
790630,0
790667,0
790682,0
790685,1
790747,0
790799,0
790872,0
790922,0
791076,0
791402,0
791436,0
791526,0
791538,0
791667,0
791733,0
791749,0
791762,0
791855,0
791872,0
791903,0
792020,0
792118,0
792226,0
792312,0
792399,0
792416,0
792480,0
792651,0
792897,0
792940,0
793134,0
793147,0
793200,0
793212,0
793328,0
793451,0
793495,0
793524,0
793739,0
793770,0
793826,0
793896,0
793907,0
793971,0
794017,0
794024,0
794032,0
794289,0
794359,0
794415,0
794528,0
794611,0
794662,0
794664,0
794673,0
794723,0
794791,0
794843,0
794935,0
795008,0
795174,0
795178,0
795279,0
795283,0
795563,0
795620,0
795644,0
795923,0
796013,0
796192,0
796605,0
796621,0
796623,0
796673,0
797040,0
797062,0
797076,0
797335,0
797366,0
797394,0
797408,0
797607,0
797697,0
797803,0
797974,0
798062,0
798164,0
798401,0
798403,0
798439,0
798719,0
798780,0
798856,0
799125,0
799172,0
799243,0
799271,0
799329,0
799390,0
799410,0
799613,0
799760,0
799820,0
799824,0
799960,0
800095,0
800120,0
800228,0
800400,0
800414,0
800434,0
800518,0
800672,0
800688,0
800756,0
800771,0
800961,1
800997,0
801127,0
801462,0
801508,0
801563,0
801590,0
801717,0
802026,0
802091,0
802212,0
802239,0
802315,0
802316,0
802324,0
802443,0
802493,0
802540,0
802542,0
802640,0
802676,0
802794,0
802840,0
802870,0
803040,0
803054,0
803141,0
803152,0
803392,0
803436,0
803482,0
803531,0
803556,0
803833,0
803875,0
804123,0
804270,0
804349,0
804358,0
804481,0
804588,0
804739,0
804919,0
804989,0
805145,0
805294,0
805430,0
805457,0
805506,1
805520,0
805703,0
805800,0
805833,0
805860,0
805893,0
805941,0
806206,0
806209,0
806271,0
806369,0
806925,0
806926,0
807166,0
807528,0
807568,0
807583,0
807869,0
807914,0
807992,0
808209,0
808271,0
808320,0
808326,0
808334,0
808475,0
808637,0
808687,0
808818,0
808948,0
808952,0
808978,0
809101,0
809423,0
809559,0
809622,0
809738,1
810031,0
810194,0
810595,0
810863,0
810880,0
810966,0
811106,0
811368,0
811506,0
811517,0
811526,0
811870,0
811887,0
811940,0
812094,0
812108,0
812215,0
812336,0
812443,0
812490,0
812773,0
812832,0
812858,0
812875,0
812946,0
813044,0
813090,0
813137,0
813366,0
813488,0
813544,0
813607,0
813619,0
813681,0
813824,0
813979,0
813994,0
814137,0
814289,0
814294,0
814323,0
814467,0
814476,0
814527,0
814530,0
814559,0
814711,0
814781,0
814813,0
814850,0
815014,0
815126,0
815165,0
815202,0
815332,0
815386,0
815452,1
815490,0
815694,0
815769,0
816007,0
816102,0
816235,0
816372,0
816546,0
816750,0
816884,0
816899,0
816997,0
817014,0
817025,0
817124,0
817158,0
817200,0
817243,0
817403,0
817487,0
817580,0
817632,0
817662,0
817769,0
817892,0
817913,0
818027,0
818076,0
818080,0
818336,0
818404,0
818533,0
818592,0
818600,0
818678,0
818913,0
818929,0
818951,0
818989,0
819467,0
819682,0
819799,0
819821,0
819841,0
819912,0
819968,0
820031,0
820129,0
820146,0
820198,0
820878,0
821032,0
821034,0
821084,0
821313,0
821513,0
821549,0
821780,0
821890,0
822002,0
822017,0
822048,0
822121,0
822468,0
822616,0
822622,0
822774,0
822834,0
822870,0
822944,0
823087,0
823267,0
823280,0
823583,0
823805,0
823876,0
823896,0
823970,0
823986,0
824019,0
824126,0
824141,0
824308,0
824578,0
824682,0
824780,0
824855,0
824866,0
824914,0
824920,0
825179,1
825208,0
825299,1
825393,0
825454,0
825525,0
825906,0
825913,0
826234,0
826336,0
826434,0
826779,0
826825,0
826889,0
826942,0
827056,0
827090,0
827117,0
827120,0
827176,0
827197,0
827429,0
827499,0
827657,0
827804,0
827849,0
828031,0
828074,0
828549,0
828619,0
828688,0
828814,0
829033,0
829296,0
829469,0
829676,0
829703,0
829730,0
829812,0
830371,0
830568,0
830588,0
830691,0
830840,0
830929,0
831247,0
831251,0
831284,0
831703,0
831923,0
832141,0
832872,0
832950,0
833011,0
833143,0
833283,0
833290,0
833343,0
833350,0
833374,0
833472,0
833806,0
833820,0
833836,0
834012,0
834021,0
834320,0
834616,0
834786,0
834881,0
835146,0
835150,0
835265,0
835314,0
835332,0
835376,0
835400,0
835432,0
835536,0
835688,0
835710,0
835831,0
836069,0
836152,0
836333,0
836337,0
836443,0
836485,0
836743,0
836928,0
837128,0
837223,0
837283,0
837403,0
837435,0
837460,0
837608,0
837727,0
837733,0
838035,0
838242,0
838320,0
838411,0
838622,0
838650,0
838772,0
838956,0
839046,0
839124,0
839285,0
839331,0
839359,0
839539,0
839589,0
839670,0
839765,0
839791,0
839816,0
840005,0
840264,0
840281,0
840330,0
840398,0
840592,0
840659,0
840979,0
841121,0
841138,0
841255,0
841350,0
841590,0
841630,0
841686,0
841737,0
841793,0
841826,0
841892,0
841949,0
842041,0
842115,0
842268,0
842368,0
842416,0
842529,0
842602,0
843084,0
843123,0
843352,0
843392,0
843778,0
843955,0
844159,0
844510,0
844915,0
845001,0
845124,0
845402,0
845451,0
845626,0
845670,0
845961,0
846070,0
846099,0
846122,0
846238,0
846607,0
846609,0
846635,1
846668,0
847035,0
847134,0
847159,0
847385,0
847537,0
847588,0
847638,0
847655,0
848241,0
848486,0
848688,0
848755,0
848908,0
849104,0
849105,0
849107,0
849124,0
849364,0
849456,0
849498,0
849527,0
849721,0
849726,0
849778,0
849957,0
850340,0
850385,0
850464,0
850573,0
850605,0
850640,0
850772,0
850824,0
850940,0
851586,0
851635,0
851656,0
851675,0
851830,0
851888,0
851955,0
852208,0
852429,0
852543,0
852692,0
852764,0
853107,0
853142,0
853177,0
853225,0
853523,0
853562,0
853740,0
853804,0
853906,0
854034,0
854076,0
854107,0
854128,0
854208,0
854287,0
854303,0
854312,0
854733,0
854837,0
855101,0
855496,0
855521,0
855632,0
855733,0
855851,1
856158,0
856219,0
856367,0
856417,0
856435,0
856580,0
857015,0
857092,0
857118,0
857263,0
857416,0
857664,0
857686,0
857738,0
858144,0
858493,0
858615,0
858653,0
858720,0
858865,0
859178,0
859193,0
859359,0
859509,0
859533,0
859542,0
859564,0
860003,0
860121,0
860128,0
860264,0
860472,0
860536,0
860698,0
860706,0
860755,0
860886,0
860909,0
860991,0
861073,0
861271,1
861389,0
861405,0
861828,0
861869,0
862042,0
862049,0
862211,0
862268,0
863443,0
863512,0
863605,0
863668,0
863850,0
864362,0
864392,0
864468,0
864488,0
864621,0
865438,0
865719,0
865793,0
865908,0
865994,0
866071,0
866093,0
866157,0
866287,0
866292,0
866352,0
866374,0
866486,0
866743,0
867070,0
867124,0
867170,0
867381,0
867408,0
867582,0
867616,0
867668,0
867703,0
867860,0
867894,0
867933,0
868155,0
868167,0
868260,0
868304,0
868374,0
868449,0
868517,0
868830,0
869151,0
869538,0
869840,0
869912,0
870204,0
870283,0
870488,0
870494,0
870595,0
871145,0
871573,0
871744,0
871906,0
872020,0
872035,0
872073,0
872382,0
872463,0
872772,0
872865,0
873041,0
873647,0
873676,0
873726,0
873740,0
873996,0
874125,0
874577,0
875052,0
875163,0
875180,0
875230,0
875358,0
875431,0
875544,0
875580,0
875845,0
876043,0
876449,1
876519,0
876752,0
876775,0
876904,0
876929,0
877007,0
877136,0
877329,0
877364,0
877490,0
877595,0
877773,0
877790,0
877865,0
878121,0
878186,0
878247,0
878258,0
878260,0
878354,0
878418,0
878889,0
878958,0
879131,0
879261,0
879273,0
879283,0
879352,0
879486,0
879495,0
879584,0
879859,0
879935,0
879989,0
880235,0
880393,0
880539,0
880740,0
880817,0
880873,0
881152,0
881192,0
881513,0
881539,0
881640,0
881669,0
881842,0
881986,0
882076,0
882197,0
882299,0
882379,0
882403,0
882467,0
882574,0
882991,0
883009,0
883031,0
883040,0
883205,0
883221,0
883335,0
883431,0
883634,0
883747,0
883748,0
883791,0
883819,0
883947,0
883961,1
884217,0
884638,0
884765,0
884766,0
885091,0
885157,1
885172,0
885247,0
885269,0
885287,0
885315,0
885452,0
885542,0
885561,0
885575,0
885642,0
885711,0
885980,0
886796,0
887006,0
887215,0
887273,1
887289,0
887292,0
887357,0
887497,0
887567,0
887577,0
887613,0
887752,0
887907,0
888360,0
888399,0
888539,0
888635,0
888753,0
888839,0
888979,0
889095,0
889146,0
889397,0
889467,0
889608,0
889651,0
889810,0
889898,0
890002,0
890039,0
890189,0
890211,0
890248,0
890371,0
890754,0
890853,0
891430,0
891520,0
891555,0
891604,0
891851,0
891907,0
891961,0
892031,0
892046,0
892153,0
892355,0
892424,0
892499,0
892524,0
892542,0
892588,0
892595,0
892667,0
893020,0
893109,0
893161,0
893176,0
893193,0
893425,1
893445,0
893480,0
893529,0
893659,0
893676,0
893994,0
894252,0
894488,0
894499,0
894762,0
894828,0
894844,0
894848,0
894873,0
895018,0
895055,0
895194,0
895226,0
895274,0
895493,0
895555,1
895644,0
895740,0
895760,1
896074,0
896118,0
896198,0
896209,0
896583,0
896645,0
896924,1
896936,0
897139,0
897207,0
897237,0
897278,0
897298,0
897402,0
897496,0
897608,0
897741,0
898028,0
898145,0
898266,0
898464,0
898498,0
898502,0
898633,0
898685,0
898756,0
898787,0
898919,0
898986,0
899106,0
899158,0
899427,0
899430,0
899758,0
899794,0
899844,0
899906,0
900260,0
900337,0
900343,0
900357,0
900408,0
900608,0
900817,0
900973,0
901069,0
901096,0
901171,0
901385,0
901392,0
901482,0
901646,0
901839,0
901883,1
901916,0
902013,0
902065,0
902148,0
902188,0
902200,0
902324,0
902645,0
902752,0
903075,0
903242,0
903337,0
903421,0
903602,0
903676,0
904017,0
904124,0
904606,0
904683,0
904941,0
905170,0
905286,0
905482,0
905560,0
905882,0
905961,0
906081,0
906221,0
906331,0
906367,0
906594,0
906699,0
906719,0
906866,0
907017,0
907118,0
907596,0
907843,0
908035,0
908109,0
908263,0
908282,0
908450,0
908516,0
908672,0
909151,0
909153,1
909222,0
909312,0
909637,0
909756,0
909854,0
909907,0
909926,0
910012,0
910189,0
910617,0
910863,0
910984,0
910990,0
911271,1
911981,0
911996,0
912406,0
912476,0
912480,0
912651,0
912855,0
912917,0
912965,0
912977,0
913037,0
913122,0
913145,0
913392,0
913705,1
913737,0
913781,0
914028,0
914033,0
914053,0
914063,0
914337,0
914369,0
914752,0
914887,0
914893,0
915035,0
915045,0
915154,0
915280,0
915349,0
915680,0
915749,0
915902,0
915965,0
915989,0
916118,1
916252,0
916294,0
916304,0
916405,0
916463,0
916495,0
916536,0
916674,0
916892,0
917075,0
917126,0
917138,0
917221,0
917224,0
917313,0
917354,0
917380,0
917414,0
917477,0
917538,0
917897,0
917903,0
917909,0
918028,0
918040,0
918083,0
918212,0
918317,0
918349,0
918372,0
918540,0
918862,0
919324,0
919373,0
919506,0
919558,0
919585,0
919781,0
919827,0
919959,0
920138,0
920201,0
920251,0
920489,0
920575,0
920647,0
920817,0
921247,0
921438,0
921502,0
921506,0
921582,0
921621,0
921684,0
921855,0
922161,0
922378,0
922481,0
922485,0
922530,0
922651,0
923033,0
923105,0
923267,0
923472,0
923948,0
924031,0
924074,0
924228,0
924364,0
924666,0
924717,0
924915,0
925086,0
925231,0
925267,0
925317,0
925352,0
925388,0
925402,0
925624,0
925719,0
925723,0
925796,0
925899,0
926110,0
926143,0
926218,0
926309,0
926345,0
926502,0
926709,0
926785,0
926856,0
927037,0
927146,0
927179,0
927191,0
927230,1
927625,0
927809,0
927892,0
928028,0
928199,0
928291,0
928358,0
928425,0
928595,0
928712,0
928838,0
928990,0
929076,0
929232,0
929275,0
929394,0
929448,0
929553,0
929771,0
929776,0
929798,0
929900,0
929982,0
930025,0
930106,0
930125,0
930134,0
930137,0
930164,0
930246,0
930524,0
930535,0
930558,0
930578,0
931102,0
931112,0
931531,0
931799,0
931885,0
931977,0
932019,0
932361,0
932436,0
932586,0
933044,0
933074,0
933232,0
933377,0
934234,0
934377,0
934424,0
934468,0
934500,0
934622,0
934653,0
934662,0
934947,0
935103,0
935744,0
935793,0
935896,0
935944,0
936341,0
936365,0
936622,0
936661,0
936737,0
936869,0
937155,0
937280,0
937694,0
937784,0
938003,0
938040,0
938438,0
938467,0
938487,0
938532,0
938716,0
938802,0
938805,0
938826,0
938867,0
938925,0
938952,0
938979,0
938991,0
939085,0
939431,0
939554,0
939580,0
939677,0
939858,0
939881,0
939896,0
940209,0
940601,0
940623,0
940708,0
940747,0
940807,0
940907,0
940999,0
941611,0
942136,0
942203,0
942337,0
942439,0
942491,0
942813,0
942936,0
943384,0
943392,0
943451,0
943502,0
943555,0
943571,0
943790,0
943801,0
943860,0
943876,0
943997,0
944227,0
944264,0
944414,0
944475,0
944493,0
944528,0
944530,0
944661,0
945081,0
945182,0
945292,0
945370,0
945406,0
945547,0
945557,0
945587,0
945815,0
945827,0
945860,0
946021,0
946160,0
946171,0
946402,0
946786,0
946810,0
946864,0
946882,0
946987,0
947055,0
947479,0
947490,0
947839,0
947871,0
948182,0
948526,0
948674,0
948852,0
948990,0
949072,0
949214,0
949396,0
949433,0
949521,0
949634,0
950187,0
950204,0
950308,0
950327,0
950424,0
950477,0
950501,0
950561,0
950954,0
951163,0
951272,0
951325,0
951465,0
951741,0
951848,0
952023,0
952108,0
952163,0
952220,0
952423,0
952486,0
952766,0
953015,0
953108,1
953181,0
953323,0
953367,0
953369,0
953458,0
953525,0
953561,0
953580,0
953966,0
954049,0
954057,0
954751,0
954771,0
954809,0
954866,0
954926,0
954929,0
954995,0
955124,0
955138,0
955428,0
955548,0
956064,0
956202,0
956345,0
956405,0
956413,0
956663,0
956721,0
956736,0
956858,0
957022,1
957031,0
957043,0
957259,0
957291,0
957495,0
957664,0
957746,0
957826,0
957845,0
957880,1
957886,0
957964,0
957989,0
958032,0
958530,0
958531,0
958545,0
958585,0
958607,0
958765,0
958821,0
958911,0
959089,0
959103,0
959137,0
959200,0
959337,0
959432,0
959619,0
959714,0
959775,0
959893,0
960226,0
960988,0
961059,0
961305,0
961347,0
961437,0
961751,0
961816,0
962125,0
962237,0
962265,0
962386,0
962502,0
962585,0
962655,0
962857,0
963023,0
963055,0
963167,0
963262,0
963276,0
963842,0
963998,0
964120,0
964275,0
964499,0
964722,0
964936,0
964982,0
965049,0
965087,0
965169,0
965250,0
965291,0
965568,0
965614,0
965828,1
965848,0
965877,0
965883,0
965994,0
966118,0
966198,0
966363,0
966501,0
966679,0
966804,0
966891,0
967049,0
967098,0
967564,0
967760,0
967777,0
967789,0
968174,0
968422,0
968475,0
968613,0
968751,0
968945,0
969131,0
969169,0
969235,0
969275,0
969384,0
969809,0
969848,0
970181,1
970211,0
970385,0
970387,0
970719,0
970821,0
970853,1
970964,0
971001,0
971550,0
971591,0
971696,0
971740,0
971846,0
971929,0
971989,0
972096,0
972107,0
972341,0
972367,0
972798,0
972812,0
972863,0
972952,0
973482,1
973576,0
973880,0
974375,0
974386,0
974407,0
974660,0
974688,0
974853,0
974880,0
974959,0
975018,0
975066,0
975505,0
975521,0
975537,0
975608,0
975635,0
975637,0
975658,0
975664,0
975740,0
975845,0
975878,0
976673,0
976977,0
977084,0
977266,0
977378,0
977450,0
977688,0
977768,0
977770,0
977981,0
978079,0
978189,0
978497,0
978779,0
978867,0
978981,0
978986,0
979036,0
979186,0
979315,0
979375,0
979718,0
980023,0
980040,0
980148,0
980298,0
980387,0
980517,0
980523,0
980533,0
980740,0
980987,0
981011,0
981018,0
981051,0
981200,0
981273,0
981284,0
981465,0
981503,0
981841,0
981857,0
981917,0
982206,0
982398,0
982513,0
982702,0
982713,0
982874,0
982880,0
982990,0
983048,0
983274,0
983559,0
983604,0
983874,0
984160,0
984218,0
984769,0
984944,0
985261,0
985403,0
985541,0
985668,0
985719,0
985759,0
985811,0
985856,0
985887,0
985890,0
985939,0
985997,0
986126,0
986198,0
986283,0
986583,1
986648,0
986900,1
986943,0
987057,0
987102,0
987109,0
987160,0
987180,0
987415,1
987422,0
987445,0
987460,0
987569,0
987617,0
987934,0
988291,0
988475,0
988585,0
988599,0
988649,0
988711,0
989066,0
989188,0
989334,0
989538,0
989591,0
989694,0
989826,0
989863,0
989865,0
990028,0
990263,0
990470,0
990541,0
990565,0
990620,0
990789,0
990810,1
991031,0
991052,0
991091,0
991225,0
991476,0
991847,0
991850,0
992031,0
992055,0
992261,0
992511,0
992603,0
992620,0
992632,0
992774,0
992836,0
993070,0
993072,0
993218,0
993221,0
993448,0
993631,0
993789,0
994076,0
994292,0
994334,0
994470,0
994473,0
994742,1
994987,0
995046,0
995831,0
996140,0
996453,0
996497,0
996651,0
996747,0
996803,0
996818,0
996838,0
996881,0
997034,0
997185,0
997247,0
997292,0
997297,0
997360,0
997366,0
997385,0
997808,0
997838,0
997844,0
997865,0
997978,0
998183,0
998421,0
998476,0
998687,0
998688,0
998710,0
998816,0
998888,0
999000,0
999008,0
999373,0
999507,0
999630,0
999729,0
999829,0
999883,0
1000055,0
1000074,0
1000115,0
1000315,0
1000503,0
1000661,0
1000732,0
1000757,0
1000774,0
1000819,0
1000887,0
1001009,0
1001027,0
1001090,0
1001211,0
1001236,0
1001356,0
1001824,0
1002140,0
1002161,0
1002723,0
1002753,0
1002852,0
1002929,0
1003019,0
1003066,0
1003082,0
1003234,0
1003331,0
1003426,0
1003589,0
1003888,0
1004101,0
1004219,0
1004319,0
1004329,0
1004500,0
1004523,0
1004590,0
1004628,0
1004645,0
1004776,0
1005033,0
1005078,0
1005079,0
1005189,0
1005468,0
1005656,0
1005749,0
1005941,0
1006065,0
1006071,0
1006293,0
1006346,0
1006389,0
1006547,0
1006549,0
1006696,0
1006784,0
1006826,0
1006945,0
1006960,0
1007160,0
1007215,0
1007218,0
1007558,0
1007629,0
1007922,0
1007960,0
1008098,0
1008183,0
1008238,0
1008386,0
1008443,0
1008579,0
1008596,0
1008889,0
1008919,0
1009367,0
1009634,0
1009689,0
1009720,0
1009844,0
1009927,0
1009964,0
1009977,0
1010025,0
1010267,0
1010367,0
1010643,0
1010662,0
1010722,1
1010724,0
1010803,0
1010863,0
1010909,0
1010943,0
1011060,0
1011091,0
1011257,0
1011387,0
1011388,0
1011412,0
1011469,0
1011478,0
1011505,0
1011669,0
1011674,0
1011733,0
1011757,0
1011896,0
1011907,0
1012057,0
1012188,0
1012214,0
1012318,0
1012521,0
1012643,0
1013028,0
1013150,0
1013238,0
1013358,0
1013525,0
1013620,0
1013682,0
1013821,0
1014052,0
1014078,0
1014096,0
1014181,0
1014243,0
1014258,0
1014268,0
1014448,0
1014572,0
1014741,0
1014871,0
1014883,0
1014962,0
1015069,0
1015072,0
1015226,0
1015252,0
1015371,0
1015429,0
1015533,0
1015605,0
1015668,0
1015825,0
1015886,0
1016062,0
1016470,0
1016567,0
1016632,0
1016643,0
1016787,0
1016820,0
1016910,0
1017023,0
1017215,0
1017335,0
1017560,0
1017835,0
1017881,0
1018275,0
1018313,0
1018410,0
1018480,0
1018547,0
1018577,0
1018650,0
1018685,0
1018747,0
1018761,0
1018774,0
1018821,0
1019127,0
1019532,0
1019654,0
1019931,0
1019972,0
1020103,0
1020238,0
1020352,0
1020402,0
1020465,0
1020548,0
1020573,0
1020959,0
1021192,0
1021356,0
1021602,0
1022039,0
1022182,0
1022250,0
1022452,0
1022652,0
1022737,0
1022766,0
1022870,0
1022988,0
1023007,0
1023055,0
1023196,0
1023449,0
1023553,0
1023640,0
1023892,0
1024331,0
1024376,0
1024540,0
1025048,0
1025059,0
1025114,0
1025415,0
1025539,0
1025678,0
1025727,0
1026018,0
1026062,0
1026251,0
1026407,0
1026412,0
1026414,0
1026536,0
1026738,0
1026766,0
1026800,0
1026979,0
1027017,0
1027044,0
1027159,0
1027172,0
1027270,0
1027326,0
1027708,0
1027711,0
1027795,0
1027838,0
1027940,0
1027959,0
1028059,1
1028251,0
1028396,0
1028560,0
1028656,0
1028673,0
1028697,0
1028800,0
1028984,0
1029155,0
1029224,0
1029355,0
1029398,0
1029449,0
1029504,0
1029546,0
1029623,0
1029759,0
1030148,0
1030154,0
1030163,0
1030249,0
1030290,0
1030291,0
1030329,0
1030339,0
1030802,0
1030980,0
1030982,0
1031040,0
1031115,0
1031173,0
1031182,0
1031573,0
1031648,0
1031860,0
1031868,0
1032035,0
1032053,0
1032065,0
1032076,0
1032094,0
1032298,0
1032302,0
1032374,0
1032491,0
1032520,0
1032838,0
1033106,0
1033230,0
1033240,0
1033357,0
1033468,0
1033484,0
1033646,0
1033728,0
1033996,0
1034135,0
1034176,0
1034196,0
1034232,0
1034278,0
1034488,1
1035347,0
1035392,0
1035748,0
1035881,0
1036304,0
1036467,0
1036492,0
1036536,0
1036921,0
1037322,0
1037339,0
1037506,0
1037647,0
1037649,0
1038295,0
1038346,0
1038468,0
1038514,0
1038516,0
1038562,0
1038797,0
1038896,0
1039055,0
1039097,0
1039135,0
1039432,0
1039457,0
1039499,0
1039581,0
1039611,0
1039651,0
1039764,0
1039837,0
1039895,0
1040152,0
1040232,0
1040459,0
1040522,0
1040538,0
1040597,0
1040622,0
1040629,0
1040679,0
1040694,0
1040869,0
1041118,0
1041313,0
1041439,0
1041502,0
1041540,0
1041611,0
1041681,0
1041690,0
1041693,0
1041715,0
1041730,0
1042032,0
1042190,0
1042411,0
1042421,0
1042477,0
1042568,0
1042610,0
1042667,0
1042808,0
1042820,0
1042968,0
1043190,0
1043288,0
1043531,0
1043609,0
1043981,0
1044309,0
1044310,0
1044458,0
1044540,0
1044623,0
1044683,0
1044697,0
1044982,0
1045042,0
1045055,0
1045161,0
1045275,0
1045361,0
1045516,0
1045857,0
1045858,0
1045891,0
1046081,0
1046133,0
1046594,0
1046824,0
1046846,0
1047098,0
1047457,0
1047598,0
1047611,0
1047629,0
1047663,0
1047680,0
1047827,0
1047905,0
1047978,0
1048139,0
1048404,0
1048618,0
1048669,0
1048733,0
1048828,0
1049015,0
1049089,0
1049246,0
1049359,0
1049449,0
1049570,0
1049653,0
1050000,0
1050092,0
1050190,0
1050410,0
1050439,0
1050642,0
1050648,0
1051052,0
1051881,0
1051893,0
1052049,0
1052472,0
1052573,0
1052739,0
1052913,0
1052965,0
1053362,0
1053487,0
1053594,0
1053644,0
1053651,0
1053818,0
1054000,0
1054040,0
1054191,0
1054304,0
1054313,0
1054741,0
1054820,0
1054937,0
1055024,0
1055199,0
1055414,0
1055446,0
1055730,0
1055951,0
1056136,0
1056456,0
1056686,0
1056979,0
1057197,0
1057228,0
1057251,0
1057285,0
1057286,0
1057326,0
1057582,0
1057957,0
1058119,0
1058124,0
1058581,0
1058814,0
1058819,0
1058896,0
1058938,0
1058946,0
1059030,0
1059117,0
1059131,0
1059151,0
1059183,0
1059212,0
1059242,0
1059243,0
1059287,0
1059361,0
1059513,0
1059756,0
1059828,0
1060082,0
1060283,0
1060313,0
1060510,0
1060533,0
1060718,0
1061427,0
1061434,0
1061476,0
1061531,0
1061673,0
1061815,0
1062032,0
1062098,0
1062249,0
1062332,0
1062350,0
1062388,0
1062453,0
1062834,0
1063064,0
1063492,0
1063627,0
1063745,0
1063762,0
1063769,0
1064138,0
1064207,0
1064289,0
1064371,0
1064511,0
1064550,0
1064682,0
1064721,0
1064808,0
1064860,0
1064940,0
1064950,0
1065587,0
1065765,0
1065949,0
1066087,0
1066371,0
1066402,0
1066416,0
1066503,0
1066634,0
1066719,0
1066867,0
1066902,0
1067080,0
1067174,0
1067182,0
1067191,0
1067357,0
1067362,0
1067407,0
1067551,0
1067955,0
1067972,0
1068165,0
1068320,0
1068578,0
1068953,0
1069217,0
1069457,0
1069638,0
1069704,0
1069783,0
1069839,0
1069842,0
1069843,0
1069993,0
1070009,0
1070305,0
1070423,0
1070433,0
1070477,0
1070502,0
1070686,0
1070754,0
1070853,0
1070881,0
1070887,0
1070998,0
1071031,0
1071067,0
1071094,0
1071188,0
1071200,0
1071221,0
1071336,0
1071464,0
1071559,0
1071564,0
1071660,0
1071829,0
1071902,0
1071912,0
1072096,0
1072113,0
1072331,0
1072487,0
1072748,0
1072839,0
1073060,0
1073109,0
1073157,0
1073314,0
1073341,0
1073372,0
1073507,0
1073659,0
1073734,0
1073931,0
1074091,0
1074142,0
1074163,0
1074216,0
1074223,0
1074596,0
1074598,0
1074752,0
1075103,0
1075112,0
1075150,0
1075154,0
1075195,0
1075207,0
1075390,0
1075447,0
1075457,0
1075479,0
1075483,0
1075633,0
1075829,0
1075962,0
1076108,0
1076319,0
1076555,0
1076688,0
1076724,0
1076887,0
1077047,0
1077061,0
1077097,0
1077480,0
1077560,0
1077644,0
1077693,0
1077863,0
1077900,0
1077914,0
1077932,0
1078367,0
1078401,0
1078736,0
1079067,0
1079181,0
1079227,0
1079242,0
1079247,0
1079261,0
1079274,0
1079464,0
1079563,0
1079571,0
1079642,0
1079660,0
1079768,0
1079859,0
1079861,0
1079909,0
1079913,0
1080007,0
1080316,0
1080467,0
1080621,0
1080887,0
1080925,0
1081054,0
1081093,0
1081170,0
1081208,0
1081263,0
1081313,0
1081341,1
1081370,0
1081532,0
1081550,0
1081638,1
1081647,0
1081703,0
1081713,0
1081804,0
1081819,0
1081835,0
1081967,0
1081976,0
1082131,0
1082232,0
1082290,0
1082447,0
1082457,0
1082505,0
1082587,0
1082734,0
1082909,0
1082918,0
1082941,0
1082997,0
1082998,0
1083041,0
1083087,0
1083154,0
1083221,0
1083348,0
1083414,0
1083516,0
1083606,0
1083750,0
1084164,0
1084218,0
1084357,0
1084646,0
1084708,0
1084859,0
1084860,0
1084899,0
1085098,0
1085155,0
1085197,0
1085205,0
1085239,0
1085396,0
1085469,0
1085489,0
1085490,0
1085735,0
1085805,0
1085944,0
1086025,0
1086146,0
1086503,0
1086580,0
1086760,0
1086772,0
1087258,0
1087280,0
1087534,0
1087706,0
1087723,0
1087763,0
1087783,1
1087942,0
1087971,0
1088152,0
1088288,0
1088491,0
1088538,0
1088549,0
1088629,0
1088897,0
1088978,0
1089081,0
1089147,0
1089256,0
1089289,0
1089374,0
1089443,0
1089648,0
1089827,0
1089858,0
1089878,0
1089970,0
1090066,0
1090067,0
1090116,0
1090369,0
1090444,0
1090561,0
1090610,0
1090625,0
1090859,0
1090862,0
1090954,0
1091112,0
1091207,0
1091280,0
1091584,0
1091659,0
1091921,0
1091980,0
1092206,0
1092497,0
1092539,0
1092564,0
1092813,0
1092863,0
1093078,0
1093272,0
1093459,0
1093546,0
1093552,0
1093760,0
1093798,0
1093841,0
1093955,0
1094013,0
1094085,0
1094128,0
1094346,0
1094408,0
1094516,0
1095150,0
1095178,0
1095313,0
1095361,0
1095414,0
1095496,0
1095521,0
1095551,0
1095615,0
1095772,0
1095774,0
1096032,0
1096074,0
1096249,0
1096321,0
1096338,0
1096378,0
1096416,0
1096818,0
1096882,0
1096889,0
1097044,0
1097159,0
1097280,0
1097522,0
1097699,0
1097796,0
1097822,0
1097907,0
1098319,0
1098443,0
1098481,0
1098524,0
1098585,0
1098685,0
1098725,0
1098778,0
1098800,0
1098801,0
1098843,0
1098916,0
1099267,0
1099719,0
1099757,0
1099772,0
1099830,0
1099886,0
1099887,0
1100312,0
1100354,0
1100741,0
1100766,0
1100882,0
1101039,0
1101135,0
1101227,0
1101309,0
1101383,0
1101558,0
1101590,0
1101687,0
1101858,0
1101945,0
1102011,0
1102019,0
1102039,0
1102086,0
1102158,0
1102167,0
1102236,0
1102358,0
1102401,0
1102590,0
1102636,0
1102772,0
1102782,0
1103098,0
1103149,0
1103255,0
1103628,0
1103653,0
1103654,0
1103803,0
1103824,0
1103892,0
1103947,0
1104048,0
1104068,0
1104160,0
1104189,0
1104197,0
1104266,0
1104276,0
1104349,0
1104548,0
1104661,0
1104836,0
1105014,0
1105312,0
1105477,0
1105981,0
1106063,0
1106279,0
1106394,0
1106590,0
1106622,0
1106635,0
1106702,0
1107015,0
1107162,0
1107214,0
1107237,0
1107268,0
1107524,0
1107567,0
1107657,0
1107717,0
1107796,0
1107801,0
1107812,0
1107830,0
1107846,0
1107881,0
1107883,0
1108016,0
1108023,0
1108128,0
1108185,0
1108192,0
1108201,0
1108397,0
1108463,0
1108500,0
1108707,0
1108794,0
1108817,0
1109010,0
1109363,0
1109436,0
1109497,0
1109521,0
1109564,0
1109830,0
1109985,0
1110038,0
1110247,0
1110270,0
1110299,0
1110480,0
1110500,0
1110523,0
1110634,0
1110646,0
1110664,0
1110911,0
1110927,0
1110942,0
1111123,0
1111534,0
1111546,0
1111802,0
1111981,0
1112025,0
1112181,0
1112193,0
1112296,0
1112648,0
1112811,0
1113082,0
1113274,0
1113310,0
1113505,0
1113607,0
1113665,0
1113795,0
1114054,0
1114282,0
1114424,0
1114508,0
1114607,0
1114667,0
1114703,0
1114748,0
1114837,0
1114962,0
1115075,0
1115130,0
1115230,0
1115541,0
1115546,0
1115719,0
1115729,0
1115937,0
1116055,0
1116090,0
1116242,0
1116506,0
1116792,0
1116856,0
1116875,0
1117014,0
1117177,0
1117211,0
1117248,0
1117352,0
1117369,0
1117394,0
1117745,0
1117843,0
1117853,0
1117912,0
1118047,0
1118111,0
1118119,0
1118180,0
1118224,0
1118281,0
1118395,0
1118465,0
1118525,0
1118808,0
1118975,0
1119066,0
1119244,0
1119305,0
1119407,0
1119638,0
1119766,0
1119783,0
1119876,0
1119983,0
1120056,0
1120186,1
1120215,0
1120281,0
1120340,0
1120463,0
1120505,0
1120732,0
1120733,0
1120778,0
1120803,0
1120895,0
1121150,0
1121372,0
1121378,0
1121446,0
1121469,0
1121565,0
1121714,0
1122018,0
1122025,0
1122318,0
1122395,0
1122468,0
1122499,0
1122594,0
1122600,0
1122623,0
1122686,0
1122694,0
1122721,0
1122796,0
1122802,0
1122948,0
1123009,0
1123084,0
1123329,0
1123351,0
1123431,0
1123510,0
1123634,0
1123727,0
1123917,0
1123924,0
1123951,0
1123963,0
1123988,0
1124163,0
1124186,0
1124390,0
1124422,0
1124481,0
1124727,0
1124783,0
1124830,0
1125006,0
1125259,0
1125400,0
1125489,0
1125679,0
1125749,0
1126060,0
1126184,0
1126365,0
1126560,0
1126647,0
1126670,0
1126711,0
1126800,0
1126920,0
1126993,0
1127233,0
1127277,0
1127472,0
1127525,0
1127533,0
1127537,0
1127711,0
1127805,0
1128048,0
1128117,0
1128235,0
1128335,0
1128349,0
1128372,0
1128468,0
1128505,0
1128579,0
1128663,0
1128668,0
1128866,0
1128898,0
1128922,0
1128936,0
1129012,0
1129028,0
1129038,0
1129112,0
1129157,0
1129261,0
1129405,0
1129409,0
1129527,0
1129565,0
1129671,0
1129875,0
1129949,0
1130098,0
1130140,0
1130253,0
1130286,0
1130540,0
1130676,0
1130861,0
1130895,0
1130999,0
1131364,0
1131450,0
1131460,0
1131512,0
1131650,0
1131692,0
1131886,0
1131920,0
1131991,0
1132068,0
1132069,0
1132231,0
1132805,1
1132816,0
1132995,0
1133049,0
1133544,0
1133559,0
1133586,0
1133843,0
1133908,0
1133921,0
1133928,0
1133930,0
1134137,0
1134144,0
1134455,0
1134556,1
1134560,0
1134857,0
1134873,0
1134885,0
1135009,0
1135122,0
1135296,0
1135524,0
1135549,0
1135557,0
1135583,0
1135617,0
1135640,0
1135698,0
1135839,0
1135919,0
1135968,0
1136071,0
1136256,0
1136275,0
1136281,0
1136389,0
1136435,0
1136442,0
1136450,0
1136493,0
1136571,0
1136674,0
1136704,0
1136890,0
1136928,0
1136949,0
1137104,0
1137134,0
1137355,0
1137360,0
1137378,0
1137640,0
1137795,0
1137843,0
1137863,0
1137890,0
1138072,0
1138084,0
1138200,0
1138279,0
1138311,0
1138785,0
1138800,0
1138816,0
1138938,0
1138966,0
1138980,0
1139031,0
1139217,0
1139231,0
1139382,0
1139395,0
1139512,0
1139608,0
1139631,0
1139658,0
1139748,0
1139833,0
1139834,0
1139865,0
1140051,0
1140406,0
1140537,0
1140823,0
1141269,0
1141412,0
1141495,1
1141853,0
1141874,0
1141995,0
1142351,0
1142414,0
1142481,0
1142651,0
1142772,0
1142929,0
1142965,0
1142987,0
1143037,0
1143051,1
1143124,0
1143304,0
1143322,0
1143348,0
1143358,0
1143362,0
1143507,0
1143574,0
1143578,0
1143593,0
1143664,0
1143724,0
1143785,0
1144081,0
1144141,0
1144364,0
1144406,0
1144452,0
1144492,0
1144648,0
1144699,0
1144781,0
1144808,0
1145065,0
1145081,0
1145092,0
1145138,0
1145235,0
1145363,0
1145416,0
1145424,0
1145590,0
1145731,0
1145753,0
1145839,0
1145905,0
1146025,0
1146249,0
1146508,0
1146679,0
1146909,0
1146910,0
1146960,0
1146972,0
1147082,0
1147245,0
1147304,0
1147445,0
1147560,0
1147590,0
1147824,0
1148030,0
1148085,0
1148166,0
1148168,0
1148247,0
1148251,0
1148364,0
1148583,0
1148962,0
1148964,0
1149031,0
1149240,0
1149269,0
1149659,0
1149676,0
1149969,0
1150088,0
1150106,0
1150111,0
1150137,0
1150167,0
1150232,0
1150441,0
1150555,0
1150602,0
1150927,0
1150962,0
1150978,0
1151142,0
1151289,0
1151317,0
1151331,0
1151360,0
1151605,0
1151761,0
1151772,0
1151788,0
1151853,0
1151999,0
1152046,0
1152064,0
1152066,0
1152184,0
1152575,0
1152585,0
1152632,0
1152682,0
1152992,0
1152996,0
1153054,0
1153103,0
1153117,0
1153220,0
1153301,0
1153530,0
1153559,0
1153588,0
1153733,0
1153764,0
1153793,0
1153860,0
1154014,0
1154496,0
1154636,0
1154704,1
1154765,0
1154833,0
1155014,0
1155231,0
1155237,0
1155672,0
1155743,0
1155947,0
1155948,0
1156060,0
1156092,0
1156142,0
1156298,0
1156317,0
1156330,0
1156369,0
1156435,0
1156484,0
1156521,0
1156612,0
1156940,0
1157117,0
1157244,0
1157506,0
1157606,0
1157673,0
1157915,0
1158030,0
1158150,0
1158292,0
1158447,0
1158483,0
1158519,0
1158561,0
1158677,0
1158683,0
1158695,0
1158696,0
1158721,0
1158840,0
1158854,0
1158902,0
1158950,0
1159416,0
1159523,0
1159542,0
1159653,0
1159841,0
1159956,0
1159988,0
1160238,0
1160502,0
1160540,0
1160778,0
1160872,0
1160885,0
1160893,0
1160986,0
1160995,0
1161212,0
1161359,0
1161531,0
1161625,0
1161694,0
1161890,0
1162094,0
1162280,0
1162594,0
1162970,0
1163084,0
1163101,0
1163202,0
1163253,0
1163434,0
1163480,0
1163569,1
1163625,0
1163824,0
1163828,0
1163875,0
1163962,0
1164129,0
1164326,0
1164809,0
1164842,0
1164952,0
1165063,0
1165199,0
1165258,0
1165693,0
1165834,0
1165961,0
1166109,0
1166328,0
1166488,0
1166620,0
1166717,0
1166754,0
1167165,0
1167310,0
1167327,0
1167336,0
1167410,0
1167581,0
1168026,0
1168298,1
1168306,0
1168534,0
1168642,0
1168655,0
1168675,0
1168764,0
1168956,0
1169155,0
1169301,0
1169316,0
1169323,0
1169415,0
1169436,0
1169636,0
1169662,0
1169895,0
1170091,0
1170133,0
1170184,0
1170297,0
1170588,0
1170645,0
1170736,0
1170768,0
1170816,0
1170869,0
1171001,0
1171210,0
1171759,0
1171771,0
1171953,0
1172029,0
1172110,0
1172176,0
1172263,0
1172733,0
1172824,0
1173002,0
1173118,0
1173233,0
1173337,0
1173736,0
1173880,0
1173963,0
1174051,0
1174216,0
1174294,0
1174355,0
1174893,0
1175274,0
1175348,0
1175497,0
1175882,0
1175922,0
1176106,0
1176134,0
1176163,0
1176222,0
1176435,0
1176522,0
1176523,0
1176564,0
1176682,0
1176690,0
1176733,0
1176969,0
1176972,0
1176982,0
1177255,0
1177542,0
1177847,0
1178003,0
1178038,0
1178181,0
1178351,0
1178389,0
1178420,0
1178602,0
1178661,0
1178776,0
1179012,0
1179265,0
1179757,0
1179795,0
1179811,0
1179948,0
1180110,0
1180294,0
1180295,0
1180494,0
1180722,0
1180813,0
1180901,0
1181018,0
1181047,0
1181090,0
1181272,0
1181436,0
1181479,0
1181592,0
1181623,0
1181774,0
1182065,0
1182259,0
1182424,0
1182527,0
1182601,0
1182857,0
1182865,0
1182885,0
1182918,0
1183065,0
1183081,0
1183312,0
1183417,0
1183476,0
1183586,0
1183704,0
1183955,0
1184057,0
1184121,0
1184227,0
1184350,0
1184352,0
1184421,0
1184488,0
1184702,0
1184724,0
1184926,0
1185120,0
1185150,0
1185160,0
1185164,0
1185233,0
1185259,0
1185370,0
1185374,0
1185489,0
1185572,0
1185675,0
1185916,0
1186005,0
1186037,0
1186262,0
1186693,0
1187093,0
1187147,0
1187279,0
1187319,0
1187651,0
1187816,0
1187927,0
1187958,0
1188028,0
1188055,0
1188153,0
1188278,0
1188450,0
1188579,0
1188704,0
1188821,0
1188858,0
1188887,0
1188895,0
1188898,0
1189598,0
1189625,0
1190146,0
1190241,0
1190533,0
1190845,0
1190972,0
1191051,0
1191256,0
1191282,0
1191318,0
1191329,0
1191636,0
1191681,0
1191687,0
1191782,0
1191923,0
1192002,0
1192078,0
1192172,0
1192219,0
1192588,0
1192749,0
1193089,0
1193301,0
1193332,0
1193436,0
1193572,0
1193866,0
1194147,0
1194181,0
1194234,0
1194610,0
1194673,0
1194879,0
1194904,0
1195065,0
1195091,0
1195686,0
1196046,0
1196095,0
1196118,0
1196164,0
1196190,0
1196210,0
1196261,0
1196818,0
1196819,0
1197029,0
1197054,0
1197358,0
1197839,0
1198070,0
1198113,0
1198154,0
1198181,0
1198236,0
1198290,0
1198597,0
1198598,0
1198800,0
1198853,0
1199306,0
1199604,0
1199618,0
1200226,0
1200668,0
1200797,0
1200928,0
1201511,0
1201640,0
1201752,0
1201923,0
1202093,0
1202124,0
1202291,0
1202409,0
1202722,0
1202728,0
1202760,0
1202767,0
1202852,0
1202988,0
1203558,0
1203602,0
1203745,0
1203760,0
1203793,0
1204087,0
1204159,0
1204292,0
1204473,0
1204579,0
1204609,1
1204727,1
1205009,0
1205016,0
1205121,0
1205325,0
1205861,0
1205879,0
1205992,0
1206241,0
1206491,0
1206577,0
1206599,0
1206738,0
1206800,0
1206883,0
1206982,0
1207212,0
1207603,0
1207861,0
1208197,0
1208294,0
1208393,0
1208587,0
1208616,0
1208621,0
1208756,0
1208770,0
1208787,0
1208943,0
1208994,0
1209087,0
1209184,0
1209222,0
1209297,0
1209497,0
1209674,0
1209675,0
1209723,0
1209847,0
1210141,0
1210296,0
1210400,0
1210447,0
1210820,0
1210906,0
1210969,0
1211312,0
1211373,0
1211717,0
1211994,0
1212051,0
1212065,0
1212135,0
1212221,0
1212268,0
1212336,0
1212465,0
1212522,0
1212588,0
1212595,0
1212783,0
1212865,0
1213093,0
1213274,0
1213524,0
1213560,0
1213605,0
1213788,0
1213918,0
1214201,0
1214522,0
1214666,0
1214840,0
1214966,0
1215100,0
1215198,0
1215232,0
1215289,0
1215446,0
1215484,0
1215527,0
1216012,0
1216044,0
1216082,0
1216209,0
1216431,0
1216687,0
1216796,0
1216825,1
1216833,0
1216867,0
1217134,0
1217213,0
1217375,0
1217565,0
1217571,0
1217772,0
1217976,0
1218004,0
1218074,0
1218182,0
1218189,0
1218382,0
1218387,0
1218432,0
1218610,0
1218647,0
1218711,0
1218752,0
1218958,0
1219390,0
1219501,0
1219522,0
1219899,0
1219963,0
1219964,0
1220080,0
1220133,0
1220202,0
1220348,0
1220359,0
1220493,1
1220707,0
1220857,0
1221156,0
1221512,0
1221523,0
1221657,0
1221658,0
1222044,0
1222228,0
1222299,0
1222351,0
1222749,0
1223052,0
1223125,0
1223353,0
1223357,0
1223445,0
1223594,0
1223739,0
1223828,0
1223834,0
1224015,0
1224212,0
1224226,0
1224443,0
1224541,0
1224581,0
1224721,0
1225061,0
1225090,0
1225174,0
1225451,0
1225464,0
1225522,0
1225626,0
1225637,0
1225660,0
1225793,0
1225818,0
1225854,0
1226101,0
1226390,0
1226409,0
1226442,0
1226460,0
1226792,0
1226878,0
1226946,0
1227092,0
1227111,0
1227119,0
1227227,0
1227294,0
1227557,0
1227590,0
1227596,0
1227618,0
1227622,0
1227662,0
1227678,0
1227748,0
1227978,0
1228023,0
1228551,0
1228810,0
1228859,0
1228983,0
1229049,0
1229169,0
1229463,0
1229707,0
1229762,0
1229898,0
1229936,0
1230106,0
1230269,0
1230382,0
1230470,0
1230602,0
1230713,0
1230985,0
1231190,0
1231226,0
1231635,0
1231757,0
1231894,0
1231969,0
1231994,0
1232128,0
1232131,0
1232324,0
1232439,0
1232566,0
1232915,0
1232993,0
1233081,1
1233985,0
1234154,0
1234319,0
1234545,0
1234597,0
1234689,0
1234742,0
1234745,0
1234833,0
1234848,0
1234951,0
1235027,0
1235230,0
1235239,0
1235374,0
1235411,0
1235439,0
1235617,0
1235629,0
1235743,0
1236003,0
1236346,0
1236375,0
1236390,0
1236524,0
1236654,0
1236656,0
1236810,0
1236850,0
1236887,0
1236925,0
1237011,0
1237293,0
1237367,0
1237427,0
1237437,0
1237922,0
1238184,0
1238199,0
1238253,0
1238402,0
1238455,0
1238606,0
1238702,0
1238726,0
1238763,0
1238915,0
1238941,0
1239092,0
1239187,0
1239268,1
1239284,0
1239595,0
1239816,0
1239975,0
1240021,0
1240364,0
1240752,0
1240880,0
1240881,0
1240954,0
1240980,0
1241040,0
1241216,0
1241253,0
1241263,0
1241346,0
1241415,0
1241528,0
1241564,0
1241602,0
1241639,0
1241744,0
1242090,0
1242165,0
1242229,0
1242254,1
1242452,0
1242518,0
1242691,0
1242872,0
1242874,0
1242914,0
1242966,0
1243067,0
1243209,0
1243352,0
1243569,0
1243847,0
1244008,0
1244575,0
1244626,0
1244639,0
1244752,0
1245117,0
1245233,0
1245371,0
1245375,0
1245392,0
1245525,0
1245564,0
1245761,0
1245820,0
1245962,0
1246355,0
1246417,0
1246545,0
1246988,0
1247008,0
1247015,0
1247027,0
1247069,0
1247206,0
1247237,0
1247312,0
1247445,0
1247672,0
1247984,0
1248004,0
1248277,0
1248376,0
1248465,0
1248505,0
1248619,0
1248713,0
1248769,0
1248954,0
1249048,0
1249141,0
1249206,0
1249644,0
1249647,0
1249731,0
1249845,0
1250177,0
1250348,0
1250422,0
1250560,0
1250697,0
1250803,0
1250804,0
1251079,0
1251197,0
1251445,0
1251461,0
1251528,0
1251633,1
1251907,0
1251918,0
1251955,0
1252184,0
1252191,0
1252493,0
1252617,0
1252745,0
1252797,0
1252926,0
1253011,0
1253206,0
1253215,0
1253419,0
1253609,0
1253711,0
1253751,0
1253775,0
1253818,0
1253939,0
1254045,0
1254236,0
1254321,0
1254778,0
1254854,0
1254890,0
1255268,0
1255515,0
1255641,0
1255667,0
1255699,0
1255733,0
1255853,0
1256420,0
1256501,0
1256806,1
1256866,0
1257410,0
1258175,0
1258222,0
1258374,0
1258412,0
1258553,0
1258710,0
1258879,0
1259032,0
1259047,0
1259331,0
1260048,0
1260054,0
1260089,0
1260138,0
1260183,0
1260215,0
1260783,0
1260873,0
1260954,0
1261166,0
1261270,0
1261427,0
1261457,0
1261968,0
1261983,0
1262006,0
1262174,0
1262232,0
1262352,0
1262357,0
1262424,0
1262746,0
1262760,0
1262788,0
1262942,0
1263025,0
1263126,0
1263224,0
1263667,0
1263930,0
1264097,0
1264176,0
1264315,0
1264545,0
1264614,0
1264639,0
1264681,0
1264952,0
1264962,0
1265471,0
1265628,0
1265658,0
1265837,0
1265892,0
1265894,0
1265909,1
1266155,0
1266156,0
1266252,0
1266308,0
1266313,0
1266567,0
1266720,0
1266721,0
1266726,0
1266750,0
1266918,0
1266994,0
1267070,0
1267179,0
1267237,0
1267248,0
1267249,0
1267299,0
1267309,0
1267398,0
1267517,0
1267555,0
1267587,0
1267628,0
1267764,0
1267771,0
1267787,0
1267859,0
1267929,0
1267984,0
1267986,0
1268035,0
1268079,0
1268098,0
1268258,0
1268281,0
1268286,0
1268297,0
1268422,0
1268455,0
1268462,0
1268467,1
1268495,0
1268536,0
1268582,0
1268596,0
1268600,0
1268796,0
1268965,0
1269026,0
1269083,0
1269190,0
1269313,0
1269328,0
1269424,0
1269462,0
1269510,0
1269518,0
1269539,0
1269592,0
1269649,0
1269713,0
1269838,0
1269959,0
1270004,0
1270141,0
1270158,0
1270422,0
1270522,0
1270668,0
1270712,0
1270816,0
1270927,0
1270997,0
1271509,0
1271511,0
1271525,1
1271566,0
1271738,0
1271955,0
1272042,0
1272110,0
1272125,0
1272197,1
1272279,0
1272281,0
1272536,0
1272550,0
1272701,0
1272851,0
1272895,0
1273093,0
1273194,0
1273259,0
1273344,0
1273489,0
1273544,0
1273650,0
1273733,0
1273769,0
1273816,0
1273830,0
1273848,0
1273918,0
1273945,0
1274001,0
1274020,0
1274179,0
1274230,0
1274245,0
1274319,0
1274348,0
1274386,0
1274412,0
1274495,0
1274645,0
1274646,0
1274680,0
1274986,0
1275007,0
1275197,0
1275239,0
1275269,0
1275389,0
1275539,0
1275636,0
1275748,0
1275827,0
1275909,0
1275928,0
1276031,0
1276038,0
1276051,0
1276063,0
1276097,0
1276309,0
1276541,0
1276597,0
1276796,0
1276978,0
1277007,0
1277087,0
1277566,0
1277730,0
1277771,0
1277788,0
1277814,0
1278178,0
1278190,0
1278208,0
1278242,0
1278252,0
1278272,0
1278484,0
1278501,0
1278555,0
1278581,0
1278623,0
1278871,0
1279064,0
1279132,0
1279301,0
1279327,0
1279420,0
1279437,0
1279489,0
1279510,0
1279530,0
1279537,0
1279612,0
1279812,0
1279890,0
1279925,1
1279931,0
1279999,0
1280133,0
1280312,0
1280321,0
1280333,0
1280456,0
1280608,0
1280659,0
1280688,0
1280696,0
1280724,0
1280951,0
1280957,0
1280972,0
1281129,0
1281165,0
1281235,0
1281303,0
1281320,0
1281321,0
1281400,0
1281683,0
1281768,0
1282040,0
1282134,0
1282152,0
1282172,0
1282276,1
1282320,0
1282495,0
1282622,0
1282908,0
1283130,0
1283145,0
1283336,0
1283412,0
1283417,0
1283476,0
1283652,0
1283653,0
1283677,0
1283843,0
1284026,0
1284271,0
1284291,0
1284345,0
1284387,0
1284565,0
1284902,0
1284943,0
1285322,0
1285337,0
1285960,0
1286069,0
1286106,0
1286146,0
1286202,0
1286230,0
1286773,0
1286810,0
1286849,0
1286925,0
1287262,0
1287394,0
1287395,0
1287475,0
1287505,0
1287554,0
1287620,0
1288116,0
1288238,0
1288370,0
1288524,0
1288555,0
1288592,0
1289270,0
1289307,0
1289529,1
1289790,0
1289963,0
1290207,0
1290289,0
1290594,0
1291054,0
1291062,0
1291125,0
1291263,0
1291588,0
1291747,0
1291940,0
1292136,0
1292520,0
1292604,0
1292643,1
1292648,0
1292985,0
1293149,0
1293304,0
1293482,0
1293515,0
1293568,0
1293712,0
1293849,0
1293956,0
1294173,0
1294350,0
1294433,0
1294506,0
1294678,0
1294687,0
1294886,0
1295161,0
1295193,0
1295227,0
1295430,1
1295474,0
1295770,0
1295844,0
1296240,0
1296399,0
1296414,0
1296416,0
1296459,0
1296538,0
1297027,0
1297278,0
1297358,0
1297444,0
1297638,0
1297744,0
1297761,0
1297852,0
1297856,0
1298127,0
1298310,0
1298339,0
1298622,0
1298625,0
1298627,0
1298779,0
1298918,0
1299099,0
1299409,0
1299797,0
1299801,0
1299903,0
1299941,0
1300901,0
1301117,0
1301236,0
1301461,0
1301502,0
1301529,0
1301611,0
1301656,0
1301784,0
1301855,0
1302037,0
1302321,0
1302394,0
1302647,0
1302692,0
1302880,0
1302883,0
1303409,0
1303557,0
1303716,0
1303774,0
1303792,0
1303889,0
1303905,0
1304087,0
1304303,0
1304323,1
1304359,0
1304601,0
1304751,0
1304763,0
1304824,1
1305083,0
1305098,0
1305128,0
1305411,0
1305442,0
1305614,0
1305631,1
1305659,0
1305755,0
1305764,0
1305839,0
1306084,0
1306088,0
1306222,0
1306233,0
1306393,0
1306489,0
1306582,0
1306602,0
1306954,0
1307166,0
1307228,0
1307373,0
1307403,0
1307681,0
1307808,0
1307844,0
1307922,1
1307947,0
1308051,0
1308070,0
1308093,0
1308128,0
1308290,0
1308640,0
1308642,0
1308679,0
1308731,0
1308743,0
1308955,0
1308973,0
1309062,0
1309305,0
1309370,0
1309489,0
1310113,0
1310171,0
1310449,0
1310732,0
1310980,0
1311100,0
1311227,0
1311363,0
1311426,0
1311977,0
1312047,0
1312070,0
1312232,0
1312539,0
1312540,0
1312560,0
1312637,0
1312827,0
1312992,0
1313023,0
1313437,0
1313611,0
1313734,0
1314197,0
1314269,0
1314427,0
1314896,0
1314966,0
1314967,0
1314977,0
1315078,0
1315099,0
1315308,0
1315353,0
1315418,0
1315568,0
1315670,0
1315712,0
1315863,0
1315866,0
1315889,0
1316399,0
1316463,0
1316520,0
1316662,0
1316753,0
1317287,0
1317347,0
1317587,0
1317775,0
1317974,0
1318243,0
1318687,0
1318698,0
1318805,0
1318910,0
1318969,0
1319023,0
1319120,0
1319372,0
1319428,0
1320101,0
1320265,0
1320713,0
1320832,0
1321083,0
1321110,0
1321184,0
1321227,0
1321302,0
1322015,0
1322055,0
1322604,0
1323307,0
1323463,1
1323783,0
1323978,0
1324007,0
1324747,0
1325296,0
1325472,0
1325602,0
1325789,0
1325863,0
1326030,0
1326778,0
1326926,0
1327063,0
1327361,0
1327671,0
1327885,0
1327903,0
1328250,0
1328274,0
1328311,0
1328389,0
1328688,0
1328804,0
1328833,0
1328901,0
1329078,0
1329413,0
1329453,0
1329647,0
1329648,0
1329879,0
1330338,1
1330524,0
1330677,0
1330951,1
1331188,0
1331445,0
1331698,0
1331848,0
1331861,0
1332170,0
1332327,0
1332454,0
1332839,0
1333084,0
1333603,0
1333654,0
1333752,0
1334203,0
1334259,0
1334765,0
1334836,0
1334864,0
1334898,0
1335361,0
1336048,0
1336428,0
1336791,0
1337044,0
1337181,0
1337250,0
1337281,0
1337600,0
1337637,0
1337739,0
1337760,0
1338250,0
1338374,0
1338583,0
1338747,0
1338889,0
1338957,0
1339132,0
1339327,0
1339474,0
1339589,0
1339611,0
1339969,0
1339971,0
1340063,0
1340307,0
1340642,0
1340727,0
1340795,0
1341001,0
1341456,0
1341600,0
1341657,0
1341900,0
1342186,0
1342242,0
1342341,0
1342505,0
1342672,0
1342774,0
1342840,0
1343221,0
1343335,0
1344003,0
1344020,0
1344156,1
1344201,0
1344534,0
1344606,0
1344726,0
1344760,0
1344929,0
1345069,0
1345448,0
1345971,0
1346057,0
1346296,0
1346547,0
1346605,0
1346747,0
1346756,0
1346890,0
1347168,0
1347491,0
1347724,0
1347848,0
1348038,0
1348520,0
1348575,0
1348651,0
1348840,0
1348944,0
1349461,0
1349522,0
1349597,0
1349670,0
1349724,0
1350227,0
1350476,0
1350482,0
1351011,0
1351064,0
1351085,0
1351674,0
1351834,1
1352150,0
1352657,0
1352685,0
1352707,0
1352883,0
1352968,0
1353113,0
1353206,0
1353630,0
1353653,0
1353800,0
1354357,0
1355048,0
1355062,0
1355934,0
1356009,0
1356075,0
1356116,0
1356139,0
1356379,0
1357062,0
1357267,0
1357397,0
1357410,0
1357417,0
1357499,0
1357514,0
1357574,0
1357706,0
1358368,0
1358560,0
1358679,0
1358688,0
1358891,0
1359012,0
1359286,0
1359470,0
1359763,0
1359788,0
1359907,0
1359931,0
1360044,0
1360241,0
1360551,0
1361026,0
1361263,0
1361446,0
1361681,0
1361803,0
1362576,0
1362682,0
1363179,0
1363252,0
1364148,0
1364164,0
1364220,0
1364341,0
1364880,0
1364993,0
1365190,0
1365208,0
1365262,1
1365384,0
1365488,0
1365631,0
1365968,0
1366004,0
1366487,0
1366542,0
1367016,0
1367151,0
1367198,0
1367578,0
1367619,0
1367684,0
1367808,0
1368036,0
1368199,0
1368237,0
1368287,0
1368306,0
1368317,0
1368354,0
1368380,0
1368786,0
1368787,0
1368837,0
1368887,0
1369173,0
1369182,0
1369316,0
1369416,0
1369422,0
1369835,0
1370135,0
1370604,0
1370706,0
1370853,0
1370973,0
1371027,0
1371074,0
1371083,0
1371446,0
1371819,0
1371842,0
1371899,0
1372046,0
1372103,0
1372215,0
1372322,0
1372425,0
1372560,0
1372583,0
1372664,0
1372714,0
1372817,0
1372936,0
1372995,0
1373274,0
1373282,0
1373340,0
1373364,0
1373477,0
1373504,0
1373609,0
1373610,0
1373678,0
1373944,0
1374017,0
1374223,0
1374247,0
1374472,0
1374698,0
1374740,0
1374800,0
1375158,0
1375276,0
1375322,0
1375345,0
1375474,0
1375637,0
1375648,0
1375733,0
1376035,0
1376056,0
1376146,0
1376184,0
1376388,0
1376443,0
1376454,0
1376865,0
1376921,0
1376925,0
1377313,0
1377588,0
1377664,0
1377880,0
1377889,0
1377939,0
1378008,0
1378108,0
1378237,0
1378249,0
1378509,0
1378534,0
1378592,0
1378630,0
1379109,0
1379484,0
1379544,0
1379759,0
1379788,0
1379837,0
1379959,0
1379978,0
1379987,0
1380161,0
1380196,0
1380341,0
1380382,0
1380391,0
1380455,0
1380735,0
1380758,0
1381148,0
1381191,1
1381325,0
1381936,0
1382676,0
1382753,0
1382830,0
1382946,0
1383019,0
1383091,0
1383393,0
1383470,0
1383529,0
1383594,0
1383866,0
1383963,0
1384137,0
1384163,0
1384203,0
1384266,0
1384317,0
1384444,0
1384614,0
1384705,0
1384844,0
1384877,0
1384904,0
1384926,0
1385047,0
1385207,0
1385253,0
1385379,0
1385465,1
1385489,1
1385562,0
1385587,0
1385732,0
1385759,0
1385901,0
1385998,0
1386096,0
1386116,0
1386153,0
1386176,0
1386419,0
1386456,0
1386711,0
1386820,0
1386912,0
1387173,0
1387267,0
1387274,0
1387282,0
1387341,0
1387439,0
1387502,0
1387543,0
1387558,0
1387650,0
1387683,0
1388113,0
1388274,0
1388546,0
1388845,0
1388922,0
1388946,0
1388981,0
1389559,0
1389612,0
1389623,0
1389626,0
1389669,0
1389675,0
1389781,0
1389794,0
1389895,0
1390004,0
1390010,0
1390345,0
1390389,0
1390552,0
1390594,0
1390731,0
1390835,1
1390896,0
1390955,0
1391147,0
1391265,0
1391467,0
1391497,0
1391609,0
1391674,0
1392030,0
1392233,0
1392485,0
1392827,0
1392852,0
1392902,0
1392909,0
1393081,0
1393095,0
1393564,0
1393579,0
1393692,0
1393746,0
1393825,0
1394161,0
1394221,0
1394254,0
1394410,0
1394870,0
1395445,0
1395472,1
1395481,0
1395494,0
1395526,0
1395556,0
1395800,0
1395924,0
1396160,0
1396193,0
1396385,0
1396406,0
1396413,0
1396536,0
1396639,0
1396806,0
1396825,0
1396948,0
1396968,0
1397180,0
1397226,0
1397268,0
1397494,0
1397499,0
1397558,0
1397652,0
1397663,0
1397957,0
1398387,0
1398391,0
1398423,0
1398498,0
1398647,0
1398680,0
1398703,0
1398754,0
1398781,0
1398801,0
1398913,0
1398969,0
1399095,0
1399134,0
1399167,0
1399217,0
1399449,0
1399512,0
1399535,0
1399661,0
1399664,0
1399847,0
1400179,0
1400255,0
1400327,0
1400398,0
1400447,0
1400592,0
1400599,0
1400700,0
1400808,0
1401078,0
1401134,0
1401194,0
1401253,0
1401265,0
1401499,0
1401680,0
1401717,0
1401886,0
1401980,0
1401984,0
1402044,0
1402274,0
1402321,0
1402540,0
1402651,0
1402766,0
1402776,0
1402974,0
1403031,0
1403111,0
1403118,0
1403168,0
1403556,0
1403580,0
1403761,0
1403870,0
1403921,0
1403949,0
1404010,0
1404209,0
1404680,0
1404815,0
1404912,0
1404930,0
1404960,0
1405167,0
1405353,0
1405364,0
1405436,0
1405536,0
1405619,0
1405826,0
1405991,0
1405996,0
1406142,0
1406424,0
1406679,0
1406810,0
1406917,0
1407151,0
1407326,0
1407538,0
1407582,0
1408095,0
1408293,0
1408410,0
1408490,0
1408504,0
1408506,0
1408514,0
1408643,0
1408700,0
1408795,0
1408865,0
1409023,0
1409087,0
1409225,0
1409348,0
1409396,0
1409576,0
1409667,0
1410174,0
1410278,0
1410660,0
1411519,1
1411810,0
1411816,0
1411995,0
1412117,0
1412173,0
1412281,0
1412960,0
1412980,0
1413131,0
1413236,0
1413298,0
1413429,0
1413648,0
1413858,0
1413964,0
1414094,0
1414260,0
1414554,0
1415029,0
1415080,0
1415142,1
1415243,0
1415341,0
1415498,0
1415511,0
1415712,0
1415900,0
1415915,0
1416243,0
1416482,0
1416585,0
1416787,0
1416840,0
1416953,0
1417088,1
1417169,0
1417214,0
1417389,0
1417455,0
1417497,0
1417700,0
1417910,0
1418251,0
1418379,0
1418489,0
1418737,0
1418867,0
1419049,0
1419181,0
1419373,0
1419393,0
1419416,0
1419505,0
1419511,0
1419716,0
1419985,1
1420087,0
1420166,0
1420283,0
1420398,0
1420596,0
1420656,0
1420874,0
1421180,0
1421452,0
1421528,0
1421642,0
1421696,0
1421815,0
1421931,0
1422023,0
1422140,0
1422254,0
1422286,0
1422682,0
1422901,0
1422973,0
1423036,0
1423039,0
1423194,0
1423425,0
1423509,0
1423846,0
1423936,0
1424012,0
1424102,0
1424213,0
1424244,0
1424360,0
1424368,0
1424491,0
1424504,0
1424545,0
1424561,0
1425065,0
1425463,0
1425479,0
1425591,0
1425689,0
1425784,0
1425825,0
1425940,0
1426325,0
1426411,0
1426529,0
1426552,0
1426776,0
1426836,0
1426855,0
1426892,0
1426954,0
1427046,0
1427057,0
1427122,0
1427133,0
1427390,0
1427503,0
1427519,0
1427545,0
1427590,0
1427770,0
1427817,0
1428593,0
1428627,0
1428702,0
1428919,0
1428921,0
1428976,0
1429122,0
1429194,0
1429419,0
1429542,0
1429784,0
1429915,0
1429997,0
1430525,0
1430665,0
1430887,0
1431649,0
1431672,0
1431767,0
1431937,0
1431965,0
1432049,0
1432087,0
1432479,0
1432590,0
1432935,0
1433135,0
1433730,0
1433788,0
1433821,0
1433859,0
1433936,0
1434335,0
1434338,0
1434570,0
1434571,0
1434648,0
1434707,0
1435169,0
1435370,0
1435607,0
1435706,0
1435733,0
1435813,0
1436030,0
1436045,0
1436126,0
1436206,0
1436421,0
1436546,0
1436615,0
1436646,0
1436655,0
1436719,0
1436826,0
1436997,0
1437040,0
1437574,0
1437576,0
1437627,0
1437860,0
1437952,0
1437990,0
1438559,0
1438621,0
1438679,0
1438954,0
1438968,0
1438976,0
1439064,0
1439229,0
1439262,1
1439285,0
1439405,0
1439428,1
1439576,0
1439732,0
1439887,0
1440618,0
1440767,0
1440888,0
1440918,0
1441611,0
1441825,0
1442108,0
1442498,0
1442631,0
1442814,0
1442960,0
1443333,0
1443512,0
1443919,0
1444058,0
1444075,0
1444129,0
1444273,0
1444791,0
1444902,0
1445152,0
1445847,0
1445858,0
1445963,0
1446390,0
1446513,0
1446541,0
1446639,0
1446668,0
1446703,0
1446910,0
1447164,0
1447191,0
1447203,0
1447667,0
1448202,0
1448811,0
1448963,0
1449135,0
1449568,0
1449615,0
1449701,0
1450117,0
1450344,0
1450350,0
1450693,0
1450973,0
1451207,0
1451270,0
1451650,0
1452012,0
1452190,0
1452645,0
1452904,0
1452915,0
1452943,0
1453075,0
1453130,0
1453143,0
1453218,0
1453251,0
1453326,0
1453554,0
1453577,0
1453685,0
1453906,0
1454025,0
1454071,0
1454115,0
1454268,0
1454298,0
1454324,0
1454338,0
1454403,0
1454448,0
1454501,0
1454577,0
1454683,0
1454759,0
1454771,0
1454851,0
1454908,0
1454969,0
1455048,0
1455073,0
1455452,0
1455489,0
1455593,0
1455758,0
1455842,0
1455873,0
1455875,0
1456073,0
1456107,0
1456170,1
1456195,0
1456350,0
1456372,0
1456399,0
1456549,0
1456600,0
1456661,0
1456783,0
1456901,0
1456991,0
1457009,0
1457039,0
1457150,0
1457225,0
1457313,0
1457415,0
1457528,0
1457608,0
1457852,0
1457879,0
1457889,0
1457903,1
1458137,0
1458178,0
1458277,0
1458323,0
1458406,0
1458488,0
1458881,0
1458904,0
1459057,0
1459151,0
1459253,0
1459575,0
1459714,0
1459845,0
1459925,0
1460008,0
1460195,0
1460524,0
1460547,0
1460739,0
1460785,0
1460870,0
1461090,0
1461144,0
1461337,0
1461368,0
1461377,0
1461446,0
1461474,1
1461486,0
1461618,0
1461675,0
1461790,0
1461823,0
1461891,0
1461903,0
1461959,0
1462040,0
1462086,0
1462179,0
1462224,0
1462495,0
1462611,0
1462628,0
1462738,0
1462817,0
1462991,0
1463129,0
1463332,0
1463351,0
1463562,0
1463565,0
1463666,0
1463824,0
1464004,0
1464078,0
1464084,0
1464096,0
1464103,0
1464204,0
1464238,0
1464583,0
1464634,0
1464770,0
1464776,0
1464786,0
1464977,0
1464979,0
1465051,0
1465099,0
1465124,0
1465284,0
1465476,0
1465488,0
1465663,0
1465668,0
1466306,0
1466365,0
1466388,0
1466444,0
1466719,0
1466756,1
1466793,0
1467041,0
1467315,0
1467386,0
1467434,0
1467497,0
1467618,0
1467678,0
1467951,0
1468171,0
1468425,0
1468511,0
1468542,0
1468611,0
1468644,0
1469005,0
1469056,0
1469245,0
1469260,0
1469270,0
1469318,0
1469335,0
1469509,0
1469600,0
1469611,0
1469642,0
1469916,1
1469993,0
1470047,0
1470340,0
1470356,0
1470405,1
1470406,0
1470479,0
1470573,0
1470621,0
1470656,0
1470832,0
1470852,1
1470873,0
1471297,0
1471306,0
1471307,0
1471330,0
1471407,0
1471415,0
1471545,0
1471555,0
1471608,0
1471624,0
1471903,0
1472156,0
1472400,0
1472646,0
1472776,0
1472779,0
1473047,0
1473087,0
1473102,0
1473150,0
1473175,1
1473271,0
1473377,0
1473604,0
1473607,0
1473662,0
1473959,0
1473983,0
1474052,1
1474276,0
1474323,0
1474383,0
1474396,0
1474696,0
1474802,0
1474813,0
1474894,0
1475010,0
1475052,0
1475229,0
1475290,0
1475297,0
1475648,0
1475737,0
1475931,0
1476124,0
1476151,0
1476277,0
1476438,0
1476619,0
1476667,0
1476759,0
1476787,0
1477079,0
1477108,0
1477145,0
1477204,0
1477244,0
1477632,0
1478065,0
1478126,1
1478514,0
1478605,0
1478616,0
1478705,0
1478823,0
1478941,0
1479157,0
1479217,0
1479314,0
1479358,0
1479456,0
1479603,0
1479653,0
1479759,0
1479807,0
1480059,0
1480378,0
1480571,0
1480626,0
1480659,0
1480702,0
1480710,0
1480764,0
1480843,0
1480850,0
1480990,0
1481146,0
1481175,0
1481534,0
1481638,0
1481927,0
1481960,0
1481968,0
1481976,0
1482024,0
1482037,0
1482078,0
1482295,0
1482330,0
1482496,0
1482516,0
1482578,0
1482604,0
1482858,0
1483011,0
1483065,0
1483246,0
1483270,0
1483349,0
1483394,0
1483483,0
1483600,0
1483625,0
1483626,0
1483797,0
1483872,0
1483905,0
1484240,0
1484272,0
1484408,0
1484416,0
1484562,0
1484635,0
1484662,0
1484957,0
1484971,0
1485094,0
1485340,0
1485456,0
1485578,0
1485588,0
1485802,0
1485853,0
1485928,0
1486166,0
1486359,0
1486682,0
1487052,0
1487076,0
1487131,0
1487211,0
1487232,0
1487287,0
1487488,0
1487667,0
1487718,0
1487966,0
1488102,0
1488110,0
1488122,0
1488124,0
1488233,0
1488407,0
1488648,0
1488806,0
1488813,0
1488823,0
1488837,0
1488893,0
1489233,0
1489310,0
1489320,0
1489760,0
1489800,0
1489816,0
1490037,0
1490082,0
1490174,0
1490202,0
1490309,0
1490405,0
1490433,0
1490625,0
1490653,0
1490735,0
1491051,0
1491133,0
1491138,0
1491184,0
1491303,0
1491330,0
1491559,0
1491739,0
1491836,0
1491863,0
1491962,0
1492034,0
1492082,0
1492083,0
1492216,0
1492371,0
1492427,0
1492489,0
1492629,0
1492799,0
1492967,0
1493208,0
1493248,0
1493368,0
1493386,0
1493406,0
1493542,0
1493669,0
1493670,0
1493741,0
1493782,0
1493799,0
1493882,0
1493906,0
1493956,0
1493959,0
1494228,0
1494347,0
1494487,0
1494492,0
1494565,0
1494578,0
1494645,0
1494853,0
1494911,0
1495011,0
1495014,0
1495122,0
1495504,0
1495512,0
1495713,0
1495869,0
1495923,0
1496113,0
1496152,0
1496196,0
1496447,0
1496609,0
1496614,0
1496721,0
1496746,0
1496809,0
1497109,0
1497111,0
1497573,0
1497842,0
1497894,0
1498020,0
1498143,0
1498154,0
1498171,0
1498182,0
1498323,0
1498414,0
1498431,0
1498540,0
1498578,0
1498594,0
1498702,0
1498758,0
1498801,0
1498836,0
1499050,0
1499060,0
1499138,0
1499211,0
1499478,0
1499515,0
1499626,0
1499712,0
1500006,0
1500528,0
1500598,0
1500753,0
1500862,0
1501156,0
1501360,0
1501422,0
1501755,0
1501850,0
1501879,0
1502078,0
1502239,0
1502297,0
1502302,0
1502357,0
1502383,0
1502522,0
1502687,0
1502824,0
1503010,0
1503191,0
1503480,0
1503485,1
1503533,0
1503555,0
1503606,0
1503611,0
1503743,0
1504095,0
1504188,0
1504259,0
1504352,0
1505035,0
1505037,0
1505196,0
1505200,0
1505306,0
1505313,0
1505391,0
1505543,0
1505643,0
1505767,0
1505900,0
1505930,0
1506024,0
1506078,0
1506124,0
1506139,0
1506168,0
1506292,0
1506334,0
1506612,0
1506876,0
1507206,0
1507208,0
1507225,0
1507314,0
1507362,0
1507574,0
1507738,0
1507767,0
1507806,0
1507863,0
1507867,0
1507868,0
1507930,0
1508013,0
1508217,0
1508282,0
1508389,0
1508527,0
1508587,0
1508773,0
1508827,0
1508830,0
1508838,0
1508876,0
1508904,0
1508924,0
1508929,0
1509056,0
1509074,0
1509102,0
1509150,0
1509170,0
1509250,0
1509516,0
1509775,0
1509936,0
1510022,0
1510068,0
1510075,0
1510109,0
1510155,0
1510170,0
1510223,0
1510317,0
1510330,0
1510460,0
1510525,0
1510586,0
1510629,0
1510671,0
1510733,0
1510908,0
1510909,0
1510932,0
1511038,0
1511123,0
1511137,0
1511334,0
1511399,0
1511453,0
1511468,0
1511470,0
1511507,0
1511514,0
1511658,0
1511933,0
1511993,1
1512075,0
1512078,0
1512174,0
1512183,0
1512184,0
1512201,0
1512498,0
1512528,0
1512896,0
1513074,0
1513081,0
1513258,0
1513324,0
1513398,0
1513468,0
1513604,0
1513676,0
1513785,0
1513808,0
1513967,0
1514046,0
1514307,0
1514484,0
1514500,0
1514604,0
1514618,0
1514682,0
1514697,0
1514834,0
1514857,0
1514971,0
1515039,0
1515130,0
1515155,0
1515309,0
1515511,0
1515573,0
1515590,0
1515676,0
1515708,0
1515786,0
1515817,0
1516175,0
1516286,0
1516404,0
1516493,0
1516569,0
1516582,0
1516605,0
1516850,0
1516868,0
1517016,0
1517096,0
1517117,0
1517288,0
1517401,0
1517425,0
1517524,0
1517533,0
1517553,0
1517623,0
1517624,0
1517666,0
1517760,0
1518040,0
1518265,0
1518287,0
1518303,0
1518323,0
1518359,0
1518374,0
1518845,0
1518911,0
1518927,0
1518972,0
1519091,0
1519158,0
1519376,1
1519377,0
1519378,0
1519623,0
1519713,0
1519740,0
1519911,0
1520089,0
1520112,0
1520154,0
1520191,0
1520418,0
1520623,0
1520631,0
1520692,0
1520714,0
1520875,0
1520902,0
1521022,0
1521077,0
1521085,0
1521131,0
1521306,0
1521360,0
1521422,0
1521479,0
1521616,0
1521697,0
1521735,0
1521861,0
1521947,0
1521960,0
1522123,0
1522183,0
1522303,0
1522408,0
1522417,0
1522474,0
1522532,0
1522642,0
1522679,0
1522779,0
1522802,0
1522982,0
1523115,0
1523153,0
1523381,0
1523441,0
1523500,0
1523725,0
1523824,0
1523873,0
1523919,0
1524023,0
1524189,0
1524266,0
1524288,0
1524289,0
1524377,0
1524514,0
1524624,0
1524857,0
1524903,0
1524935,0
1524944,0
1525039,0
1525155,1
1525288,0
1525333,0
1525340,0
1525359,0
1525396,0
1525523,0
1525681,0
1525801,0
1526176,0
1526378,0
1526469,0
1526580,0
1526651,0
1526838,0
1526923,0
1527231,0
1527355,0
1527559,0
1527674,0
1527812,0
1527915,0
1527929,0
1528177,0
1528247,0
1528281,0
1528291,0
1528403,0
1528620,0
1528644,0
1528647,0
1528889,0
1529287,0
1529338,0
1529380,0
1529551,0
1529641,0
1529748,0
1530100,0
1530231,0
1530283,0
1530677,0
1530770,0
1530811,0
1530933,0
1531010,0
1531064,0
1531406,0
1531414,0
1531730,0
1531813,0
1531941,0
1531992,0
1532135,0
1532249,0
1532988,0
1532998,1
1533054,0
1533120,0
1533273,0
1533320,0
1533472,0
1533664,0
1533709,0
1533783,0
1533846,0
1533936,0
1533975,0
1534126,0
1534264,0
1534292,0
1534296,0
1534525,0
1534543,0
1535778,0
1535867,0
1536050,0
1536052,0
1536128,0
1536155,0
1536159,0
1536207,0
1536252,0
1536477,0
1536674,0
1536718,0
1536752,0
1536798,0
1537072,0
1537254,0
1537272,0
1537541,0
1537542,0
1537565,0
1537595,0
1537707,0
1537833,0
1537908,0
1537975,0
1538671,0
1538749,0
1539095,0
1539176,0
1539207,0
1539280,1
1539296,0
1539660,0
1539763,1
1540042,0
1540122,0
1540124,1
1540140,0
1540183,0
1540405,0
1540496,0
1540838,0
1540869,0
1540900,0
1540933,0
1541164,0
1541196,0
1541415,0
1541714,0
1541718,0
1541759,0
1541907,0
1542093,0
1542094,0
1542277,0
1542315,0
1542325,0
1542519,0
1542667,0
1542847,0
1542932,0
1542977,0
1543030,0
1543200,0
1543220,0
1543365,0
1544080,0
1544101,0
1544198,0
1544205,0
1544414,0
1544472,0
1544619,0
1544897,1
1544960,0
1545000,0
1545242,0
1545274,0
1545317,0
1545375,1
1545452,0
1545500,0
1545618,1
1545769,0
1545853,0
1546053,0
1546183,0
1546275,1
1546294,0
1546384,0
1546498,0
1546562,0
1546690,0
1546709,0
1546715,0
1546765,0
1546794,0
1546824,0
1546825,0
1546880,0
1547054,0
1547254,0
1547278,0
1547355,0
1547438,0
1547471,0
1547706,0
1547844,0
1547881,0
1547989,0
1548085,0
1548094,0
1548230,0
1548249,0
1548367,0
1548496,0
1548550,0
1548556,0
1548755,0
1548805,0
1548835,0
1548889,0
1549024,0
1549286,0
1549392,0
1549401,0
1549407,0
1549706,0
1550168,0
1550235,0
1550342,0
1550346,0
1550715,0
1550748,0
1550931,0
1551026,0
1551105,0
1551325,0
1551345,0
1551484,0
1551521,0
1551589,0
1551782,0
1551846,0
1551937,0
1551987,0
1552060,0
1552158,0
1552504,0
1552508,0
1552515,0
1552614,0
1552750,0
1553058,0
1553174,0
1553383,0
1553409,0
1553459,0
1553702,0
1553750,0
1553826,0
1554188,0
1554548,0
1554604,0
1554766,0
1554836,0
1554881,0
1554884,0
1555161,0
1555376,0
1555578,0
1555610,0
1556044,0
1556309,0
1556312,0
1556407,0
1556892,0
1557080,0
1557242,0
1557244,0
1557277,0
1557359,0
1557449,0
1557525,0
1557732,0
1557915,0
1558004,0
1558133,0
1558306,0
1558347,0
1558409,0
1558480,0
1558525,0
1558727,0
1558741,0
1558897,0
1558955,0
1559066,0
1559149,0
1559161,0
1559332,0
1559362,0
1559524,0
1559654,0
1559695,0
1560083,0
1560108,0
1560133,0
1560480,0
1560539,0
1560932,0
1561025,0
1561317,0
1561391,0
1561537,0
1561712,0
1562059,0
1562407,0
1562461,0
1562886,0
1562900,0
1562911,0
1563142,0
1563327,0
1563360,0
1563618,0
1563663,0
1563753,0
1564134,0
1564146,0
1564172,0
1564209,0
1564210,0
1564237,0
1564346,0
1564384,0
1564690,0
1564806,0
1564963,0
1564969,0
1565160,0
1565234,0
1565243,0
1565257,0
1565338,0
1565510,0
1565865,0
1565925,0
1566026,0
1566036,0
1566361,0
1566388,0
1566418,0
1566932,0
1567155,0
1567162,0
1567340,0
1567404,0
1567471,0
1567508,0
1567718,0
1567942,0
1567963,0
1568009,0
1568169,0
1568201,0
1568360,0
1568696,0
1568701,0
1568847,0
1569203,0
1569207,0
1569240,0
1569280,0
1569325,0
1569364,0
1569544,0
1569894,0
1569971,0
1570034,0
1570074,0
1570164,0
1570204,0
1570293,0
1570583,0
1570744,0
1570823,0
1570870,0
1571033,0
1571126,0
1571203,0
1571238,0
1571556,0
1571745,0
1571867,0
1571965,0
1572044,0
1572208,0
1572211,0
1572278,0
1572411,0
1572413,0
1572443,0
1572516,1
1572575,0
1572721,0
1572747,0
1572944,0
1573334,0
1573446,0
1573580,0
1573592,0
1574411,0
1574480,0
1574894,0
1574986,0
1575020,0
1575133,0
1575189,1
1575191,0
1575637,0
1575955,0
1576022,0
1576081,0
1576162,0
1576168,0
1576201,1
1576251,0
1576536,0
1576575,0
1576717,0
1576718,0
1576762,0
1576855,0
1576865,0
1576921,0
1577250,0
1577336,0
1577504,0
1577654,0
1577759,0
1577760,0
1577836,0
1577896,0
1577924,0
1577967,0
1578328,0
1578380,0
1578415,0
1578633,0
1578751,0
1578825,0
1578983,0
1579049,0
1579068,0
1579122,0
1579699,0
1579739,0
1579756,0
1580003,0
1580005,0
1580036,0
1580124,0
1580453,0
1580594,0
1580605,0
1580790,0
1580794,0
1580797,0
1580831,0
1580910,0
1581193,0
1581283,0
1581336,0
1581472,0
1581588,0
1581797,0
1581849,0
1581885,0
1581969,0
1582022,0
1582349,0
1582542,0
1582600,0
1582722,0
1582812,0
1582964,0
1583107,0
1583379,1
1583423,0
1583523,1
1583555,0
1583659,0
1583712,0
1583799,0
1584034,0
1584104,0
1584144,0
1584330,0
1584369,0
1584448,0
1584663,0
1584697,0
1584737,0
1584760,0
1585187,0
1585225,0
1585277,0
1585302,0
1585466,0
1585514,0
1585577,0
1585676,0
1585719,0
1585787,0
1585803,0
1586091,0
1586472,0
1586681,0
1586723,0
1586732,0
1586836,0
1586878,0
1586995,0
1587314,0
1587426,0
1587467,0
1587720,0
1587729,0
1587828,0
1587859,0
1588078,0
1588196,0
1588199,0
1588373,0
1588489,0
1588565,0
1588748,0
1588824,0
1588830,0
1589105,0
1589320,0
1589517,0
1589710,0
1589783,0
1590235,0
1590339,0
1590360,0
1590524,0
1590758,0
1590839,0
1591088,0
1591144,0
1591186,0
1591213,0
1591260,0
1591336,0
1591560,0
1591598,0
1591634,0
1591757,0
1592036,0
1592184,0
1592474,0
1592491,0
1592614,0
1592680,0
1592829,0
1592855,0
1592920,0
1593001,0
1593025,0
1593163,0
1593381,0
1593471,0
1593575,0
1593867,0
1593977,0
1593981,0
1594054,0
1594149,0
1594242,0
1594356,0
1594518,0
1594637,0
1594777,0
1594858,0
1594867,0
1594919,0
1595036,0
1595161,0
1595170,0
1595501,0
1595533,0
1595575,0
1595619,0
1595662,0
1595799,0
1595853,0
1595875,0
1595920,0
1596261,0
1596263,0
1596582,0
1596991,0
1597012,0
1597172,0
1597178,0
1597637,0
1597768,0
1598029,0
1598337,0
1598469,0
1598500,0
1598711,0
1598747,0
1598819,0
1598862,0
1598960,1
1599494,0
1599518,0
1599637,0
1599768,0
1599934,0
1600218,0
1600323,0
1600383,0
1600549,0
1600577,0
1600619,0
1601157,0
1601177,0
1601805,0
1602098,0
1602220,0
1602354,0
1602364,0
1602407,0
1602432,0
1602475,0
1602476,0
1602555,0
1602633,0
1602754,0
1602882,0
1602902,0
1603119,0
1603169,0
1603215,0
1603353,0
1603412,0
1603567,0
1603737,0
1603747,0
1603792,0
1604092,0
1604169,0
1604402,0
1604516,0
1604649,0
1604673,0
1605042,0
1605172,0
1605224,0
1605249,0
1606018,1
1606020,0
1606082,0
1606181,0
1606228,0
1606254,0
1606256,0
1606533,0
1606602,0
1606603,0
1606827,0
1606910,0
1606988,0
1607025,0
1607428,0
1607440,0
1607452,0
1607556,0
1607681,0
1607717,0
1607718,0
1607960,0
1607982,0
1608033,0
1608066,0
1608141,0
1608145,0
1608176,0
1608195,0
1608376,0
1608611,0
1608658,0
1608683,0
1608933,0
1609056,0
1609365,0
1609444,0
1609494,0
1609516,0
1609556,0
1609578,0
1609667,0
1609712,0
1609723,0
1609839,0
1609948,0
1610041,0
1610075,0
1610114,0
1610143,0
1610224,0
1610234,0
1610260,1
1610308,0
1610664,0
1610732,0
1610934,1
1611132,0
1611275,0
1611284,0
1611429,0
1611553,0
1611570,0
1611579,0
1611641,0
1611658,0
1611659,0
1611789,0
1611850,0
1611880,0
1611882,0
1611887,0
1611904,0
1611958,0
1612004,0
1612094,0
1612217,0
1612671,0
1612677,0
1612848,0
1612970,0
1612971,0
1613188,0
1613206,1
1613331,0
1613427,0
1613468,0
1613480,0
1613544,0
1613545,0
1613669,0
1613754,0
1613798,0
1614023,0
1614111,0
1614386,0
1614532,0
1614594,0
1614752,0
1614904,0
1614922,0
1614947,0
1615122,0
1615148,0
1615222,0
1615566,0
1615615,0
1615743,0
1616117,0
1616138,0
1616191,0
1616382,0
1616821,0
1616849,0
1617011,0
1617107,0
1617289,0
1617298,0
1617391,0
1617479,0
1617506,0
1617546,0
1617609,0
1617983,0
1617998,0
1618248,0
1618334,0
1618402,0
1618494,0
1618560,0
1618570,0
1618634,0
1618770,0
1618781,0
1618829,0
1618990,0
1619061,0
1619126,0
1619185,0
1619352,0
1619826,0
1619876,0
1619924,0
1620228,0
1620323,0
1620434,0
1620551,0
1620665,0
1620765,0
1620876,0
1620885,0
1620981,0
1621053,0
1621117,0
1621191,0
1621200,0
1621225,1
1621314,0
1621351,0
1621479,0
1621637,0
1621775,0
1621778,0
1621899,0
1621958,0
1621998,0
1622143,0
1622267,0
1622298,0
1622395,0
1622473,0
1622537,0
1622542,0
1622719,0
1622751,0
1622820,0
1622852,0
1623106,0
1623135,0
1623247,0
1623282,0
1623321,0
1623352,0
1623383,0
1623462,0
1623533,0
1623557,0
1623569,0
1623651,0
1623752,0
1623922,0
1624037,0
1624124,0
1624202,0
1624230,0
1624452,0
1624548,0
1624709,0
1624723,0
1624774,0
1625048,0
1625058,0
1625129,0
1625143,0
1625218,0
1625443,1
1625611,0
1625740,0
1625746,0
1625773,0
1625811,0
1625823,0
1625973,0
1626002,0
1626204,0
1626324,0
1626333,0
1626359,0
1626486,0
1626549,0
1626554,0
1626577,0
1626588,0
1626605,0
1626808,0
1626946,0
1627011,0
1627216,0
1627451,0
1627523,0
1627620,0
1627665,0
1627685,0
1627854,0
1627916,1
1628083,0
1628117,0
1628366,0
1628406,0
1628607,0
1628710,0
1628723,0
1628762,0
1628857,0
1629183,0
1629251,0
1629273,0
1629279,0
1629472,0
1629565,0
1629572,0
1629668,0
1629740,0
1629748,0
1630281,0
1630697,0
1630719,0
1630931,0
1630976,0
1630979,0
1631061,0
1631090,0
1631377,0
1631384,0
1631650,0
1631707,0
1631825,0
1631950,0
1632107,0
1632167,0
1632369,0
1632456,0
1632579,0
1632647,0
1632677,0
1632703,0
1632704,1
1632721,0
1632729,0
1632812,0
1632949,0
1632971,0
1633017,0
1633131,0
1633249,0
1633325,0
1633468,0
1633685,0
1633827,0
1634144,0
1634311,0
1634388,0
1634503,0
1634603,0
1634672,0
1634744,0
1634839,0
1634904,0
1634960,0
1634966,0
1634972,0
1635059,0
1635103,0
1635118,0
1635140,0
1635200,0
1635205,0
1635366,0
1635570,0
1635646,0
1635671,0
1635689,0
1635798,0
1635869,0
1635900,0
1636006,0
1636010,0
1636064,0
1636169,0
1636229,0
1636360,0
1636401,0
1636476,0
1636550,0
1636720,0
1636780,0
1636803,0
1636858,0
1637022,0
1637059,0
1637217,0
1637436,0
1637570,0
1637896,0
1637901,0
1637925,0
1637981,0
1637985,0
1638097,0
1638123,0
1638158,0
1638200,0
1638261,0
1638592,0
1638600,0
1639098,0
1639119,0
1639182,0
1639352,0
1639362,0
1639551,0
1639558,0
1639661,0
1639906,0
1639919,0
1639964,0
1640074,0
1640121,0
1640136,0
1640142,0
1640432,0
1640504,0
1640578,0
1640606,0
1640659,0
1640874,0
1640906,0
1640925,0
1640955,0
1641257,0
1641403,0
1641421,0
1641491,0
1641940,0
1641946,0
1642234,0
1642498,0
1642622,0
1642753,0
1642770,0
1642879,0
1643118,1
1643259,0
1643560,0
1643562,0
1643570,0
1643620,0
1643683,0
1643853,0
1643955,0
1644034,0
1644203,0
1644279,0
1644468,0
1644797,0
1644801,0
1644810,0
1644865,0
1644873,0
1644995,0
1644997,0
1645112,0
1645137,0
1645722,0
1645929,0
1645994,0
1646062,0
1646536,0
1646645,0
1646775,0
1646934,0
1647134,0
1647377,0
1647535,0
1647748,0
1647976,0
1648141,0
1648369,0
1648429,0
1648602,0
1648852,0
1648883,0
1648995,0
1649131,0
1649332,0
1649504,0
1649553,0
1649693,0
1650178,0
1650199,0
1650424,0
1650478,0
1650575,0
1650661,0
1651161,0
1651289,0
1651302,0
1651320,0
1651648,0
1651718,0
1651794,0
1652178,0
1652180,0
1652190,0
1652232,0
1652438,1
1652715,0
1652894,0
1652979,0
1653137,0
1653142,0
1653486,0
1653586,0
1653591,0
1653835,0
1653886,0
1654140,0
1654154,0
1654477,0
1654775,0
1655031,0
1655273,0
1655444,0
1655570,0
1655760,0
1656054,0
1656079,0
1656089,0
1656107,0
1656132,0
1656449,0
1656507,0
1656530,0
1656555,0
1656813,0
1657035,0
1657042,0
1657342,0
1657388,0
1657490,0
1657676,0
1657686,0
1657726,0
1657766,0
1657969,0
1657995,0
1658377,0
1658555,0
1658868,0
1659098,0
1659309,0
1659433,0
1659501,0
1659533,0
1659545,0
1659881,0
1659954,0
1659991,0
1660167,0
1660261,0
1660463,0
1660464,0
1660656,0
1660812,0
1660839,0
1660976,0
1661161,0
1661273,0
1661378,0
1661597,0
1661971,0
1662099,0
1662116,0
1662413,0
1662467,0
1662705,0
1662707,0
1663175,0
1663374,0
1663620,0
1664041,1
1664147,0
1664189,0
1664243,0
1664652,0
1664726,0
1664773,0
1664826,0
1664923,0
1665119,0
1665642,0
1665785,0
1665905,0
1666000,0
1666100,0
1666140,0
1666687,0
1666832,0
1667076,0
1667128,0
1667167,0
1667182,0
1667228,0
1667232,0
1667338,0
1667364,0
1667447,0
1667553,0
1667626,0
1667728,0
1667747,0
1667829,0
1668065,0
1668108,0
1668280,0
1668352,0
1668380,0
1668495,0
1668501,0
1668891,1
1668900,0
1668915,0
1669334,0
1669549,0
1669816,0
1670059,0
1670340,0
1670441,0
1670709,0
1670858,0
1670960,0
1671059,0
1671125,0
1671427,0
1671639,0
1671654,0
1671710,0
1671851,0
1671853,0
1671881,0
1671945,0
1672194,0
1672333,0
1672406,0
1672410,0
1672475,0
1672528,0
1672710,0
1672777,0
1672878,0
1672908,0
1673007,0
1673086,0
1673222,0
1673247,0
1673388,0
1673463,0
1673469,0
1673574,0
1673658,0
1673670,0
1673912,0
1674171,0
1674179,0
1674259,0
1674313,0
1674376,0
1674913,0
1675097,0
1675423,0
1675437,0
1675510,0
1675761,0
1676151,0
1676182,0
1676246,0
1676309,0
1676320,0
1676596,0
1676660,0
1676787,0
1676809,0
1676839,0
1677140,0
1677364,0
1677412,0
1677417,0
1677487,0
1677578,0
1677749,0
1677800,0
1677808,0
1678537,0
1678623,0
1678643,0
1678651,0
1678838,0
1678948,0
1679257,0
1679355,0
1679594,0
1679628,0
1679661,0
1679763,0
1679907,0
1680057,0
1680147,0
1680216,0
1680436,0
1680667,0
1680968,0
1680980,0
1680993,0
1681002,0
1681020,0
1681506,0
1681700,0
1681820,0
1681898,0
1681972,0
1681992,0
1682032,0
1682067,0
1682099,0
1682114,0
1682197,0
1682207,0
1682292,0
1682418,0
1682487,0
1682622,0
1682627,0
1683118,0
1683221,0
1683264,0
1683418,0
1683558,0
1683675,0
1683857,0
1683867,0
1683875,0
1683975,0
1684070,0
1684105,0
1684284,0
1684545,0
1684672,0
1684792,0
1684905,0
1685007,0
1685282,0
1685501,0
1685704,0
1685824,0
1685933,0
1686047,0
1686541,0
1687081,0
1687121,0
1687173,0
1687205,0
1687208,0
1687266,0
1687388,1
1687422,0
1687438,0
1687607,0
1687644,0
1688044,0
1688109,0
1688280,0
1688509,0
1688603,0
1688802,0
1689141,0
1689355,0
1689437,0
1689474,0
1689504,1
1689684,0
1689702,1
1689805,0
1689854,0
1689897,0
1690366,0
1690595,0
1690609,0
1690630,0
1690642,0
1690814,0
1690816,0
1690824,0
1690907,0
1691012,0
1691020,0
1691129,0
1691160,0
1691201,0
1691262,0
1691273,0
1691314,0
1691396,0
1691441,0
1691577,0
1691737,0
1692000,0
1692186,0
1692264,0
1692566,0
1692980,0
1693037,0
1693608,0
1693624,0
1693693,0
1693714,0
1693801,0
1694407,0
1694472,0
1694913,0
1694949,0
1695101,0
1695139,0
1695208,0
1695307,0
1695722,0
1695930,0
1695935,0
1696186,0
1696322,0
1696429,0
1696519,0
1696589,0
1696619,0
1696647,0
1696721,0
1697110,0
1697259,0
1697349,0
1697889,0
1698130,0
1698185,0
1698281,0
1698331,0
1698446,0
1698659,0
1698663,0
1698726,0
1698730,0
1699034,0
1699142,0
1699560,0
1699743,0
1699923,0
1700049,0
1700066,0
1700145,0
1700344,0
1700462,0
1700776,1
1700878,0
1700930,0
1701049,0
1701166,0
1701180,0
1701209,0
1701285,0
1701361,0
1701364,0
1701434,0
1701587,0
1701597,0
1701672,1
1701841,0
1701913,0
1701932,0
1701940,0
1702377,0
1702635,0
1702679,0
1702971,0
1703024,0
1703259,0
1703335,0
1703375,0
1703442,0
1703481,0
1703509,0
1703736,0
1703819,0
1704314,0
1704537,0
1704593,0
1704662,0
1704672,0
1704900,0
1705000,0
1705199,1
1705413,0
1705453,0
1705468,0
1705616,0
1705657,0
1705673,0
1705802,0
1705860,0
1706101,0
1706384,0
1706572,0
1706624,0
1706905,0
1706913,0
1706923,0
1706951,0
1707010,0
1707307,0
1707470,0
1707619,0
1707651,0
1707896,0
1707931,0
1707977,0
1708252,0
1708516,0
1708527,0
1708545,0
1708584,0
1708755,0
1708865,0
1709032,0
1709088,0
1709208,0
1709260,0
1709311,0
1709318,0
1709344,0
1709376,0
1710004,0
1710016,0
1710091,0
1710278,0
1710310,0
1710425,0
1710555,0
1710743,0
1711153,0
1711211,0
1711247,0
1711434,0
1711505,0
1711560,0
1711769,0
1711787,0
1711912,0
1712048,0
1712229,0
1712748,0
1712806,0
1712928,0
1712970,0
1713036,0
1713219,0
1713385,0
1713878,0
1713963,0
1714054,0
1714132,0
1714514,0
1714767,0
1714874,0
1715090,0
1715096,0
1715123,0
1715339,0
1715390,0
1715423,0
1715472,0
1715590,0
1715933,0
1716114,0
1716186,0
1716360,0
1716548,0
1716627,0
1716946,0
1717124,0
1717520,0
1717585,0
1717689,0
1718049,0
1718209,0
1718238,0
1718350,0
1718425,0
1718525,0
1718688,0
1718693,0
1718834,0
1718845,0
1718941,0
1719139,0
1719350,0
1719493,0
1719525,0
1719571,0
1719576,0
1719609,0
1719732,0
1719783,0
1719805,0
1719820,0
1719826,0
1720016,0
1720113,0
1720148,0
1720276,1
1720343,0
1720654,0
1720690,0
1720843,0
1720936,0
1721196,0
1721343,0
1721445,0
1721459,0
1721555,0
1721720,0
1721824,0
1721916,0
1721986,0
1722178,0
1722349,0
1722371,0
1722455,0
1722489,0
1722566,0
1722625,0
1722785,0
1722909,0
1723055,0
1723137,0
1723153,0
1723368,0
1723398,0
1723479,0
1723637,0
1723649,0
1723961,0
1724058,0
1724087,0
1724235,0
1724308,0
1724379,0
1724388,0
1724469,0
1724520,0
1724525,0
1724673,0
1724792,0
1725005,0
1725012,0
1725150,0
1725349,0
1725657,0
1725691,0
1725834,0
1725898,0
1725907,0
1725912,0
1725961,0
1725962,0
1726028,0
1726190,0
1726306,0
1726612,1
1727347,1
1727372,0
1727505,0
1727911,0
1728021,0
1728243,0
1728325,0
1728342,0
1728405,0
1728431,0
1728626,1
1728943,0
1729095,0
1729134,0
1729219,0
1729479,0
1729705,0
1729881,0
1729920,0
1730046,0
1730059,0
1730179,0
1730634,0
1730717,0
1730754,0
1730786,0
1730806,0
1730868,0
1731028,0
1731172,0
1731188,0
1731201,0
1731429,0
1731526,1
1731597,0
1731824,0
1731900,0
1732268,0
1732282,0
1732325,0
1732434,0
1732448,0
1732935,0
1732938,0
1732981,0
1733015,0
1733038,0
1733040,0
1733133,0
1733185,0
1733219,0
1733295,0
1733481,0
1733585,0
1733682,0
1733796,1
1733846,0
1733861,0
1733966,0
1734138,0
1734164,0
1734170,0
1734180,0
1734502,0
1734673,0
1734774,0
1734937,0
1735253,0
1735345,0
1735746,0
1736097,0
1736250,0
1736331,0
1736441,0
1736496,0
1736635,0
1736737,0
1736765,0
1736781,0
1736880,0
1736960,0
1736978,0
1737030,0
1737176,0
1737431,0
1737581,0
1737646,0
1737805,0
1737822,0
1737858,0
1738195,0
1738566,0
1738596,0
1738695,0
1738848,0
1738889,0
1738945,0
1739163,0
1739299,0
1739335,0
1739377,0
1739432,0
1739654,0
1739846,0
1739908,0
1739911,0
1739960,0
1740279,0
1740678,0
1740722,0
1740731,0
1740908,0
1740912,0
1740931,0
1741109,0
1741130,0
1741225,0
1741327,0
1741384,0
1741515,0
1741797,0
1741833,0
1741907,0
1741960,0
1741991,0
1742026,0
1742242,0
1742369,0
1742384,0
1742603,0
1742626,0
1742697,0
1742702,0
1742744,0
1742838,0
1742887,0
1743144,0
1743252,0
1743301,0
1743396,0
1743423,0
1743431,0
1743489,0
1743644,0
1743768,0
1743895,0
1744153,0
1744931,0
1745033,0
1745379,0
1746021,0
1746075,0
1746091,0
1746146,0
1746180,0
1746181,0
1746239,0
1746264,0
1746314,0
1746510,0
1746579,0
1746720,0
1746811,0
1747151,0
1747340,0
1747363,0
1747369,0
1747561,0
1747946,0
1747965,0
1748132,0
1748246,0
1748343,0
1748358,0
1748404,0
1748609,0
1748675,0
1748695,0
1748779,0
1748828,0
1749169,0
1749178,0
1749251,0
1749396,0
1749401,0
1749605,0
1749610,0
1749655,0
1749656,0
1749703,0
1749907,0
1749932,0
1750240,0
1750291,0
1750508,0
1750757,0
1751180,0
1751306,1
1751376,0
1751411,0
1751512,0
1751732,0
1752135,0
1752219,0
1752422,0
1752653,0
1752742,0
1752753,0
1752776,0
1752943,0
1752978,0
1753021,0
1753069,0
1753108,0
1753350,0
1753647,0
1753779,0
1753780,0
1753953,0
1753977,0
1754014,0
1754195,0
1754333,0
1754501,0
1754755,0
1754777,0
1754991,0
1755006,0
1755044,0
1755167,0
1755267,0
1755273,0
1755301,0
1755349,0
1755387,0
1755523,0
1755564,0
1755583,0
1755757,0
1755766,0
1755814,0
1755816,0
1755828,0
1755908,0
1756026,0
1756122,0
1756283,0
1756340,0
1756412,0
1756596,1
1756606,0
1756639,0
1756735,0
1756969,0
1757297,0
1757728,0
1757735,0
1757829,0
1757832,0
1757839,0
1757937,0
1758141,0
1758202,0
1758337,0
1758525,0
1758551,0
1758584,0
1758592,0
1758803,0
1758934,0
1758978,0
1759052,0
1759084,0
1759089,0
1759101,0
1759119,0
1759158,0
1759180,0
1759429,0
1759528,0
1759729,0
1759840,0
1759938,0
1759991,0
1760270,0
1760271,0
1760330,0
1760501,1
1760842,1
1761094,0
1761102,0
1761126,0
1761183,0
1761287,0
1761403,0
1761541,0
1762004,0
1762317,0
1762446,0
1762472,0
1762619,1
1762729,0
1762798,0
1762809,0
1762845,0
1762986,0
1763171,0
1763398,0
1763565,0
1763643,0
1764008,0
1764185,0
1764454,0
1764663,0
1765136,0
1765615,0
1765655,0
1765707,0
1765947,0
1766070,0
1766219,0
1766494,0
1766857,0
1767262,0
1767600,0
1767772,0
1767923,0
1768570,1
1769088,0
1769144,0
1769152,0
1769211,0
1769227,0
1769323,0
1769336,0
1769467,0
1769482,0
1769747,0
1769814,0
1770062,0
1770071,0
1770362,0
1770507,0
1770753,0
1770938,0
1770941,0
1771088,0
1771146,0
1771310,0
1771376,0
1771751,1
1771816,0
1772261,0
1772541,0
1772799,0
1773120,0
1773274,0
1773288,0
1773392,0
1773421,0
1773933,0
1774059,0
1774158,0
1774390,0
1774397,0
1774626,0
1774679,0
1774694,0
1774863,0
1774944,0
1775180,0
1775531,0
1775635,0
1775683,0
1775711,0
1776011,0
1776641,0
1776649,0
1776894,0
1777016,0
1777608,0
1777671,0
1777673,0
1777942,0
1778086,0
1778167,0
1778245,0
1778310,0
1778451,0
1778831,0
1778938,0
1779086,0
1779372,0
1779403,0
1780198,0
1780232,0
1780474,0
1781259,0
1781329,0
1781369,0
1782275,0
1782637,0
1782886,0
1782897,0
1783128,0
1783178,0
1783311,0
1783392,0
1783471,0
1783644,0
1783654,0
1783745,0
1783770,0
1784019,0
1784229,0
1784311,0
1784323,0
1784711,0
1784741,0
1784803,0
1785126,0
1785247,0
1785405,0
1785608,0
1785637,0
1785660,0
1785719,0
1785736,0
1785836,0
1786045,0
1786108,0
1786459,1
1786614,0
1786658,0
1786809,0
1787091,0
1787137,0
1787226,0
1787332,0
1787526,0
1787760,0
1787786,0
1787816,0
1787847,0
1787975,0
1788037,0
1788227,0
1789086,0
1789772,0
1789785,0
1789872,0
1789973,0
1790207,0
1790381,0
1790822,0
1790990,0
1791099,0
1792265,0
1792303,0
1792345,0
1792507,0
1792943,0
1793084,0
1793124,0
1793198,0
1793202,1
1793525,0
1793540,0
1793563,0
1794241,0
1794453,0
1794607,0
1794636,0
1794786,0
1795313,0
1795382,0
1795436,0
1795588,0
1795646,0
1795746,0
1796018,0
1796080,0
1796487,0
1796514,1
1796557,0
1796584,0
1796648,0
1796691,0
1796927,0
1797015,0
1797114,0
1797166,0
1797270,0
1797446,0
1797505,0
1797542,0
1797559,0
1797716,0
1797823,0
1797983,0
1798035,0
1798138,0
1798541,0
1798702,0
1798924,0
1799281,0
1799349,0
1799625,0
1799662,0
1799841,0
1799926,0
1800003,0
1800109,0
1800140,0
1800316,0
1800327,0
1800361,0
1800498,0
1800632,0
1801401,0
1801579,0
1801593,0
1801663,0
1801679,0
1801777,0
1801938,0
1802032,0
1802147,0
1802208,0
1802331,0
1802393,0
1802526,0
1802664,0
1802804,0
1802889,0
1803114,0
1803137,0
1803312,0
1803359,0
1803401,0
1803489,0
1803506,0
1803532,0
1803708,0
1803739,0
1803804,0
1803903,0
1803928,0
1803954,0
1804259,0
1804492,0
1804563,0
1804874,0
1804945,0
1805036,0
1805178,0
1805187,0
1805376,0
1805626,0
1805667,0
1805834,0
1806207,0
1806300,0
1806365,0
1806888,0
1806982,0
1806989,0
1807104,0
1807229,0
1807440,0
1807530,0
1807600,0
1807640,0
1807726,0
1808032,0
1808076,0
1808113,0
1808398,0
1809054,0
1809107,0
1809203,0
1809401,0
1809484,0
1809941,0
1809999,0
1810055,0
1810093,0
1810293,0
1810456,0
1810567,0
1811217,0
1811226,0
1811334,0
1811688,0
1811791,0
1812162,0
1812178,0
1812268,0
1812357,0
1812512,0
1813139,0
1813419,0
1813756,0
1813763,0
1813842,0
1814102,0
1814218,0
1814542,0
1814949,0
1815138,0
1815147,0
1815183,0
1815285,0
1815288,0
1815374,0
1815470,0
1815827,0
1816308,0
1816363,0
1816398,0
1816988,0
1817152,0
1817183,0
1817259,0
1817265,0
1817303,0
1817412,0
1817423,0
1817589,0
1817685,1
1817778,0
1817791,0
1817870,0
1818123,0
1818291,0
1818331,0
1818370,0
1818423,0
1818697,0
1818800,0
1818812,0
1818940,0
1818943,0
1819064,0
1819108,0
1819449,0
1819543,0
1819548,0
1819596,0
1819641,0
1819702,0
1819715,0
1819864,0
1819943,0
1820007,0
1820127,0
1820158,0
1820165,0
1820689,0
1820767,0
1821291,0
1821923,0
1821956,0
1822002,0
1822369,0
1822951,0
1823314,0
1823457,0
1823539,0
1823603,0
1823666,0
1823699,0
1823787,0
1823851,0
1824005,1
1824012,0
1824198,0
1824234,0
1824253,0
1824476,0
1824582,0
1825073,0
1825186,0
1825424,0
1825642,0
1825721,0
1826374,0
1826562,0
1826785,0
1826977,0
1827096,0
1827226,0
1827336,0
1827759,0
1828066,0
1828106,0
1828825,1
1829094,0
1829247,0
1829399,0
1829412,0
1829447,1
1829669,0
1829811,0
1829989,0
1830120,0
1830168,0
1830180,0
1830340,0
1830466,0
1830533,0
1830687,1
1830701,0
1830802,0
1831056,0
1831086,0
1831215,0
1831327,0
1831408,0
1831456,0
1832127,0
1832243,0
1832442,0
1832479,0
1832575,0
1832954,0
1833155,0
1833236,0
1833307,0
1833334,0
1833540,0
1833684,0
1833921,0
1834277,0
1834388,0
1834421,0
1834679,0
1834983,0
1835219,0
1835452,0
1835562,0
1835787,0
1835898,0
1835973,0
1836097,0
1836157,0
1836452,0
1836698,0
1837201,0
1837414,0
1837577,0
1837709,0
1837723,0
1837800,0
1838206,0
1838248,0
1838830,0
1838862,0
1838997,0
1839113,0
1839214,0
1839348,0
1839398,0
1839534,0
1839675,0
1839693,0
1840163,0
1840276,0
1840419,0
1840538,0
1840557,0
1840880,0
1840997,0
1841031,0
1841164,0
1841201,0
1841266,0
1841421,0
1841502,0
1841591,0
1841709,0
1841851,0
1841934,0
1841949,0
1842154,0
1842417,0
1842459,0
1842802,0
1842919,0
1843177,0
1843383,0
1843639,0
1843711,0
1843767,0
1843891,0
1844596,0
1844659,0
1844837,0
1844941,0
1845402,0
1845714,0
1845726,0
1845762,0
1845822,0
1845960,0
1845998,0
1846165,0
1846411,0
1846625,0
1846636,0
1846783,0
1847156,0
1847192,0
1847216,0
1847296,0
1847416,0
1847578,0
1847583,0
1847678,0
1848321,0
1848446,0
1848855,0
1849274,0
1849386,0
1849494,0
1849713,0
1849815,0
1849914,0
1850221,0
1850320,0
1850654,0
1850752,0
1850798,0
1850977,0
1851416,0
1851538,0
1852061,0
1852303,0
1852401,0
1852534,0
1852829,0
1852966,0
1853220,0
1853264,0
1853391,0
1853524,0
1853738,0
1854010,0
1854092,0
1854413,0
1854486,0
1854555,1
1854593,0
1855026,1
1855135,0
1855191,0
1855243,0
1855506,0
1855516,0
1856092,0
1856207,0
1856274,0
1856394,0
1856555,0
1857067,0
1857100,0
1857172,0
1857185,0
1857212,0
1857504,0
1857611,0
1857922,0
1858023,0
1858136,0
1858168,1
1858510,0
1859039,0
1859085,0
1859174,0
1859572,0
1859635,0
1859684,0
1859692,0
1859722,0
1859771,0
1860035,0
1860038,0
1860235,0
1860237,0
1860267,0
1860360,0
1860622,0
1861024,0
1861104,0
1861363,0
1861444,0
1861640,1
1861677,0
1861709,0
1861713,0
1861822,0
1861935,0
1862309,0
1862333,0
1863078,0
1863087,0
1863129,0
1863306,0
1863447,0
1863448,0
1863637,0
1863788,0
1863883,0
1863971,0
1864167,0
1864386,0
1864412,0
1864553,0
1864561,0
1864596,1
1864666,0
1864669,0
1864725,0
1864743,0
1864831,0
1864850,0
1864993,0
1865097,0
1865511,0
1865748,0
1865883,0
1865997,0
1866027,0
1866130,0
1866377,0
1866383,0
1866467,0
1866504,0
1866518,0
1866555,0
1866593,0
1866767,0
1866863,0
1867012,0
1867170,0
1867190,0
1867260,0
1867320,0
1867362,0
1867459,0
1867514,0
1867584,0
1867650,0
1867668,0
1867673,0
1867707,0
1867741,0
1867802,0
1868103,0
1868387,0
1869022,0
1869048,0
1869053,0
1869135,0
1869158,0
1869211,0
1869426,0
1869440,0
1869458,0
1869461,0
1869596,0
1869627,0
1869681,0
1869847,0
1869895,0
1869928,0
1870027,0
1870130,0
1870183,0
1870201,0
1870202,0
1870213,0
1870345,0
1870399,0
1870498,0
1870639,0
1870975,0
1871172,1
1871334,0
1871567,0
1871587,0
1871604,0
1871627,0
1871631,0
1871659,0
1871686,0
1871797,0
1871919,0
1872056,0
1872082,0
1872091,0
1872133,0
1872269,0
1872387,0
1872421,0
1872576,0
1872597,0
1872641,0
1872648,0
1872663,0
1872684,0
1872803,0
1872933,0
1872966,0
1873054,0
1873063,0
1873171,0
1873300,0
1873305,0
1873311,0
1873358,0
1873405,0
1873459,0
1873526,0
1873565,0
1873580,0
1873625,0
1873752,0
1873892,0
1873983,0
1874136,0
1874472,0
1874504,0
1874599,0
1874609,0
1874631,0
1874649,0
1874723,0
1874770,0
1874843,0
1874861,0
1875002,0
1875107,0
1875140,0
1875165,0
1875191,0
1875315,0
1875434,0
1875485,0
1875567,0
1875599,0
1875673,0
1875677,0
1875693,0
1875765,0
1875815,0
1875884,0
1875994,0
1876128,0
1876132,0
1876162,0
1876247,0
1876400,0
1876505,0
1876614,0
1876668,0
1876687,0
1876718,0
1876817,0
1876947,0
1876995,0
1877023,0
1877111,0
1877512,0
1877526,0
1877562,0
1877578,0
1877636,0
1877705,0
1877851,0
1877905,0
1878021,0
1878052,0
1878224,0
1878269,0
1878342,0
1878616,0
1878655,0
1878667,0
1878669,0
1878694,0
1878770,0
1878903,0
1878989,0
1879054,0
1879113,0
1879128,0
1879129,0
1879135,0
1879227,0
1879258,0
1879328,0
1879427,0
1879788,0
1879832,0
1880022,0
1880049,0
1880066,0
1880093,0
1880158,0
1880609,0
1880620,0
1880754,0
1880842,0
1881042,0
1881047,0
1881068,0
1881201,0
1881285,0
1881494,1
1881558,0
1881602,0
1881699,0
1881750,0
1881862,0
1882256,0
1882349,0
1882385,0
1882398,0
1882589,0
1882657,0
1882666,0
1882698,0
1882717,0
1882864,0
1882945,0
1882992,0
1883096,0
1883202,0
1883235,0
1883290,0
1883347,0
1883404,0
1883510,0
1883603,0
1883657,0
1883796,0
1883861,0
1883909,0
1883998,0
1884325,0
1884462,0
1884488,0
1884494,0
1884639,0
1884686,0
1884753,0
1884877,0
1885155,0
1885260,0
1885427,0
1885465,0
1885706,0
1885790,0
1885982,0
1886137,0
1886286,0
1886342,0
1886372,0
1886439,0
1886501,0
1886531,0
1886552,0
1886592,0
1886675,0
1886768,0
1886793,0
1886822,0
1886823,0
1886840,0
1886896,0
1886998,0
1887094,0
1887222,0
1887276,0
1887424,0
1887496,0
1887543,0
1887595,0
1887841,0
1887853,0
1887855,0
1888078,0
1888198,0
1888209,0
1888277,0
1888325,0
1888413,0
1889107,0
1889177,0
1889263,0
1889270,0
1889301,0
1889324,0
1889337,0
1889438,0
1889457,0
1889633,0
1889746,0
1889757,0
1889856,0
1890293,0
1890306,0
1890311,0
1890320,0
1890460,0
1890509,0
1890576,0
1890611,0
1890774,0
1890824,0
1890925,0
1891057,0
1891137,0
1891238,0
1891404,0
1891421,0
1891549,0
1891582,0
1891692,0
1891737,0
1891853,0
1892009,0
1892217,0
1892223,0
1892466,0
1892581,0
1892593,0
1892705,0
1892823,0
1892870,0
1893047,0
1893594,0
1893603,0
1893736,0
1893790,0
1893939,0
1893996,0
1894319,0
1894338,0
1894521,0
1894586,0
1894614,0
1894657,0
1894672,0
1894676,0
1894993,0
1895032,0
1895052,0
1895216,0
1895274,0
1895507,0
1895646,0
1895803,0
1895915,0
1895919,0
1896017,0
1896262,0
1896329,0
1896459,0
1896473,0
1896510,0
1896561,0
1896686,0
1896691,0
1896715,0
1896757,0
1897135,0
1897205,0
1897310,0
1897359,0
1897409,0
1897466,0
1897496,0
1897528,0
1897529,0
1897665,0
1897715,0
1897717,0
1898047,1
1898112,0
1898128,0
1898132,0
1898138,0
1898222,0
1898235,0
1898245,0
1898339,0
1898529,0
1898736,0
1898768,0
1898793,0
1898936,0
1898963,0
1899010,0
1899174,0
1899179,0
1899426,0
1899428,0
1899545,0
1899706,0
1899758,0
1899898,0
1900029,0
1900204,0
1900240,0
1900294,0
1900733,0
1900781,0
1900799,0
1900877,0
1900891,0
1901045,0
1901169,0
1901187,0
1901244,0
1901371,0
1901405,0
1901487,0
1901508,0
1901522,0
1901702,0
1901810,0
1901894,0
1901909,0
1901984,0
1902092,0
1902449,0
1902568,0
1902664,0
1902749,0
1902838,0
1903065,0
1903151,0
1903164,0
1903178,0
1903259,0
1903324,0
1903334,0
1903442,0
1903498,0
1903633,0
1903691,0
1903717,0
1903776,0
1903837,0
1903866,0
1903931,0
1903964,0
1904088,0
1904195,0
1904382,0
1904467,0
1904569,0
1904673,0
1904812,0
1905214,0
1905527,0
1905949,0
1906153,0
1906157,0
1906411,0
1906545,0
1906592,0
1906704,0
1906753,0
1906896,0
1907015,0
1907354,0
1907759,0
1907799,0
1907832,0
1908051,0
1908203,0
1908213,0
1908343,0
1908551,0
1908740,0
1908913,0
1908992,0
1909007,0
1909019,0
1909086,0
1909091,0
1909100,0
1909239,0
1909437,0
1909460,0
1909543,0
1909808,0
1909942,0
1910058,0
1910130,0
1910221,0
1910287,0
1910361,0
1910405,0
1910471,0
1910532,0
1910625,0
1910632,0
1910689,0
1910910,0
1910992,0
1910996,0
1911255,0
1911571,0
1912200,0
1912630,0
1912759,0
1912790,0
1912867,0
1912873,0
1912874,0
1912984,0
1913027,0
1913043,0
1913128,0
1913556,0
1913749,0
1913769,0
1913773,0
1913811,0
1913847,0
1913862,0
1913928,0
1914634,1
1914654,0
1914969,0
1914993,0
1915030,0
1915164,0
1915455,0
1915482,0
1915769,0
1915785,0
1915850,0
1916139,1
1916306,0
1916394,0
1916403,0
1916578,0
1916588,0
1917043,0
1917054,1
1917095,0
1917195,0
1917232,0
1917404,0
1917647,0
1917824,0
1917926,0
1918007,0
1918146,0
1918238,0
1918359,1
1918373,0
1918530,0
1918537,0
1918570,0
1918836,0
1918994,0
1919098,0
1919233,0
1919274,0
1919377,1
1919602,0
1919881,0
1920312,0
1920423,0
1920743,0
1920791,0
1921033,0
1921189,0
1921241,0
1921447,0
1921904,0
1921994,0
1922158,0
1922218,0
1922238,0
1922340,0
1922461,0
1922506,0
1922533,1
1922702,0
1923027,0
1923133,0
1923259,0
1923312,0
1923442,0
1923528,0
1924022,0
1924105,0
1924558,0
1924658,0
1924732,0
1924746,0
1925054,0
1925180,0
1925326,0
1925357,0
1925490,0
1925562,0
1925696,0
1925814,0
1925906,0
1926093,0
1926127,0
1926530,1
1926836,0
1927309,0
1927535,0
1927663,0
1927668,0
1927772,0
1927980,0
1928146,0
1928551,0
1928722,0
1928790,0
1928955,0
1928983,0
1929145,0
1929386,0
1930127,0
1930173,0
1930208,0
1930738,0
1930755,0
1931003,0
1931125,0
1931280,0
1931359,0
1931489,0
1931587,0
1931608,0
1931827,0
1931845,0
1932110,0
1932177,0
1932452,0
1932514,0
1932675,0
1932714,0
1932997,0
1933098,0
1933139,0
1933443,0
1933888,0
1933986,0
1934096,0
1934111,0
1934289,0
1934291,0
1934454,0
1934774,0
1935196,0
1935411,0
1935477,0
1935559,0
1935727,0
1935774,0
1935906,0
1935938,0
1935956,0
1936163,0
1936174,0
1936242,0
1936365,0
1936443,0
1936577,0
1936947,0
1937221,0
1937340,0
1937503,0
1937647,0
1937785,0
1937793,0
1937814,0
1937835,0
1937836,0
1937999,0
1938220,0
1938254,0
1938355,0
1938528,0
1938581,0
1938634,0
1938803,0
1938820,0
1939083,0
1939105,0
1939121,0
1939152,0
1939307,0
1939419,0
1939527,0
1939559,0
1939614,1
1939657,0
1939686,0
1939714,0
1939760,0
1939865,0
1939933,0
1940008,0
1940232,0
1940255,0
1940343,0
1940461,0
1940541,0
1940550,0
1940639,0
1940658,0
1940813,0
1940875,0
1940933,0
1941003,0
1941086,0
1941176,0
1941196,0
1941242,0
1941266,0
1941590,0
1941637,0
1941740,0
1941807,0
1941916,0
1942023,0
1942034,0
1942116,0
1942147,0
1942366,0
1942738,0
1943366,0
1943454,0
1943491,0
1943836,0
1943993,0
1944434,0
1944697,0
1944762,0
1945371,0
1945568,0
1945716,0
1945719,0
1945754,0
1945837,0
1945913,0
1946092,0
1946179,0
1946313,0
1946470,0
1946540,0
1946623,0
1946639,0
1946687,0
1947278,0
1947331,0
1947688,0
1947876,0
1947918,0
1948248,0
1948434,0
1948446,0
1948657,0
1949198,0
1950052,0
1950164,0
1950184,0
1950353,0
1950481,0
1950686,0
1950691,0
1950808,0
1950816,0
1950878,0
1951010,0
1951095,0
1951218,0
1951246,0
1951275,0
1951496,0
1951862,0
1952065,0
1952771,0
1953099,0
1953120,0
1953178,0
1953242,0
1953350,0
1953430,0
1953727,0
1953809,0
1954006,0
1954060,0
1954476,0
1954518,0
1954859,0
1954906,0
1955432,0
1955616,0
1955664,0
1956214,0
1956897,0
1957027,0
1957105,0
1957240,0
1957430,0
1957494,0
1957885,0
1958549,0
1958727,0
1958879,0
1958884,0
1959051,0
1959058,0
1959118,1
1959477,0
1959515,0
1959685,0
1959956,0
1960036,0
1960673,0
1960740,0
1960921,0
1960925,0
1961075,0
1961088,0
1961249,0
1961587,0
1961590,0
1961865,1
1961870,0
1961995,0
1962107,0
1962284,0
1962327,0
1962334,0
1962460,0
1962697,0
1962782,0
1963437,0
1963461,0
1963729,0
1963904,0
1963919,0
1964199,1
1964295,0
1964494,0
1964712,0
1964991,0
1965540,0
1965594,1
1966338,0
1966745,0
1967048,0
1967340,0
1967409,0
1967419,0
1968180,0
1968314,0
1968380,0
1968578,0
1968646,0
1968815,0
1968883,0
1969589,0
1969597,0
1969824,0
1970066,0
1970072,0
1970138,0
1970438,0
1970973,0
1970994,0
1971035,0
1971433,0
1971752,0
1972562,0
1972772,0
1972840,0
1972889,0
1972899,0
1972993,0
1973553,0
1973663,0
1973971,0
1974131,0
1974443,0
1974516,0
1974543,0
1974571,0
1974923,0
1975140,0
1975175,0
1975407,0
1976052,0
1976271,0
1976620,0
1977029,0
1977253,0
1977740,0
1977848,0
1977851,0
1977864,0
1977984,0
1978037,0
1978210,0
1979340,0
1979362,1
1979661,0
1979874,0
1980348,0
1980398,0
1980423,0
1980433,0
1980741,0
1980823,0
1981174,0
1981438,0
1981599,0
1981653,0
1981774,0
1981948,0
1982331,0
1982434,0
1982553,0
1983265,0
1983483,0
1983808,0
1983943,0
1984025,0
1984028,0
1984137,0
1984297,0
1984304,0
1985406,0
1986152,0
1986296,0
1986408,0
1986558,0
1986595,0
1986658,0
1986689,0
1986765,0
1986924,1
1988255,0
1988334,0
1988439,0
1988451,0
1988458,0
1988593,0
1988627,0
1988696,0
1989257,0
1989587,0
1989675,0
1989843,0
1990049,0
1990115,0
1990175,0
1990372,0
1990870,0
1990977,0
1991501,0
1991556,0
1991642,0
1991815,0
1991965,0
1992287,0
1992310,0
1992660,0
1993024,0
1993030,0
1993248,0
1993379,0
1993387,0
1993546,0
1993595,0
1994049,0
1994111,0
1994512,0
1994582,0
1994626,0
1994751,1
1995037,0
1995236,0
1995324,0
1995330,0
1995817,0
1996110,0
1996214,0
1996253,0
1996722,0
1996971,0
1997005,0
1997022,0
1997152,0
1997172,0
1997434,0
1997681,0
1997809,0
1998019,0
1998187,0
1998771,0
1998794,0
1999327,0
1999850,0
1999945,0
2000320,0
2000348,0
2000502,0
2000522,0
2000548,0
2000728,0
2001095,0
2001191,0
2001529,0
2001660,0
2001684,0
2001685,0
2001794,0
2001812,0
2001846,0
2001947,0
2002003,0
2002108,0
2002122,0
2002124,0
2002135,0
2002465,0
2002480,0
2003080,0
2003146,0
2003342,0
2003361,0
2003377,0
2003815,0
2003933,0
2004034,0
2004208,0
2004444,0
2004583,0
2004908,0
2004938,0
2005208,0
2005262,0
2005423,0
2005594,0
2005738,0
2005829,0
2006225,0
2006361,0
2006737,0
2006955,0
2007160,0
2007342,0
2007770,0
2007820,0
2008018,0
2008379,0
2008383,0
2008421,0
2008656,0
2008726,0
2008837,0
2008961,0
2009116,0
2009310,0
2009451,0
2009545,0
2009758,0
2009924,0
2009960,0
2010024,0
2010407,0
2010514,0
2010522,0
2010544,0
2010794,0
2010949,0
2011302,0
2011318,0
2011572,0
2011580,0
2011644,0
2011722,0
2011785,0
2011947,0
2012235,0
2012389,0
2012496,0
2012534,0
2012596,0
2012851,0
2012961,0
2013060,0
2013236,0
2013480,0
2013523,0
2013556,0
2013849,1
2013873,0
2014035,0
2014046,0
2014047,0
2014101,0
2014292,0
2014373,0
2014437,0
2014518,0
2014593,0
2014800,0
2014987,0
2015045,0
2015162,0
2015557,0
2015575,0
2015735,0
2015895,0
2015971,0
2016041,0
2016220,0
2016299,0
2016303,0
2016339,0
2016599,0
2016889,0
2017135,0
2017183,0
2017264,0
2017349,0
2017423,0
2017936,0
2018236,0
2018284,0
2018905,0
2018910,0
2018968,0
2019243,0
2019316,0
2019357,1
2019646,0
2020064,0
2020305,0
2020360,0
2020369,0
2020579,0
2020740,0
2020744,0
2020790,0
2021263,0
2021431,0
2021465,0
2021524,0
2021608,0
2021623,0
2021681,0
2021737,0
2021884,0
2022230,0
2023050,0
2023167,0
2023231,0
2023306,0
2023450,0
2024301,0
2024379,0
2024489,0
2024576,0
2024660,0
2025156,0
2025504,0
2025600,0
2025626,0
2025736,0
2025813,0
2026452,0
2026574,0
2027119,0
2027387,0
2027411,0
2027664,0
2027684,0
2027747,0
2027907,0
2028349,0
2028479,0
2028585,0
2028863,0
2029125,0
2029556,1
2030053,0
2030084,0
2030149,0
2030178,0
2030196,0
2030216,0
2030655,0
2030671,0
2030713,0
2030803,0
2031484,0
2031662,0
2031803,0
2031870,0
2031905,0
2031947,0
2032399,0
2032453,0
2032714,0
2033108,0
2033122,0
2033124,0
2033837,0
2033898,0
2033966,0
2033994,0
2034000,0
2034131,0
2034223,0
2034294,0
2034724,0
2034745,0
2034796,0
2034946,0
2034975,0
2035020,0
2035025,0
2035933,0
2036227,0
2036245,0
2036368,0
2036566,0
2036586,0
2036604,0
2037090,0
2037197,0
2037312,0
2037691,0
2037938,0
2038013,0
2038259,0
2038398,0
2038430,0
2038578,0
2038746,0
2038890,0
2038909,0
2038973,0
2039111,0
2039183,0
2039240,0
2039329,0
2039444,0
2039577,0
2040128,0
2040347,0
2040390,0
2040594,0
2040600,0
2040675,0
2040693,0
2041058,0
2041331,0
2041640,0
2041699,0
2041902,0
2042046,0
2042363,0
2042448,0
2042497,0
2042618,0
2042628,0
2042797,0
2042983,0
2043181,0
2043271,0
2043643,0
2043662,0
2043694,0
2043791,0
2043818,0
2044032,0
2044038,0
2044307,0
2044486,0
2044505,0
2044709,0
2044780,0
2044877,0
2044934,0
2045073,0
2045407,0
2045443,0
2046070,0
2046297,0
2046299,0
2046634,0
2046731,0
2046905,0
2046910,0
2047450,0
2047655,0
2047747,0
2047806,0
2048072,0
2048099,0
2048229,0
2048383,0
2048398,0
2048407,0
2048603,0
2048692,0
2048888,0
2049096,0
2049736,0
2049789,0
2050206,0
2050329,0
2050774,0
2050896,0
2050974,0
2051082,0
2051142,0
2051323,0
2051378,0
2051486,0
2051729,0
2052057,0
2052906,0
2053000,0
2053538,0
2053686,0
2053911,0
2053975,0
2054321,0
2054540,0
2054855,0
2054967,0
2054973,0
2055014,0
2055395,0
2055727,0
2055779,0
2057236,0
2057903,0
2057927,0
2058798,0
2058978,0
2059008,0
2059143,0
2059280,0
2059586,0
2059774,0
2060023,0
2060186,0
2060548,0
2060670,0
2060941,0
2061181,0
2061209,0
2061923,0
2062070,0
2062339,0
2062843,0
2063220,0
2064331,0
2064902,0
2064945,0
2065417,0
2065583,0
2065703,0
2065708,0
2065784,0
2065807,0
2066013,0
2066319,0
2066403,0
2066619,0
2066679,0
2066728,0
2066930,0
2067313,0
2067398,0
2067433,0
2067546,0
2067552,0
2068007,0
2068095,0
2068160,0
2068328,0
2068870,0
2068981,0
2068985,0
2069131,0
2069326,0
2069549,1
2069553,1
2069721,0
2069809,0
2069896,0
2070292,0
2070464,0
2070791,0
2071214,0
2071304,0
2071423,0
2072241,0
2072357,0
2073481,0
2073494,0
2073526,0
2073588,0
2073610,0
2073698,0
2073722,0
2074328,0
2074342,0
2074759,0
2074940,0
2075226,0
2075263,0
2075406,0
2075592,0
2075595,0
2075721,0
2076017,0
2076229,0
2076308,0
2076326,0
2076349,0
2076573,0
2076981,0
2077898,0
2078407,1
2078529,0
2079093,0
2079108,0
2079388,0
2079422,0
2079467,0
2079631,0
2079642,1
2079735,0
2079879,0
2080168,0
2080179,0
2080228,0
2080359,0
2080566,0
2080710,0
2081207,0
2081261,0
2081364,0
2081735,0
2081912,0
2082246,0
2082304,0
2082582,0
2082853,0
2083700,0
2083897,0
2084437,0
2084880,0
2084957,0
2085054,0
2086118,0
2086144,0
2086147,0
2086208,0
2086450,0
2086592,0
2086614,0
2086718,0
2086887,0
2086939,0
2087763,0
2087988,0
2088345,0
2088433,0
2088619,0
2088939,0
2089253,0
2089278,0
2089433,0
2090204,0
2090349,0
2090375,0
2090393,0
2090636,0
2091061,0
2091694,0
2091911,0
2092265,0
2092295,0
2092497,0
2092671,0
2092829,0
2092902,0
2092914,0
2093223,0
2093230,0
2093254,0
2093406,0
2093695,0
2093884,0
2094045,0
2094309,1
2094518,0
2094764,0
2094984,0
2095019,0
2095150,0
2095400,0
2096007,0
2096295,0
2097090,0
2097826,0
2097833,0
2097860,0
2097940,0
2098000,0
2098195,0
2098215,0
2098227,0
2098529,0
2098674,0
2098709,0
2099348,0
2099423,0
2099434,0
2099647,0
2099818,0
2100297,0
2100517,0
2100864,0
2101238,0
2101298,0
2101318,0
2101321,0
2101387,0
2101448,0
2101548,0
2101969,0
2102019,0
2102053,0
2102349,0
2102410,0
2102459,0
2102751,0
2103199,0
2103405,0
2103413,0
2103416,0
2103665,0
2103868,0
2104097,0
2104100,0
2104171,0
2104553,0
2104623,0
2104650,0
2104773,0
2104970,0
2105837,0
2106077,0
2106236,0
2106437,0
2106453,0
2107399,0
2107406,0
2107511,0
2107516,0
2107775,0
2107925,0
2107950,0
2108408,0
2108663,0
2108810,0
2109214,0
2109280,0
2109283,0
2109386,0
2109501,0
2109502,0
2109698,0
2109712,0
2110183,0
2110219,0
2110360,0
2110393,0
2110544,0
2110690,0
2110801,0
2110832,0
2110844,0
2110902,0
2110923,0
2111058,0
2111091,0
2111371,0
2111478,0
2111559,0
2111583,0
2111992,0
2112085,0
2112091,0
2112138,0
2112185,0
2112667,0
2112873,0
2112985,0
2112994,0
2113358,0
2113397,0
2113434,0
2113453,0
2113649,0
2113671,0
2113680,0
2113835,0
2114080,0
2114259,0
2114285,0
2114509,1
2114584,0
2114818,0
2115150,0
2115389,0
2115510,0
2115622,0
2115798,0
2116069,0
2116090,0
2116110,0
2116285,0
2116693,0
2116694,0
2116712,0
2116833,0
2116946,0
2116949,0
2117066,0
2117193,0
2117255,0
2117369,0
2117401,0
2117422,0
2117522,0
2117919,0
2118196,0
2118224,0
2118319,0
2118367,0
2118599,0
2118614,0
2118629,0
2118644,0
2118654,0
2118777,0
2118802,0
2119153,0
2119183,0
2119251,0
2119512,0
2119667,0
2119896,0
2120005,0
2120116,1
2120254,0
2120472,0
2120659,1
2120661,0
2120793,0
2120839,0
2120847,0
2121003,0
2121100,0
2121434,0
2121446,0
2121518,0
2121730,0
2121754,0
2121797,0
2121815,0
2121952,0
2121980,0
2122021,0
2122080,0
2122210,0
2122232,0
2122671,0
2123278,0
2123290,0
2123517,0
2123660,0
2123807,0
2124077,0
2124116,0
2124119,0
2124177,0
2124349,0
2124391,0
2124415,0
2124566,0
2124567,0
2124858,0
2124961,0
2125001,0
2125123,0
2125127,0
2125316,0
2125439,0
2125531,0
2125717,1
2125845,0
2125886,0
2126014,0
2126027,0
2126140,0
2126311,0
2126430,0
2126557,0
2126648,0
2126967,0
2127094,0
2127185,0
2127211,0
2127297,0
2127315,0
2127337,0
2127367,0
2127425,0
2127715,0
2127759,0
2127827,0
2127858,0
2127952,0
2128078,0
2128228,0
2128291,0
2128294,0
2128609,0
2128646,0
2128780,0
2128906,0
2129073,0
2129184,0
2129271,0
2129318,0
2129470,0
2129902,0
2129924,0
2130022,0
2130095,0
2130225,0
2130268,0
2130470,0
2130572,0
2130637,0
2130704,0
2130744,0
2131160,0
2131207,0
2131253,0
2131354,0
2131462,0
2131511,0
2131779,0
2131941,0
2132258,0
2132269,0
2132698,0
2132758,0
2132773,0
2132837,0
2132919,0
2133110,0
2133809,0
2133832,0
2133836,0
2134051,0
2134223,0
2134224,0
2134283,0
2134294,0
2134554,0
2134919,0
2135031,0
2135122,0
2135272,0
2135397,0
2135477,0
2135523,0
2135656,0
2135697,0
2135733,0
2135778,0
2135830,0
2135832,0
2135957,0
2135966,0
2136056,0
2136101,0
2136201,0
2136294,0
2136602,0
2136654,0
2136689,0
2136718,0
2137090,0
2137147,0
2137266,0
2137378,0
2137496,0
2137647,0
2137718,0
2137872,0
2137981,0
2137988,0
2137994,0
2138228,0
2138268,1
2138454,0
2138464,0
2138561,0
2138573,0
2138738,0
2138785,0
2138793,0
2138957,0
2139452,0
2139483,0
2139537,0
2139769,0
2139774,0
2140134,0
2140151,0
2140156,0
2140437,0
2140558,0
2140641,0
2140738,0
2140874,0
2141011,0
2141109,0
2141304,0
2141500,0
2141622,0
2141725,0
2141736,0
2141753,0
2141801,0
2141817,1
2141846,0
2141849,0
2142193,0
2142270,0
2142283,0
2142416,0
2142435,0
2142598,0
2142689,0
2142711,0
2142816,0
2142970,0
2143255,0
2143448,0
2143491,0
2143855,0
2143946,0
2144006,0
2144213,0
2144469,0
2144514,0
2144570,0
2144671,0
2144731,0
2144841,0
2144854,0
2145084,0
2145239,0
2145312,0
2145396,0
2145580,0
2145651,0
2145781,0
2146089,0
2146132,0
2146377,0
2146601,0
2147140,0
2147253,1
2147410,0
2147500,0
2147605,0
2147614,0
2147637,0
2147775,0
2148088,0
2148190,0
2148420,0
2148510,0
2148622,0
2148663,0
2148804,0
2148981,0
2149184,0
2149311,0
2149665,0
2149758,0
2149904,0
2149995,0
2150143,0
2150185,0
2150265,0
2150424,0
2150907,0
2151048,0
2151053,0
2151071,0
2151583,0
2151592,0
2151736,0
2151793,0
2151852,1
2152077,0
2152082,0
2152101,0
2152307,0
2152425,0
2152428,0
2152689,0
2152957,0
2152967,0
2153042,0
2153274,0
2153418,0
2153640,0
2153742,0
2153837,0
2153880,0
2154223,0
2154258,0
2154355,0
2154458,0
2154486,0
2154507,0
2154754,0
2154817,0
2154840,0
2154923,0
2154992,0
2155117,0
2155131,0
2155234,1
2155577,0
2155782,0
2156024,0
2156248,0
2156344,0
2156356,1
2156400,0
2156403,0
2156516,0
2156529,0
2156531,0
2156646,0
2156670,0
2156783,0
2156825,0
2156877,0
2156929,0
2157009,0
2157106,0
2157272,0
2157500,0
2157529,0
2157610,0
2157635,0
2157717,0
2157801,0
2157900,0
2158086,0
2158105,0
2158106,0
2158414,0
2158440,0
2158460,0
2158483,0
2158564,0
2158819,0
2158878,0
2158985,0
2159000,0
2159169,0
2159171,0
2159180,0
2159256,0
2159402,0
2159415,0
2159553,0
2159568,0
2159707,0
2159749,0
2159771,0
2159861,0
2159990,0
2160151,0
2160379,0
2160664,0
2160936,0
2160953,0
2161064,0
2161080,0
2161209,0
2161262,0
2161536,0
2161594,0
2161757,0
2161866,0
2161935,0
2161961,0
2162129,0
2162279,0
2162314,0
2162420,0
2162661,0
2163030,0
2163070,0
2163071,0
2163110,0
2163303,0
2163345,0
2163590,0
2164006,0
2164122,0
2164673,0
2164735,0
2164808,0
2164850,0
2164876,0
2165003,0
2165332,0
2165334,0
2165597,0
2165626,0
2165648,0
2165691,0
2165835,0
2165841,0
2165871,0
2166007,0
2166301,0
2166369,0
2166371,0
2166480,0
2166563,0
2166593,0
2166683,0
2166882,0
2166927,0
2167452,0
2167561,0
2167711,0
2167878,0
2167923,0
2167958,0
2168261,0
2168293,0
2168309,0
2168643,0
2168680,0
2168969,0
2168971,0
2169256,0
2169302,0
2169313,0
2169696,0
2170063,0
2170070,0
2170436,0
2170459,0
2170649,0
2170946,0
2171263,0
2171371,0
2171379,0
2171404,0
2171441,0
2171809,0
2171814,0
2172232,0
2172247,0
2172274,0
2172451,0
2172498,0
2172544,0
2172918,0
2173132,0
2173165,0
2173272,0
2173408,0
2173581,0
2173661,0
2173990,0
2174108,0
2174117,0
2174174,0
2174189,0
2174250,0
2174332,0
2174443,0
2174643,0
2174826,0
2174893,0
2175234,0
2175262,0
2175487,0
2175593,0
2175660,0
2175715,0
2175782,0
2175810,0
2175815,0
2175903,0
2175961,0
2176431,0
2176499,0
2176506,0
2176725,0
2177104,0
2177187,0
2177412,0
2177446,0
2177509,0
2177525,0
2177569,0
2177878,0
2177901,0
2178133,0
2178219,0
2178443,0
2178509,0
2178518,0
2178882,0
2178987,0
2179154,0
2179632,0
2179644,0
2179647,0
2179968,0
2180069,0
2180125,0
2180167,0
2180332,0
2180351,0
2180356,0
2180400,0
2180776,0
2180874,0
2181077,0
2181098,0
2181162,0
2181238,0
2181360,0
2181581,0
2181663,0
2181705,0
2181778,0
2181795,0
2181911,0
2182024,0
2182069,0
2182168,0
2182612,0
2182880,0
2183495,0
2183539,0
2183625,0
2183812,0
2184118,0
2184173,0
2184293,0
2184348,0
2184639,0
2184729,0
2184968,0
2185046,0
2185053,0
2185374,0
2185675,0
2185718,0
2185824,0
2185832,0
2186052,0
2186297,0
2186310,0
2186618,0
2186843,0
2186918,0
2187224,0
2187350,0
2187406,0
2187648,0
2187843,0
2187900,0
2188024,0
2188241,0
2188320,0
2188391,0
2188537,0
2188599,0
2188631,0
2188637,0
2188777,0
2188782,0
2188826,0
2189156,0
2189189,0
2189456,0
2189845,0
2189909,0
2190009,0
2190109,0
2190157,0
2190227,0
2190241,0
2190351,0
2190493,0
2190505,0
2190541,0
2190629,0
2190748,0
2191030,0
2191035,0
2191053,0
2191076,0
2191217,1
2191314,0
2191345,0
2191508,0
2191585,0
2191810,0
2191875,0
2191886,0
2192492,0
2192506,0
2192527,0
2192673,0
2192749,0
2192800,0
2192848,0
2192933,0
2192953,0
2193987,0
2194129,0
2194142,0
2194226,0
2194317,0
2194449,0
2194785,0
2194850,0
2195004,0
2195301,0
2195866,0
2196003,0
2196073,0
2196339,0
2196388,0
2196418,0
2196810,0
2196870,0
2197201,0
2197502,0
2197721,0
2197827,0
2197901,0
2198186,0
2198207,0
2198666,0
2198737,0
2198859,0
2199258,0
2199308,0
2199354,0
2199389,0
2199486,1
2199669,0
2199790,0
2199971,0
2200182,0
2200422,0
2200576,0
2200611,0
2200645,0
2200656,0
2200785,0
2200828,0
2201106,0
2201169,0
2201280,0
2201551,0
2201661,0
2201849,0
2201998,0
2202012,0
2202138,0
2202417,0
2202515,0
2202552,0
2202721,0
2202865,0
2203010,0
2203141,0
2203157,0
2203274,0
2203537,0
2203698,0
2203798,0
2203989,0
2204221,0
2204559,0
2204718,0
2204997,0
2205031,0
2205112,0
2205571,0
2205730,0
2205846,0
2206090,0
2206235,0
2206262,0
2206598,0
2206650,0
2206680,0
2206777,0
2206975,0
2207176,0
2207309,0
2207578,0
2207761,0
2207842,0
2207896,0
2207985,0
2208292,0
2208674,0
2208881,0
2209346,0
2209380,0
2209674,0
2209863,0
2210003,0
2210112,0
2210137,0
2210318,0
2210419,0
2210955,0
2211037,0
2211395,0
2211661,0
2211676,0
2211773,0
2212059,0
2212238,0
2212317,0
2212338,0
2212406,0
2212900,0
2213122,0
2213220,0
2213521,0
2213541,0
2213590,0
2213695,0
2213724,0
2213783,0
2214133,0
2214195,0
2214576,0
2214594,0
2215204,0
2215444,0
2215550,0
2215702,0
2215705,0
2215799,0
2215821,0
2215899,0
2216248,0
2216443,0
2216460,0
2216813,1
2216964,0
2217084,0
2217121,0
2217511,0
2217890,0
2218210,0
2218499,0
2218691,0
2218825,0
2218895,0
2218977,0
2219068,0
2219085,0
2219269,0
2219300,0
2219705,0
2219989,0
2220020,0
2220104,0
2220130,0
2220206,0
2220358,0
2220398,0
2220519,0
2220842,0
2221047,0
2221088,0
2221090,0
2221125,0
2221170,0
2221207,0
2221359,0
2221421,0
2221426,0
2221688,0
2221894,0
2221908,0
2221929,0
2222000,0
2222138,0
2222303,0
2222653,0
2222845,0
2223014,0
2223019,0
2223186,0
2223416,0
2223477,0
2223544,0
2223628,0
2223751,0
2223779,0
2224019,0
2224162,0
2224164,0
2224196,0
2224421,0
2224489,0
2224603,0
2224941,0
2224957,0
2225042,0
2225306,0
2225308,0
2225521,0
2225539,0
2225614,0
2225732,0
2226013,0
2226050,0
2226318,0
2226616,0
2226701,0
2226808,0
2226992,0
2227272,0
2227433,0
2227440,0
2228148,0
2228572,1
2228577,0
2228656,0
2228735,0
2228836,0
2228962,0
2228963,0
2229063,0
2229125,0
2229187,0
2229304,0
2229467,0
2229469,0
2230102,0
2230279,0
2230426,0
2230821,0
2230963,0
2231353,0
2231457,0
2231501,0
2231687,0
2231709,0
2231743,0
2232063,0
2232182,0
2232272,0
2232335,0
2232413,0
2232434,0
2232517,0
2232559,0
2232597,0
2232616,1
2232741,0
2232871,0
2232959,0
2232963,0
2232984,0
2233063,0
2233072,0
2233104,0
2233106,0
2233198,0
2233223,0
2233269,0
2233536,0
2233642,0
2233648,0
2233700,0
2233729,0
2233869,0
2233923,0
2233991,0
2234325,0
2234689,0
2234751,0
2234920,0
2235012,0
2235260,0
2235370,0
2235396,0
2235457,0
2235488,0
2235591,0
2235758,0
2235920,0
2236136,0
2236209,0
2236365,0
2236389,1
2236666,0
2236733,0
2236876,0
2236997,0
2237087,0
2237119,0
2237315,0
2237355,0
2237378,0
2237433,0
2237817,0
2237908,0
2237912,0
2238008,0
2238041,0
2238470,0
2238495,0
2238537,0
2238546,0
2238620,0
2238954,0
2239114,0
2239145,0
2239199,0
2239291,0
2239354,0
2239528,0
2239563,0
2239674,0
2239815,0
2239908,0
2239963,0
2240198,0
2240228,0
2240330,0
2240732,0
2240845,0
2240872,0
2240882,0
2240931,0
2240975,0
2241053,0
2241163,0
2241173,0
2241188,0
2241212,0
2241213,0
2241464,0
2241525,0
2241551,0
2241673,0
2241783,0
2241790,0
2241813,0
2241908,0
2242093,0
2242094,0
2242116,0
2242240,0
2242328,0
2242342,0
2242878,0
2242923,0
2242943,0
2243024,0
2243176,0
2243220,0
2243333,0
2243620,0
2243925,0
2243936,0
2243944,0
2244069,0
2244110,0
2244222,0
2244331,0
2244732,0
2244752,0
2245056,0
2245097,0
2245150,0
2245188,0
2245256,0
2245345,0
2245482,0
2245508,0
2245555,0
2245843,0
2245878,0
2245888,0
2246004,0
2246009,0
2246130,0
2246139,0
2246158,0
2246278,0
2246286,0
2246292,0
2246460,0
2246608,0
2246940,0
2246963,0
2247005,0
2247048,0
2247088,0
2247152,0
2247346,0
2247350,0
2247364,0
2247467,0
2247489,0
2247533,0
2247781,0
2247962,0
2248029,0
2248124,0
2248139,0
2248218,0
2248387,0
2248479,0
2248552,0
2248577,0
2248620,0
2248626,0
2248659,0
2248667,0
2248674,0
2248678,0
2248938,0
2249188,0
2249267,0
2249371,0
2249509,0
2249576,0
2249670,0
2250046,0
2250186,0
2250230,0
2250237,0
2250239,0
2250369,0
2250476,0
2250491,0
2250546,0
2251011,0
2251103,0
2251267,0
2251717,1
2251833,0
2251940,0
2252025,0
2252112,0
2252235,0
2252250,0
2252257,0
2252293,0
2252342,0
2252357,0
2252549,0
2252675,0
2253099,0
2253392,0
2253439,0
2253610,0
2253782,0
2254023,0
2254660,0
2254735,0
2254752,0
2254926,0
2255151,0
2255181,0
2255234,0
2255341,0
2255371,0
2255444,0
2255566,0
2255622,0
2255677,0
2255697,0
2255762,0
2255770,0
2255775,0
2255791,0
2255794,0
2255810,0
2255838,0
2255858,0
2256001,0
2256188,0
2256241,0
2256430,0
2256463,0
2256959,0
2257024,0
2257062,0
2257140,0
2257148,0
2257557,0
2257661,0
2257676,0
2257847,0
2257942,0
2258257,0
2258388,0
2258398,0
2258462,0
2258464,0
2258529,0
2258547,0
2258550,1
2258602,0
2258618,0
2258659,0
2258705,0
2258729,0
2258844,0
2258866,0
2259079,0
2259170,0
2259199,0
2259257,0
2259483,0
2259552,1
2259649,0
2259745,0
2259940,0
2259950,0
2260059,0
2260114,0
2260129,0
2260173,0
2260441,0
2260493,0
2260684,0
2260721,0
2260937,0
2261104,0
2261177,0
2261363,0
2261442,0
2261639,0
2261831,0
2261991,0
2262080,0
2262246,0
2262468,0
2262516,0
2262519,0
2262575,0
2262607,0
2262743,0
2262867,0
2262909,0
2262920,0
2262993,0
2263049,0
2263159,0
2263197,0
2263261,0
2263318,0
2263361,0
2263453,0
2263562,0
2263779,0
2263815,0
2263899,0
2263974,0
2264081,0
2264086,0
2264189,0
2264347,0
2264350,0
2264385,0
2264709,0
2264719,0
2264773,0
2264822,0
2264855,0
2264915,0
2265048,0
2265053,0
2265170,0
2265234,0
2265452,0
2265531,0
2265642,0
2265651,0
2266251,0
2266307,0
2266348,0
2266405,0
2266620,0
2266805,0
2266886,0
2266917,0
2266934,0
2266999,0
2267103,0
2267226,0
2267281,0
2267340,0
2267409,0
2267431,0
2267520,0
2267716,0
2267768,0
2267830,0
2268338,0
2268416,0
2268437,0
2268506,0
2268508,0
2268595,0
2268815,0
2268881,0
2268984,0
2268991,0
2269040,0
2269467,0
2269536,0
2269544,0
2269631,0
2269877,0
2269987,0
2270034,0
2270082,0
2270111,0
2270366,0
2270448,0
2270480,0
2270737,0
2270742,0
2270883,0
2270911,0
2270968,0
2271085,0
2271122,0
2271212,0
2271215,0
2271265,0
2271344,0
2271444,1
2271567,0
2271598,0
2272002,0
2272166,0
2272192,0
2272355,0
2272379,0
2272529,0
2272544,0
2272594,0
2272640,0
2272788,0
2272964,0
2272978,0
2273044,0
2273149,0
2273185,0
2273327,0
2273328,0
2273436,0
2273942,0
2273961,0
2273963,0
2274077,0
2274092,0
2274224,0
2274240,0
2274271,0
2274446,0
2274943,0
2274949,0
2275006,0
2275114,0
2275155,0
2275238,0
2275295,0
2275300,0
2275488,0
2275491,0
2275526,0
2275887,0
2276117,0
2276141,0
2276190,0
2276395,0
2276623,0
2276634,0
2276659,0
2276689,0
2276724,0
2277027,0
2277031,0
2277164,0
2277179,0
2277220,1
2277524,0
2277533,0
2277591,0
2277825,0
2277970,0
2278123,0
2278420,0
2278437,0
2278499,0
2278585,0
2278643,0
2278742,0
2278773,0
2278846,0
2279029,0
2279121,0
2279326,0
2279474,0
2279552,0
2279565,0
2279796,0
2279842,0
2279881,0
2279911,0
2280063,0
2280073,0
2280096,0
2280111,0
2280144,0
2280200,0
2280462,0
2280526,1
2280746,0
2280981,0
2281097,0
2281105,0
2281120,0
2281293,0
2281370,0
2281398,0
2281793,0
2281909,0
2282140,0
2282194,0
2282361,0
2282443,0
2282448,0
2282565,0
2282578,0
2282706,0
2282723,0
2282813,0
2282817,0
2282957,0
2282991,0
2283010,0
2283057,0
2283258,0
2283460,0
2283752,0
2283765,0
2283809,0
2284122,0
2284357,0
2284462,0
2284483,0
2284813,0
2284870,0
2284882,0
2284914,0
2284936,0
2284981,0
2284999,0
2285258,0
2285385,0
2285416,0
2285443,0
2285447,0
2285498,0
2285698,0
2285790,0
2285872,0
2285989,0
2286015,0
2286067,0
2286120,0
2286227,0
2286242,0
2286586,0
2286602,0
2286611,0
2286938,0
2286953,0
2286983,0
2287218,0
2287260,0
2287321,0
2287330,0
2287374,0
2287509,0
2287521,0
2287538,0
2287552,0
2287582,0
2287751,0
2287833,0
2287902,0
2288316,0
2288400,0
2288417,0
2288470,0
2288482,0
2288581,0
2288642,0
2288804,0
2288971,0
2289304,0
2289344,0
2289473,0
2289499,0
2289906,0
2290006,0
2290014,0
2290206,0
2290285,0
2290597,0
2291079,0
2291086,0
2291482,0
2291806,0
2291900,0
2292237,0
2292330,0
2292544,0
2292667,0
2292696,0
2292775,0
2292776,0
2292910,0
2293240,0
2293489,0
2293649,0
2293711,0
2293892,0
2293979,0
2294014,0
2294090,0
2294314,0
2294457,0
2294465,0
2294507,0
2294709,0
2295279,0
2295281,0
2295379,0
2295874,0
2296043,0
2296073,0
2296076,0
2296198,0
2296239,0
2296275,0
2296566,0
2296620,0
2297253,0
2297317,0
2297402,0
2297593,0
2297773,0
2297836,0
2297922,0
2297929,0
2297954,0
2297971,0
2298104,0
2298241,0
2298397,0
2298436,0
2298517,0
2298594,0
2298897,0
2298931,0
2299085,0
2299332,0
2299473,0
2299540,0
2299553,0
2299575,0
2299907,0
2300352,0
2300693,0
2300747,0
2300841,0
2301100,0
2301202,0
2301451,0
2301468,0
2301604,0
2301645,0
2302149,0
2302237,0
2302325,0
2302355,0
2302675,0
2303050,0
2303087,0
2303154,0
2303187,0
2303387,0
2303505,1
2303542,0
2303544,0
2303577,0
2303696,0
2303769,0
2303966,0
2304046,0
2304104,0
2304254,0
2304358,0
2304385,0
2304629,0
2304679,0
2304708,0
2304790,0
2304800,0
2304944,0
2304946,0
2304986,0
2305003,0
2305019,0
2305127,0
2305182,0
2305548,0
2305569,0
2305615,0
2305875,0
2305948,0
2305958,0
2305984,0
2306111,0
2306137,0
2306145,0
2306323,0
2306644,0
2306796,0
2306883,0
2307026,0
2307075,0
2307267,0
2307269,0
2307359,0
2307473,0
2307622,0
2307780,0
2307785,0
2307810,0
2307995,0
2308121,0
2308488,0
2308569,0
2308587,0
2308616,0
2308883,0
2308977,0
2309032,0
2309042,0
2309244,0
2309662,0
2309682,0
2309687,0
2309788,0
2310187,0
2310355,0
2310495,0
2310605,0
2310788,0
2310930,0
2310996,0
2311001,0
2311007,0
2311009,0
2311095,0
2311138,0
2311239,0
2311289,0
2311290,0
2311415,0
2311512,0
2311569,0
2311651,0
2311713,0
2311716,0
2311813,0
2311873,0
2311875,0
2312126,0
2312260,0
2312267,0
2312322,0
2312502,0
2312570,0
2312651,0
2312671,0
2312802,0
2312964,0
2312970,0
2313011,0
2313195,0
2313217,0
2313320,0
2313525,0
2313581,0
2313641,0
2313764,0
2313999,0
2314107,0
2314134,0
2314218,0
2314433,0
2314873,0
2315129,0
2315135,0
2315412,0
2315508,0
2315654,0
2315708,0
2315722,0
2316047,0
2316184,0
2316343,0
2316354,0
2316428,0
2316864,0
2316894,0
2316991,0
2317009,0
2317504,0
2317646,0
2317648,0
2317667,0
2317774,0
2317893,0
2318048,0
2318064,1
2318501,0
2318538,0
2318705,0
2318886,0
2318912,0
2318934,0
2319050,0
2319066,0
2319094,0
2319134,0
2319151,0
2319251,0
2319347,0
2319570,0
2319639,0
2319640,0
2319683,0
2319737,0
2319924,0
2320114,0
2320220,0
2320461,0
2320832,0
2320927,0
2321075,0
2321206,0
2321397,0
2321408,0
2321496,0
2321828,0
2322159,0
2322282,0
2322663,0
2322704,0
2322711,0
2322846,0
2322873,0
2322885,0
2323080,0
2323214,0
2323225,0
2323283,0
2323392,0
2323477,0
2323678,0
2323958,0
2324140,0
2324420,0
2324450,0
2324494,0
2324513,0
2324802,0
2324863,0
2324910,0
2325476,0
2325743,0
2325830,0
2325878,0
2325978,0
2326173,0
2326362,0
2326401,0
2326701,0
2326850,0
2326892,0
2326924,0
2327073,0
2327090,0
2327155,0
2327172,1
2327259,0
2327333,0
2327363,0
2327509,0
2327608,0
2327693,0
2327745,0
2327825,0
2327903,0
2328068,0
2328135,0
2328164,1
2328166,0
2328221,0
2328254,0
2328500,0
2328640,0
2328685,0
2328711,0
2328737,0
2328796,0
2328914,0
2329059,0
2329189,0
2329260,0
2329403,0
2329414,0
2329630,0
2329725,0
2329910,0
2330022,0
2330133,0
2330209,0
2330298,1
2330361,0
2330381,0
2330396,0
2330806,0
2330882,0
2331002,0
2331095,0
2331112,0
2331294,0
2331327,0
2331545,0
2331679,0
2331740,0
2331820,0
2331895,0
2331923,0
2332003,0
2332034,0
2332126,0
2332279,0
2332291,0
2332472,0
2332511,0
2332755,0
2332803,0
2332873,0
2332897,0
2332929,0
2332978,0
2333013,0
2333017,1
2333097,0
2333183,0
2333331,0
2333400,0
2333438,0
2333607,0
2333644,0
2333679,0
2333685,0
2333832,0
2334050,0
2334300,0
2334629,1
2334846,0
2334971,1
2335121,0
2335173,0
2335194,0
2335319,0
2335599,0
2335630,0
2335702,0
2335827,0
2335917,0
2335986,0
2336053,0
2336131,0
2336141,0
2336232,0
2336748,0
2336783,0
2336786,0
2336954,0
2337483,0
2337531,0
2337666,0
2337926,0
2337949,0
2338019,0
2338093,0
2338229,0
2338385,0
2338404,0
2338427,0
2338492,0
2338617,0
2338755,0
2339192,0
2339326,0
2339359,0
2339386,0
2339401,0
2339498,0
2339618,0
2339646,0
2339687,0
2339734,0
2339751,0
2339837,0
2339875,0
2340007,0
2340205,0
2340210,0
2340280,0
2340385,0
2340484,0
2340533,0
2340659,0
2340755,0
2341035,0
2341057,0
2341193,0
2341287,0
2341452,0
2341732,0
2341818,0
2342041,0
2342098,0
2342132,0
2342157,0
2342227,0
2342333,0
2342652,0
2342774,0
2343054,1
2343332,0
2343449,0
2343587,0
2343885,0
2344170,0
2344505,0
2344632,0
2344665,0
2344737,0
2344788,0
2344898,0
2345090,0
2345161,0
2345378,0
2345500,0
2345572,0
2345613,0
2345729,0
2345805,0
2346219,0
2346363,0
2346448,0
2346639,0
2346761,0
2346815,0
2346831,0
2347005,0
2347104,0
2347325,0
2347338,0
2347389,0
2347429,0
2347498,0
2347537,0
2347542,0
2347697,0
2347725,0
2347983,0
2348117,0
2348227,0
2348650,0
2348779,0
2348943,0
2348980,0
2349016,0
2349155,0
2349179,0
2349181,0
2349268,0
2349602,0
2349672,0
2349686,0
2350255,0
2350452,1
2350470,0
2350634,0
2350797,0
2350825,0
2351153,0
2351305,0
2351342,0
2351444,0
2351517,0
2351589,0
2352018,0
2352425,0
2352553,0
2352573,0
2352752,0
2352757,0
2352865,0
2353254,0
2353344,0
2353478,0
2353520,0
2353527,0
2353532,0
2353589,0
2353680,0
2353721,0
2353843,0
2353895,0
2354045,0
2354463,0
2354516,0
2354588,0
2354760,0
2355052,1
2355077,0
2355107,0
2355118,0
2355236,0
2355436,0
2356180,0
2356458,0
2356571,0
2356695,0
2356717,0
2356732,0
2356816,0
2356818,0
2356866,0
2356906,0
2356925,0
2357185,0
2357217,0
2357322,0
2357358,0
2357393,0
2357494,0
2357511,0
2357815,0
2358035,0
2358272,0
2358511,0
2358612,0
2358838,0
2358966,0
2358980,0
2359068,0
2359224,0
2359424,0
2359431,0
2359528,0
2359531,0
2359550,0
2359767,0
2360058,0
2360100,0
2360147,0
2360250,0
2360400,0
2360440,0
2360597,0
2360806,0
2360815,0
2360818,0
2360858,0
2360921,0
2360931,0
2361171,0
2361396,0
2361549,0
2361561,0
2361850,0
2362237,0
2362328,0
2362567,1
2362659,0
2362758,0
2362873,0
2363186,0
2363266,0
2363510,0
2364000,0
2364334,0
2364466,0
2364507,0
2364604,0
2364625,0
2364746,0
2365038,0
2365053,0
2365153,0
2365198,0
2365280,0
2365293,0
2365474,0
2365488,0
2365687,0
2365791,1
2365792,0
2365853,0
2365999,0
2366045,0
2366067,0
2366126,0
2366276,0
2366295,0
2366304,0
2366465,0
2366584,0
2366631,0
2366643,0
2366686,0
2366710,0
2366722,0
2366840,0
2366878,0
2366911,0
2366942,0
2366961,0
2367049,0
2367090,0
2367193,0
2367306,0
2367591,0
2367593,0
2367771,0
2367992,0
2368005,0
2368026,0
2368156,0
2368169,0
2368282,0
2368315,0
2368355,0
2369184,0
2369240,0
2369532,0
2369718,0
2370063,0
2370411,0
2370508,0
2370579,0
2370706,0
2370731,0
2371052,0
2371121,0
2371163,0
2371345,0
2371384,0
2371432,0
2371465,0
2371507,0
2371528,0
2371717,0
2371744,0
2371751,0
2371917,0
2371942,0
2371997,0
2372083,0
2372090,1
2372210,0
2372487,0
2372546,0
2372569,0
2372609,0
2372684,0
2372765,0
2372883,0
2372963,0
2373068,0
2373316,0
2373336,0
2373544,0
2373591,0
2373610,0
2373636,0
2373669,0
2373681,0
2373683,0
2373692,0
2373699,0
2373717,0
2373782,0
2374154,0
2374159,0
2374370,1
2374467,0
2374537,0
2374679,0
2374695,0
2374700,0
2374967,0
2374983,0
2374993,0
2375034,0
2375170,0
2375440,0
2375617,0
2375716,0
2375941,0
2376002,0
2376067,0
2376069,0
2376198,0
2376479,0
2376525,0
2376652,0
2376873,0
2376897,0
2377051,0
2377172,0
2377258,0
2377478,0
2377629,0
2377757,0
2378172,0
2378222,0
2378252,0
2378261,0
2378268,0
2378447,0
2378496,0
2378957,0
2379044,0
2379048,0
2379171,0
2379523,0
2379611,0
2379845,0
2380122,0
2380132,0
2380170,0
2380309,0
2380326,0
2380330,0
2380416,0
2380488,0
2380596,0
2380659,0
2380791,0
2380841,0
2380930,0
2381017,1
2381043,0
2381492,0
2381648,0
2381675,0
2381741,0
2381798,0
2381809,0
2381838,0
2381940,0
2382008,0
2382101,0
2382140,0
2382248,0
2382370,0
2382484,0
2382520,0
2382556,1
2382589,0
2382605,0
2382797,0
2382832,0
2382875,0
2382902,0
2382971,0
2383006,0
2383015,0
2383034,0
2383448,0
2383569,0
2383665,0
2383685,0
2384012,0
2384051,0
2384196,0
2384223,0
2384253,0
2384339,0
2384374,0
2384430,0
2384560,0
2384805,0
2384826,0
2384976,0
2385346,0
2385769,0
2385832,0
2385971,0
2386191,0
2386356,0
2386360,0
2386524,0
2386558,0
2386613,0
2386773,0
2387027,0
2387039,0
2387062,0
2387080,0
2387311,0
2387468,0
2387513,0
2387544,0
2387589,0
2387662,0
2387764,0
2387878,0
2387973,0
2388046,0
2388050,0
2388100,0
2388184,0
2388191,0
2388211,0
2388235,0
2388237,0
2388261,0
2388285,0
2388291,0
2388341,0
2388399,0
2388611,0
2388621,0
2388654,0
2388671,0
2388847,0
2388967,0
2388970,0
2389045,0
2389195,0
2389344,0
2389812,0
2389816,0
2389948,0
2390681,0
2390810,0
2390823,0
2390842,0
2390861,0
2390977,0
2391150,0
2391168,0
2391170,0
2391366,0
2391555,0
2391641,0
2391786,0
2391801,0
2391849,0
2391916,0
2392022,0
2392112,0
2392121,0
2392209,0
2392254,0
2392343,0
2392437,0
2392461,0
2392571,0
2392632,0
2392658,0
2392725,0
2392777,0
2392939,0
2392962,0
2393009,0
2393404,0
2393435,0
2393446,0
2393468,0
2393597,0
2393714,0
2394159,0
2394242,0
2394298,0
2394424,1
2394450,0
2394493,0
2394755,0
2394758,0
2395044,0
2395106,0
2395158,0
2395428,0
2395584,0
2395684,0
2395689,0
2395779,0
2396109,0
2396150,0
2396396,0
2396562,0
2396611,0
2396712,0
2396734,0
2396767,0
2396776,0
2396822,0
2396985,0
2396989,0
2397019,0
2397028,0
2397143,0
2397195,0
2397212,0
2397272,0
2397316,0
2397623,0
2397764,0
2397799,0
2397811,0
2398011,0
2398145,0
2398392,0
2398442,0
2398630,0
2398666,0
2398678,0
2398926,0
2399009,0
2399099,0
2399136,0
2399202,0
2399245,0
2399268,0
2399433,0
2399494,0
2399561,0
2399653,0
2399883,0
2400033,0
2400225,0
2400327,0
2400873,0
2400935,0
2400985,0
2401041,0
2401191,0
2401241,0
2401298,0
2401464,0
2401468,0
2401573,0
2401746,0
2401889,0
2402055,0
2402185,0
2402203,0
2402246,0
2402378,0
2402632,0
2402673,0
2402786,0
2403068,0
2403108,0
2403179,0
2403444,0
2403451,0
2403620,0
2403671,0
2403751,0
2403909,0
2404002,0
2404064,0
2404113,0
2404397,0
2404706,0
2404892,0
2405040,0
2405185,0
2405440,0
2405527,0
2405607,0
2405616,0
2405618,0
2405630,0
2405832,0
2405942,0
2406213,0
2406274,1
2406420,0
2406646,0
2406667,0
2406723,0
2406840,0
2406904,0
2406917,0
2406950,0
2406956,0
2407030,0
2407254,0
2407291,0
2407313,0
2407328,0
2407341,0
2407385,0
2407393,0
2407462,0
2407616,0
2407690,0
2407777,0
2407860,0
2407883,0
2407937,1
2407956,0
2408016,0
2408406,0
2408510,0
2408581,0
2408586,0
2408831,0
2409121,0
2409482,0
2409585,0
2409589,0
2409634,0
2409645,0
2409689,0
2409821,0
2409977,0
2409988,0
2410050,0
2410233,0
2410239,0
2410329,0
2410405,0
2410550,0
2410897,0
2410922,0
2410931,0
2411014,0
2411068,0
2411227,0
2411232,0
2411268,0
2411445,0
2411585,0
2411691,0
2411863,0
2411927,0
2412040,0
2412095,0
2412230,0
2412249,0
2412276,0
2412277,0
2412307,0
2412410,0
2412543,0
2412577,0
2412970,0
2413067,0
2413071,0
2413148,0
2413347,0
2413388,0
2413503,0
2413512,0
2413561,0
2413619,0
2413921,0
2413970,0
2414030,0
2414102,0
2414427,0
2414617,0
2414658,0
2414744,0
2414765,0
2415198,0
2415248,0
2415452,0
2415588,0
2415649,0
2415856,1
2416079,0
2416179,0
2416220,0
2416243,0
2416301,0
2416336,0
2416363,0
2416381,0
2416401,0
2416432,0
2416453,0
2416603,0
2416822,0
2416865,0
2417086,0
2417300,0
2417343,0
2417626,0
2417638,0
2417670,0
2417702,0
2417707,0
2417872,0
2417949,0
2417975,0
2417981,0
2418053,0
2418663,0
2418730,0
2418868,0
2419023,0
2419166,0
2419170,0
2419387,0
2419581,0
2419582,0
2419837,0
2420378,0
2420507,0
2420572,0
2421000,0
2421003,0
2421290,0
2421428,0
2421849,0
2422092,0
2422109,0
2422299,0
2422419,0
2422626,0
2422642,0
2422745,0
2422937,0
2422949,0
2423211,0
2423253,0
2423624,0
2423658,0
2423706,0
2423972,0
2424000,0
2424034,0
2424136,0
2424181,0
2424214,0
2424364,0
2424481,0
2424792,0
2424847,0
2425137,0
2425181,0
2425193,0
2425311,0
2426302,0
2426391,0
2426408,0
2426508,0
2426623,0
2426711,0
2426910,0
2427072,0
2427143,0
2427275,0
2427448,0
2427627,0
2427667,0
2427902,0
2427978,0
2427996,0
2428088,0
2428094,0
2428111,0
2428224,0
2428612,0
2428786,0
2428859,0
2429022,0
2429138,0
2429139,0
2429163,0
2429168,0
2429299,0
2429350,0
2429376,0
2429656,0
2429766,0
2429816,0
2430196,0
2430303,0
2430353,0
2430443,0
2430479,0
2430780,0
2430835,0
2430935,0
2431145,1
2431310,0
2431435,0
2431631,0
2431635,1
2432340,0
2432557,0
2432952,0
2433035,0
2433077,0
2433298,0
2433520,0
2433524,0
2433716,0
2433832,0
2433902,0
2434059,0
2434176,0
2434250,0
2434290,0
2434462,0
2434801,0
2435007,0
2435129,0
2435136,0
2435153,0
2435359,0
2435452,0
2435562,1
2435563,0
2435782,0
2436157,0
2436170,0
2436185,0
2436234,0
2436311,0
2436412,0
2436514,0
2436603,0
2437135,0
2437327,0
2437439,0
2437574,0
2437613,0
2437615,0
2437773,0
2437820,0
2437930,0
2438034,0
2438038,0
2438106,0
2438274,0
2438291,0
2438293,0
2438462,0
2438477,0
2438689,0
2439023,0
2439250,0
2439253,0
2439481,0
2439638,0
2439948,0
2440130,0
2440343,0
2440592,0
2440699,0
2440849,0
2441345,0
2441356,0
2441693,0
2441767,0
2441805,0
2441984,0
2441986,0
2442030,0
2442055,0
2442295,0
2442517,0
2443028,0
2443255,0
2443293,0
2443337,0
2443581,0
2443643,0
2443652,0
2443755,0
2443769,0
2443789,0
2443814,0
2443816,0
2444108,0
2444323,0
2444601,0
2444727,0
2444774,0
2445130,0
2445132,0
2445291,0
2445392,0
2445460,0
2445499,0
2445553,0
2445799,0
2445874,0
2445990,0
2445994,0
2446064,0
2446305,0
2446655,0
2446677,1
2446849,0
2447180,0
2447634,0
2447678,0
2447873,0
2448162,0
2448511,0
2448559,0
2448676,0
2448707,0
2448787,0
2448876,0
2448933,0
2448993,0
2449114,0
2449127,0
2449179,0
2449198,0
2449519,0
2449698,0
2450002,0
2450029,0
2450134,0
2450263,0
2450715,0
2450896,0
2451044,0
2451133,0
2451187,0
2451240,0
2451475,0
2451541,0
2451577,0
2451634,0
2452108,0
2452157,0
2452744,0
2452881,0
2453148,0
2453185,0
2453328,0
2453590,0
2453642,0
2453825,0
2453885,0
2453960,0
2454075,0
2454462,0
2454508,0
2454721,0
2454795,0
2455052,0
2455441,0
2455633,0
2455664,0
2455819,0
2455933,0
2456061,0
2456105,0
2456121,0
2456220,0
2456306,0
2456309,0
2456313,0
2456374,0
2456768,0
2457046,0
2457149,0
2457481,0
2457486,0
2457535,0
2457550,0
2457578,0
2457923,0
2458420,0
2458502,0
2458685,0
2458761,0
2458892,0
2459079,0
2459239,0
2459241,0
2459427,0
2459484,0
2459542,0
2459620,0
2459815,0
2459820,0
2459862,0
2459875,0
2459921,0
2459951,0
2460027,0
2460193,0
2460327,0
2460502,0
2460833,0
2460887,0
2460901,0
2461015,0
2461072,0
2461338,0
2461644,0
2461697,0
2461890,0
2461933,0
2461984,0
2462063,0
2462250,0
2462409,0
2462796,0
2462917,0
2463049,0
2463178,0
2463201,0
2463224,0
2463559,0
2463805,0
2463840,0
2463847,0
2463971,0
2464382,0
2464580,0
2464837,0
2465018,0
2465046,0
2465076,0
2465104,0
2465186,0
2465304,0
2465372,0
2465380,0
2465447,0
2465977,0
2466079,0
2466091,0
2466183,0
2466209,0
2466397,0
2466399,0
2466949,0
2467039,0
2467044,0
2467047,0
2467252,0
2467403,0
2467671,0
2467786,0
2467854,0
2467945,0
2467980,0
2468155,0
2468406,0
2468871,0
2468902,0
2468944,0
2469155,0
2469192,0
2469509,0
2469625,0
2469792,0
2469815,0
2470223,0
2470282,0
2470488,0
2470603,0
2470753,0
2470895,0
2471121,0
2471148,0
2471273,1
2471319,0
2471356,0
2471438,0
2471709,0
2471800,0
2471824,0
2471850,0
2472143,0
2472422,0
2472441,0
2472466,0
2472586,0
2472723,0
2472754,0
2473234,0
2473258,0
2473296,0
2473315,0
2473372,0
2473771,0
2473841,0
2474407,0
2474465,0
2474694,0
2474737,0
2474912,0
2474963,0
2475079,0
2475499,0
2475522,0
2475843,0
2475917,0
2475978,0
2476202,0
2476212,0
2476223,0
2476306,0
2476370,0
2476408,0
2476533,0
2476553,0
2476616,0
2476858,0
2477101,0
2477234,0
2477302,1
2477352,0
2477353,0
2477790,0
2477826,0
2477868,0
2477997,0
2478062,0
2478110,0
2478255,0
2478665,0
2478694,0
2478851,0
2478939,0
2479155,0
2479171,0
2479398,0
2480097,0
2480455,0
2480687,0
2480713,0
2480806,0
2480975,0
2481055,0
2481179,0
2481382,0
2481534,0
2481555,0
2481599,0
2481821,0
2482082,0
2482118,0
2482375,0
2482653,0
2482658,0
2482807,0
2482862,0
2482871,0
2483023,0
2483148,0
2483252,0
2483289,0
2483446,0
2483759,0
2483760,0
2483789,0
2483905,0
2484150,0
2484460,0
2484575,0
2484585,1
2484601,0
2484763,0
2484783,0
2484842,0
2484851,0
2484915,0
2485029,0
2485112,0
2485335,0
2485652,0
2485678,0
2485851,0
2485886,0
2485976,0
2486151,0
2486155,0
2486211,0
2486444,0
2486552,0
2486643,0
2486824,0
2486835,0
2486864,0
2487182,1
2487516,0
2487534,0
2487754,0
2487775,0
2487837,0
2488001,0
2488338,0
2488378,0
2488430,0
2488475,0
2488507,0
2488561,0
2488601,0
2488689,0
2488779,0
2488847,0
2488990,0
2489154,0
2489163,0
2489401,0
2489475,0
2489561,0
2489610,0
2489757,0
2489778,0
2490099,0
2490300,0
2490375,0
2490413,0
2490590,0
2490653,0
2490970,0
2491035,0
2491153,0
2491154,0
2491356,0
2491406,0
2491497,0
2491724,0
2491819,0
2491898,0
2492030,0
2492040,0
2492170,0
2492309,0
2492434,0
2492513,0
2492927,0
2492938,0
2493205,1
2493276,0
2493326,0
2493333,0
2493460,0
2493638,0
2493739,0
2493793,0
2494709,0
2494813,0
2494851,0
2495298,0
2495303,0
2495543,0
2495762,0
2495849,0
2495885,0
2495977,0
2495982,0
2496332,0
2496444,0
2496512,0
2496515,0
2496536,0
2496537,0
2496620,0
2496738,0
2496991,0
2497010,0
2497187,0
2497313,0
2497424,0
2497437,0
2497695,0
2497777,0
2497932,0
2498179,0
2498279,0
2498298,0
2498373,0
2498383,0
2498567,0
2498665,0
2498677,0
2498737,0
2498772,0
2498803,0
2498862,0
2498916,0
2498998,0
2499126,0
2499160,0
2499188,0
2499371,0
2499834,0
2499945,0
2499959,0
2500160,0
2500382,0
2500452,0
2500537,0
2500653,0
2500720,0
2500805,0
2501110,0
2501143,0
2501357,0
2501382,0
2501474,0
2501588,0
2501678,0
2501778,0
2502285,0
2502328,0
2502364,0
2502399,0
2502458,0
2502506,0
2502657,1
2502806,0
2502981,0
2502996,0
2503041,0
2503152,0
2503159,0
2503266,0
2503370,0
2503417,0
2503555,0
2503578,0
2503615,0
2503711,1
2503713,0
2503819,0
2503899,0
2504069,0
2504085,0
2504125,0
2504225,0
2504232,0
2504269,0
2504382,1
2504463,0
2504616,0
2504800,0
2504971,0
2505057,0
2505101,0
2505296,0
2505520,0
2505554,0
2506060,0
2506072,0
2506109,0
2506120,0
2506122,1
2506247,0
2506286,0
2507241,0
2507654,0
2507902,0
2508251,0
2508272,0
2508292,0
2508295,0
2508357,0
2508489,0
2508521,0
2508529,0
2508729,0
2509174,0
2509204,0
2509212,0
2509330,0
2509394,0
2509434,0
2509776,0
2509897,0
2509899,0
2510050,0
2510276,0
2510314,0
2510816,0
2510818,0
2510929,0
2511030,0
2511121,0
2511255,0
2511305,0
2511386,0
2511515,0
2511528,0
2511617,0
2511630,0
2511709,0
2511754,0
2511805,0
2511951,0
2512204,0
2512460,0
2512483,0
2512743,0
2512896,0
2513049,0
2513187,0
2513336,0
2513633,0
2513690,0
2514023,0
2514322,0
2514482,0
2514668,0
2514894,0
2514949,0
2514980,0
2515008,0
2515012,0
2515065,0
2515163,0
2515277,0
2515423,0
2515442,0
2515543,0
2516023,0
2516092,0
2516513,0
2516680,0
2516698,0
2516732,0
2517056,0
2517307,1
2517365,0
2517503,0
2517512,0
2517598,0
2517699,0
2517817,0
2517940,0
2518021,0
2518239,0
2518293,0
2518345,0
2518490,0
2518501,0
2518581,0
2518696,0
2518958,0
2518969,0
2519018,0
2519103,0
2519211,0
2519475,0
2519539,0
2519630,0
2519880,0
2519985,0
2520130,0
2520137,0
2520277,0
2520345,0
2520351,0
2520640,0
2520721,0
2520775,0
2521089,0
2521348,0
2521568,0
2522303,0
2522403,0
2522463,0
2522482,0
2522500,0
2522753,0
2522904,1
2522995,0
2523145,1
2523154,0
2523161,0
2523301,0
2523558,0
2523685,0
2523724,0
2523791,0
2523794,0
2523821,1
2523961,0
2524054,0
2524087,0
2524238,1
2524291,0
2524326,0
2524376,0
2524431,0
2524469,0
2524532,0
2524745,0
2524813,0
2524896,0
2525152,0
2525242,0
2525276,0
2525677,0
2525692,0
2525716,0
2525736,0
2525930,0
2525952,0
2526236,0
2526626,0
2526717,0
2526799,0
2527000,0
2527036,0
2527116,0
2527305,0
2527595,0
2527821,0
2527841,0
2528053,0
2528125,0
2528333,0
2528349,0
2528551,0
2528762,0
2528777,0
2528841,0
2528916,0
2528940,0
2528951,0
2528968,0
2529206,0
2529708,0
2529991,0
2529999,0
2530004,0
2530014,0
2530474,0
2530574,0
2530662,0
2530690,0
2530694,0
2530830,0
2531399,0
2531426,0
2531465,0
2531639,0
2531794,0
2531842,0
2531881,0
2531957,0
2532097,0
2532154,0
2532273,0
2532322,0
2532336,0
2532385,0
2532483,0
2532563,0
2532743,0
2532922,0
2533040,0
2533172,1
2533176,0
2533328,0
2533359,0
2533400,0
2533510,0
2533544,0
2533589,0
2533792,0
2533879,0
2533978,0
2534310,0
2534738,0
2534814,0
2534888,0
2534894,0
2535048,0
2535368,0
2535454,0
2535477,0
2535771,0
2535785,0
2535841,0
2536301,0
2536479,0
2536550,0
2536685,0
2536827,0
2536894,0
2537086,0
2537095,0
2537140,0
2537218,0
2537258,0
2537276,0
2537283,0
2537323,0
2537399,0
2537627,0
2537684,0
2537768,0
2537993,0
2538048,0
2538166,0
2538345,0
2538399,0
2538580,0
2538653,0
2538879,0
2538967,0
2539059,0
2539071,0
2539089,0
2539183,0
2539341,0
2539359,0
2539439,0
2539803,0
2539818,0
2540339,0
2540370,0
2540486,0
2540535,0
2540559,0
2540588,0
2540627,0
2540917,0
2540950,0
2541021,0
2541399,0
2541691,0
2542163,0
2542275,0
2542779,0
2542843,0
2542859,0
2543484,0
2543890,0
2543894,0
2544108,0
2544146,0
2544324,0
2544405,0
2544540,0
2544598,0
2545530,0
2546284,0
2546286,0
2546907,0
2546974,0
2546985,0
2547095,0
2547333,0
2547480,0
2547660,0
2547730,0
2548211,0
2548290,0
2548365,0
2548396,0
2548454,0
2548583,0
2548641,0
2548937,0
2549273,0
2549289,0
2549648,0
2549744,0
2549802,0
2550243,0
2550462,0
2550468,0
2550739,0
2550841,0
2550916,0
2551392,0
2551720,0
2551896,0
2552033,1
2552148,0
2552228,0
2552275,0
2552302,0
2552526,0
2552749,0
2552941,0
2553094,0
2553138,0
2553393,0
2553703,0
2554013,0
2554100,0
2554186,0
2554764,0
2554781,0
2554836,0
2555008,0
2555126,0
2555223,0
2555261,0
2555957,0
2556037,0
2556324,0
2556326,0
2556390,0
2556419,0
2556530,0
2556537,0
2557153,0
2557285,0
2557517,0
2557715,0
2557772,0
2558184,0
2558319,0
2558364,0
2558466,0
2558563,0
2558637,0
2558692,0
2558706,0
2558991,0
2559399,0
2559533,0
2560126,0
2560312,0
2561031,0
2561824,0
2562042,0
2562616,0
2562709,0
2562861,0
2562872,0
2563446,0
2563700,0
2563763,1
2563780,0
2564122,0
2564434,0
2564480,0
2565162,0
2565213,0
2565306,0
2565395,0
2565422,0
2565574,0
2566169,0
2566184,0
2566275,0
2566350,0
2566358,0
2566691,0
2566806,0
2566918,0
2566955,0
2567131,0
2567206,0
2567311,0
2567503,0
2567525,0
2567690,0
2567759,0
2567948,0
2568269,0
2568277,0
2568351,0
2568601,0
2568781,0
2568842,1
2569071,0
2569421,0
2569434,0
2569858,0
2569959,0
2569967,0
2569970,0
2570073,0
2570088,0
2570120,0
2570410,0
2570429,0
2570490,0
2570578,0
2570676,0
2570688,0
2570771,0
2570832,0
2570848,0
2571717,0
2571814,0
2571856,0
2572308,0
2572317,0
2572909,0
2572956,0
2573122,0
2573417,0
2573728,0
2574067,0
2574859,0
2574973,0
2575008,0
2575018,0
2575130,0
2575257,0
2575271,0
2575314,0
2575370,0
2575733,0
2575938,0
2576353,1
2576411,0
2576431,0
2577493,0
2577532,0
2577551,0
2577652,0
2577802,0
2578190,0
2578502,0
2578589,0
2578761,1
2578951,0
2579165,0
2579390,0
2579528,0
2579786,0
2580501,0
2580502,0
2581306,0
2581337,0
2581399,1
2581420,0
2590405,0
2590409,0
2590606,0
2590820,0
2591006,0
2591405,0
2591436,0
2591551,0
2591642,0
2591666,0
2592034,0
20,0
68,0
206,0
876,0
1070,0
1094,0
2023,0
2519,0
2679,0
2724,0
3374,0
6131,0
6277,0
6704,0
7106,0
8278,0
9538,0
9646,0
10870,0
11349,0
11767,0
12719,0
13600,0
13910,0
14081,0
15259,0
17113,0
17797,0
18553,0
21153,0
21179,0
21443,0
21833,0
22412,0
22529,0
22995,0
23775,0
23846,0
24061,0
24348,0
24356,0
24726,0
25415,0
25628,0
26240,0
29005,0
33598,0
33651,0
33727,0
34971,0
36685,0
38452,0
39083,0
39319,0
39389,0
43983,0
44770,1
44921,0
44956,0
45552,0
45943,0
48576,0
48749,0
49218,0
49541,0
50264,0
50426,0
50744,0
51134,0
52153,0
52295,0
53531,1
53916,0
54475,0
55676,0
56189,0
56584,0
57144,0
61133,0
61506,0
62250,0
62664,0
62699,0
62958,0
63964,0
65407,0
65474,0
66816,0
67496,0
67994,0
68034,0
68074,0
68567,0
69193,0
69703,0
70080,0
70432,1
70955,0
73604,0
74712,1
75459,0
75546,0
75642,0
76039,0
76392,0
78665,0
80007,0
80557,0
82937,0
83001,0
85425,0
87858,0
88375,0
88495,0
88624,0
89294,0
90347,0
90671,1
91399,0
91486,0
92300,0
94344,0
94525,0
94630,0
96597,0
96623,0
97628,0
98182,0
98814,0
98914,0
99470,0
99626,0
100626,0
101643,0
104875,0
105576,0
105967,0
105975,0
106504,0
109060,0
109888,0
112994,0
113528,0
113587,0
114063,0
114933,0
115338,0
115542,0
115743,0
116091,0
116300,0
116708,0
117870,0
118229,0
120102,0
121169,0
123307,0
123552,0
123891,0
123923,0
125198,1
125237,0
125615,0
127017,0
127592,0
133797,0
134270,0
136007,0
141058,0
142647,0
143847,0
143926,0
143993,0
144633,0
145001,0
147889,0
148197,0
150910,0
152026,0
154321,0
154459,0
154522,0
157387,0
159080,0
159440,0
160605,0
163906,0
165445,0
166964,0
167642,0
169432,0
174733,0
174804,0
175469,0
175733,0
176416,0
181425,0
184622,0
185139,1
186159,0
187474,0
189906,0
191606,0
192867,0
195390,0
195497,0
198612,0
199794,0
200622,0
206351,0
211933,0
213163,0
213426,0
215207,0
220369,0
221053,0
221087,0
224416,0
224504,0
224569,0
228745,0
228774,0
229402,0
229510,0
230843,0
234197,0
235155,0
237703,0
237890,0
238070,0
244661,0
245553,0
245749,0
245822,0
246364,0
246970,0
247727,0
250035,0
250219,0
250659,0
253186,0
253261,0
253296,0
254341,0
255746,0
256187,0
256538,0
256575,0
256613,0
258244,0
259755,0
259799,0
260775,0
261468,0
262598,0
262725,0
263189,0
264067,0
264264,0
264463,0
265375,0
265514,0
266347,0
267506,0
268078,0
269957,0
270138,0
271200,0
271871,1
274316,0
274391,0
274908,0
275629,0
276196,0
277017,0
277129,0
279254,0
281598,0
282384,0
282927,0
285912,0
286170,0
286537,0
287410,0
287498,0
289936,0
291539,0
292279,0
292352,0
293469,0
295248,0
295416,0
297289,0
298543,0
299123,0
301993,0
302608,0
312489,0
312558,0
320301,0
323647,0
324409,0
330953,0
331525,0
333553,0
335711,0
335821,0
337205,0
341172,0
342379,0
342846,0
344561,0
344722,0
348396,0
356706,0
357896,0
358912,0
365798,0
367969,0
370548,0
370818,0
371229,0
371615,0
371686,0
372277,0
372528,0
372706,0
372967,0
373823,1
374393,0
374706,0
375021,0
375132,0
376115,0
379175,0
379953,0
381618,0
381810,0
382902,0
383092,0
383538,0
383984,0
384147,0
384374,0
384599,0
384676,0
385423,0
385559,0
385969,0
386355,0
386700,0
387240,0
387370,0
387408,0
387505,0
387681,0
387744,0
389244,0
391520,0
397417,0
398383,0
409792,0
410758,0
411401,0
413906,0
417276,0
418470,0
418972,0
419488,0
419908,0
422298,0
425050,0
426205,0
426868,0
426951,0
427404,0
433215,0
434023,0
435520,0
436697,0
436839,0
438340,0
439520,0
441752,0
441996,0
443213,0
443748,0
444014,1
444949,0
444982,0
446677,0
447010,0
450532,0
452183,0
452422,0
453531,0
453669,0
454578,0
455385,0
455852,0
456233,0
459043,0
461143,0
465775,0
467759,0
473828,0
474044,0
474480,0
479580,0
480175,0
480927,0
481172,0
481801,1
481802,0
485366,0
486816,0
487376,0
489227,0
490225,0
490724,0
493063,0
498075,0
499619,0
502409,0
504052,0
507312,0
507430,0
510534,0
510827,0
512507,0
512827,0
513022,0
514215,0
515296,0
515618,0
515780,0
516324,0
516643,0
517710,0
517972,0
518742,0
519063,0
519270,0
521739,0
522059,0
522972,0
523192,0
525078,0
526705,0
526726,0
526944,0
527441,0
528191,0
528647,0
529147,0
530043,0
530119,0
530202,0
530613,0
531156,0
531516,0
532011,0
532024,0
532231,0
532777,0
536385,0
536849,0
539046,0
539097,0
539887,0
540420,0
540738,0
543560,0
543944,0
544299,0
544811,0
544908,0
545222,0
545635,0
546234,0
546872,0
546890,0
547778,0
547888,0
548699,0
549379,0
550832,0
551075,0
551159,0
551222,0
551285,0
551354,0
552183,0
554246,0
555305,0
555946,0
556234,0
556707,0
557128,0
558302,0
559608,0
560532,0
562323,0
562547,0
564001,0
565938,0
566404,0
566644,0
567110,0
567656,0
568305,0
568788,0
569368,0
572588,0
572826,0
572858,0
573091,0
573864,0
573936,0
574554,0
577999,0
578257,0
579808,1
580171,0
580446,0
580581,0
581561,0
582456,0
582701,0
583611,0
587694,0
587823,0
589272,0
589474,0
590375,0
590908,0
591581,0
591894,0
592444,0
595877,0
597016,0
598529,0
602414,0
603806,0
607517,0
607525,0
607564,0
610382,0
612728,0
614415,0
616778,0
616999,0
617246,0
617769,0
619960,0
622949,0
623207,0
623669,0
624533,0
626581,0
627225,0
629510,0
633098,0
633446,0
634845,0
636203,0
637350,0
639782,0
643673,0
644369,0
644926,0
646899,0
647482,0
648609,1
649846,0
651564,0
655125,0
655990,0
657413,0
658847,0
661927,0
662439,0
662547,0
663394,0
666383,0
667846,0
669937,0
671599,0
672516,0
672573,0
674296,0
674885,0
676266,0
676286,0
676517,0
676691,0
677362,0
677523,0
678477,0
679347,0
679702,0
680543,0
681632,0
683434,0
684035,0
684480,0
685346,0
685943,0
685959,0
685979,0
686454,0
689429,0
690393,0
693131,0
694552,0
694669,0
697386,0
697461,0
698310,0
700588,0
702089,0
702855,0
703156,0
704311,0
706712,0
707143,0
707170,0
707659,0
708885,0
709745,0
710002,0
710174,0
713484,0
714740,0
714853,0
716788,0
717196,0
718168,0
722335,0
723347,0
724405,1
724906,0
727497,0
727526,0
729481,0
729556,0
729847,0
730974,0
732083,0
732759,0
732768,0
733037,0
734181,0
734685,0
734724,0
735432,0
736158,0
737029,0
737096,0
737742,0
738310,0
738767,0
739325,0
739505,0
739578,0
740059,1
740488,0
740727,0
744443,0
744612,0
744749,0
745367,0
746135,0
746484,0
746818,0
747255,0
747575,0
748339,0
749082,0
749263,0
750501,0
751194,0
751269,0
751597,0
752737,0
752987,0
755443,0
755875,0
756678,0
759055,0
760830,0
760838,0
761049,0
761512,0
761649,0
761942,0
763548,0
763917,0
764229,0
765826,0
765891,0
766530,0
767205,0
769128,0
770196,0
770450,0
771196,0
771485,0
771509,0
773175,0
773287,0
775728,0
776208,0
776712,0
777315,0
777966,0
779004,0
779771,0
780192,0
782530,0
783829,0
784384,0
786285,0
787795,0
787820,0
788463,0
791354,0
796338,0
797400,0
798033,0
799426,0
803810,0
804295,0
804525,0
804921,0
805603,0
805802,0
806381,0
806431,0
806904,0
809427,0
810120,0
810305,0
810772,0
812355,0
812997,0
813676,0
815108,0
815740,0
818695,0
819933,0
820782,0
821834,0
822697,0
823052,0
823856,0
825756,0
829207,0
831381,0
838019,0
843801,0
854165,0
854484,0
855024,0
857580,0
859573,0
860015,0
862967,0
863535,0
864730,0
873364,0
875940,0
877602,0
883127,0
884960,0
885443,0
888906,0
894459,0
898478,0
905415,0
911642,0
915277,0
919295,0
919560,0
920180,0
923310,0
926661,0
927095,0
927761,0
932675,0
933203,0
934457,0
936688,0
938841,0
939470,0
940272,0
940643,0
942847,0
942909,0
945102,0
945679,0
950232,0
950659,0
951683,0
952640,0
955231,0
955464,0
955627,0
955730,0
955803,0
956927,0
958286,0
959111,0
960735,0
962787,0
963833,0
966531,0
968362,0
968444,0
968484,0
975146,0
976982,0
978747,0
983038,0
984741,0
985872,0
987229,0
988131,0
988982,0
996506,0
997616,0
998650,0
999060,0
1003348,0
1004538,0
1004750,0
1006745,0
1007919,0
1008368,0
1009362,0
1009971,0
1011608,0
1012101,0
1013056,0
1014363,0
1014779,0
1015037,0
1015563,0
1016722,0
1016878,0
1018643,0
1019158,0
1020429,0
1021651,0
1021838,0
1021840,0
1022186,0
1022887,0
1024366,0
1024709,0
1024770,0
1024837,0
1025214,0
1025236,0
1025397,0
1025696,0
1025783,0
1028898,0
1030107,0
1031437,0
1033462,0
1034030,0
1037636,0
1047802,0
1047852,0
1049571,0
1051352,0
1052987,0
1055273,0
1056408,0
1059899,0
1062730,0
1063135,0
1068623,0
1070627,0
1072387,0
1073279,0
1073514,0
1073570,0
1076866,0
1076893,0
1077808,0
1078178,0
1078983,0
1079434,0
1079457,0
1079734,0
1079986,0
1081608,0
1084967,0
1086313,0
1086785,0
1087993,0
1089329,0
1090488,0
1090780,0
1091339,0
1091386,0
1098054,0
1098077,0
1099147,0
1100097,0
1100400,0
1100512,0
1104203,0
1104915,0
1105619,0
1107805,0
1108326,0
1109390,0
1109562,0
1110078,0
1110551,0
1111478,0
1111578,0
1111756,0
1112770,0
1114834,0
1115218,0
1116282,0
1118893,0
1121467,0
1121533,0
1123552,0
1123928,0
1126597,0
1127339,0
1128776,0
1130817,1
1132374,0
1132615,0
1132734,0
1133755,0
1134868,0
1135592,0
1137286,0
1139797,0
1141171,0
1141316,0
1143408,0
1144866,0
1146182,0
1146743,0
1147153,0
1148096,0
1148472,0
1148756,0
1150315,0
1154821,0
1155177,1
1155462,0
1156090,0
1156938,0
1157396,0
1158149,0
1158521,0
1158693,0
1161443,0
1164456,0
1172071,0
1178938,0
1180439,0
1184676,0
1185800,0
1185816,0
1210176,0
1214820,0
1215344,0
1229719,0
1231603,0
1231701,0
1235019,0
1238653,0
1240565,0
1243988,0
1244241,0
1250316,0
1260225,0
1261533,0
1261765,0
1284057,0
1284938,0
1286692,0
1287194,0
1288870,0
1289816,0
1289976,0
1290220,0
1291368,0
1292001,0
1295334,0
1295357,0
1296354,0
1296841,0
1296844,0
1299524,0
1299944,0
1300029,0
1301465,0
1302598,0
1302761,0
1303251,0
1303312,0
1303751,0
1307543,0
1308138,0
1308663,0
1309994,0
1310070,0
1311779,0
1313296,0
1313331,0
1314765,1
1315257,0
1315338,0
1315625,0
1316651,0
1318224,0
1319131,0
1319534,0
1332589,0
1337150,0
1337599,0
1340090,0
1342365,0
1345599,0
1351846,0
1357221,0
1359642,0
1360176,0
1364433,0
1371000,0
1372034,0
1374414,0
1374686,0
1374743,0
1375919,0
1376324,0
1376746,0
1376803,0
1378908,0
1381539,0
1381577,0
1382707,0
1385113,0
1388245,0
1389401,0
1389590,0
1390781,0
1390938,0
1391264,0
1391762,0
1391890,0
1392665,0
1392699,0
1394062,0
1394504,0
1394603,0
1395988,0
1397662,0
1398823,0
1398824,0
1399394,0
1400419,0
1402121,0
1402572,0
1403006,0
1404063,0
1404079,0
1405774,0
1406080,0
1406139,0
1413625,0
1419168,0
1421386,0
1427212,0
1429124,0
1429429,0
1430723,0
1432124,0
1442333,0
1444680,0
1444900,0
1445269,0
1446046,0
1449755,0
1451745,0
1452294,0
1453416,0
1454137,0
1454475,0
1454707,0
1455560,0
1456970,0
1458131,0
1461435,0
1461755,0
1465895,0
1466822,0
1467441,0
1469503,0
1469551,0
1470493,0
1471795,0
1472032,0
1473596,0
1474830,0
1475493,0
1477321,0
1478594,0
1479760,0
1479884,0
1479934,0
1480468,0
1484832,0
1488384,0
1489905,0
1490982,0
1491477,0
1492131,0
1495163,0
1495875,0
1496906,0
1498053,0
1498112,0
1498438,0
1498852,0
1500078,0
1500944,0
1502228,0
1502462,0
1505842,0
1505928,1
1506449,0
1506539,0
1507466,0
1512550,0
1512837,1
1515222,0
1515807,0
1517341,0
1518008,0
1518053,0
1518515,0
1518876,0
1520811,0
1521666,0
1521689,0
1523382,0
1525982,0
1530370,0
1530733,0
1532241,0
1532936,0
1533112,0
1533954,0
1549535,0
1552582,0
1556534,0
1558684,0
1563638,0
1565584,0
1567005,0
1568964,0
1570042,0
1570064,1
1575773,0
1578250,0
1579142,0
1579467,0
1581525,0
1586656,0
1588282,0
1588984,0
1595831,0
1597004,0
1597068,0
1598207,0
1601583,0
1608786,0
1609042,0
1611407,0
1611860,0
1612204,0
1614141,0
1615510,0
1615511,0
1615748,0
1617825,0
1618245,0
1618780,0
1619074,0
1621139,0
1622399,0
1622962,0
1623089,0
1625553,0
1626483,0
1626520,0
1629719,0
1629752,0
1632497,0
1633497,0
1634828,0
1635038,0
1635239,0
1635564,0
1638157,0
1638903,0
1641678,0
1643005,0
1644167,0
1645009,0
1646769,0
1651553,0
1668055,1
1669423,0
1674649,0
1677518,0
1679696,0
1681057,0
1682239,0
1682568,0
1683679,0
1683810,0
1686905,0
1687102,0
1687812,0
1691688,0
1694418,0
1695894,0
1696637,0
1697094,0
1697500,0
1697804,0
1698510,0
1699355,0
1700441,0
1701501,0
1701790,0
1708740,1
1709961,0
1713254,0
1714334,0
1714833,0
1718016,0
1718032,0
1718683,0
1719890,0
1720504,0
1721716,0
1722141,0
1722656,0
1723623,0
1723977,0
1724904,0
1725874,0
1728167,0
1728318,0
1728343,0
1728614,0
1728960,0
1729346,0
1731598,0
1731994,0
1732510,0
1735465,0
1738343,0
1738859,0
1739321,0
1739672,0
1741116,0
1745470,0
1752679,0
1753750,0
1754201,0
1756732,0
1758395,0
1759286,0
1760721,0
1760752,0
1761814,0
1765373,0
1770246,0
1775281,0
1781045,0
1784101,0
1789574,0
1794094,0
1794271,0
1796910,0
1798159,0
1798736,0
1799979,0
1802568,0
1803584,0
1803863,0
1809035,0
1811496,0
1812570,0
1812960,0
1816346,0
1817978,0
1820740,0
1822397,0
1822594,0
1827079,0
1830947,0
1833554,0
1833956,0
1836361,0
1837402,0
1847788,0
1853815,0
1855456,0
1856744,0
1858212,0
1860825,0
1862599,0
1899193,0
1901765,0
1904674,0
1906237,0
1907814,0
1907904,0
1908117,0
1908711,0
1910775,0
1911210,0
1911354,1
1911883,0
1911954,0
1912324,1
1912614,0
1916865,0
1917408,0
1918996,0
1919208,0
1919254,0
1920557,0
1923949,0
1925076,0
1931558,1
1931989,0
1932312,0
1935450,0
1938047,0
1941149,0
1943293,0
1950756,0
1956193,0
1956531,0
1957659,0
1961875,0
1962987,0
1965619,1
1971985,0
1973041,0
1978918,0
1982441,0
1985360,0
1988781,0
1989078,0
1993702,0
1994900,0
1995604,0
1997618,0
1997865,0
1999645,0
2005280,0
2005957,0
2006784,0
2008058,0
2008255,0
2009005,0
2010124,0
2011684,0
2011960,0
2012921,0
2013405,0
2014140,0
2014532,0
2015108,0
2016112,0
2017241,0
2018111,0
2023570,0
2023661,0
2027453,0
2031099,0
2033220,0
2033434,0
2033457,0
2034621,0
2034645,0
2034740,0
2034756,0
2037263,0
2037728,0
2039640,0
2041188,0
2041670,0
2044863,0
2047560,0
2050027,0
2055303,0
2056087,0
2058582,0
2059197,0
2059610,0
2060167,0
2069116,0
2070902,0
2071837,0
2072165,1
2073828,0
2076220,0
2078487,0
2088776,0
2093352,0
2095370,0
2096029,0
2097762,0
2100072,0
2101333,0
2102141,0
2104348,0
2105214,0
2106070,0
2106472,0
2107207,0
2108040,0
2108351,0
2110287,0
2114401,0
2114817,0
2115891,0
2118335,0
2119426,0
2120636,0
2120658,0
2121175,0
2121408,0
2122597,0
2124519,0
2124981,0
2126272,0
2127072,0
2128277,0
2130521,0
2130731,0
2131275,0
2132627,0
2133096,0
2134080,0
2136490,0
2137746,0
2138079,0
2139440,0
2141057,0
2142180,0
2142704,0
2143507,0
2144017,0
2145472,0
2147913,0
2151911,0
2154670,0
2156336,0
2156742,0
2157020,0
2157022,0
2157190,0
2159080,0
2160363,0
2162091,0
2164314,1
2167386,0
2168908,0
2171694,0
2173151,0
2173905,0
2178676,0
2181502,0
2186772,0
2187727,0
2188331,0
2188651,0
2189360,0
2190453,0
2193392,0
2196838,0
2201137,0
2202413,0
2204683,0
2209194,0
2209312,0
2214786,0
2215909,0
2216107,0
2219661,0
2219851,0
2220788,0
2220904,0
2222571,0
2223129,0
2230782,0
2233328,0
2233660,0
2235460,0
2235640,0
2236085,0
2236253,0
2238305,0
2238877,0
2240144,0
2240251,0
2240840,0
2240885,0
2243317,0
2243817,0
2244124,0
2245049,0
2245856,0
2246423,0
2247644,0
2247821,0
2249339,0
2249762,0
2250683,0
2250884,0
2252465,0
2252851,0
2253321,0
2253647,0
2253688,0
2254313,0
2254599,0
2254830,0
2255588,0
2255667,0
2256563,0
2259422,0
2259613,0
2259889,0
2260920,0
2261761,0
2264480,0
2264724,0
2265099,0
2265364,0
2266299,0
2266522,0
2267453,0
2269357,0
2269824,0
2270178,0
2271195,0
2271357,0
2271415,0
2271492,0
2271671,0
2272049,1
2272708,0
2274205,0
2275183,0
2276028,0
2276798,0
2277150,0
2278238,0
2278413,0
2279759,0
2279921,0
2280760,0
2282224,0
2284903,0
2285952,0
2288684,0
2293408,0
2296289,0
2304260,0
2306159,0
2306181,0
2310327,0
2311979,0
2312280,0
2314590,0
2314948,0
2317448,0
2319444,0
2319921,0
2321097,0
2324396,0
2327208,0
2328197,0
2328668,0
2328756,0
2331154,0
2331547,0
2332707,0
2333381,0
2333891,0
2334326,0
2335405,0
2336485,0
2337759,1
2338678,0
2341243,0
2347501,0
2348191,0
2348866,0
2348981,0
2349200,0
2351957,0
2360428,0
2360972,0
2361224,0
2361361,0
2365528,0
2366386,0
2369221,0
2369434,0
2370859,0
2371101,0
2372118,0
2372152,0
2372258,0
2373128,0
2373360,0
2373639,0
2373822,0
2374374,0
2375410,0
2375580,0
2376144,0
2378177,0
2379346,0
2380564,0
2381067,0
2381236,0
2381796,0
2382143,0
2383767,0
2384599,0
2385159,0
2385841,0
2386057,0
2387029,0
2387413,0
2387648,0
2387894,0
2388389,0
2388488,1
2388968,0
2389187,0
2390567,0
2391632,0
2391896,0
2393116,0
2393545,0
2393897,0
2395394,0
2396457,0
2397285,0
2399225,0
2402174,0
2403477,0
2404210,0
2406847,0
2407977,0
2408274,0
2408281,0
2408325,1
2408735,0
2409865,0
2410024,0
2412948,0
2413147,0
2413905,0
2415044,0
2416146,0
2418030,0
2420326,0
2426853,0
2438258,0
2440258,0
2450548,0
2450551,0
2450680,0
2450874,0
2451121,0
2461460,0
2468968,0
2470185,0
2470239,0
2472436,0
2473881,0
2477363,0
2477899,1
2486087,0
2486287,0
2488278,0
2488421,0
2490642,0
2493493,0
2493737,0
2494324,0
2495024,0
2495458,0
2496569,0
2497019,0
2497536,0
2498993,0
2499238,0
2499647,0
2500188,0
2500286,0
2500521,0
2501427,0
2501503,0
2501888,0
2501926,0
2504014,0
2509462,0
2511235,0
2512602,0
2513524,0
2517374,0
2518502,0
2519420,0
2520099,0
2523139,0
2524796,0
2525987,0
2526077,0
2527433,0
2527569,0
2530015,0
2532596,0
2534711,0
2536552,0
2538333,0
2538591,0
2540890,0
2541117,0
2541974,0
2543770,0
2543832,0
2545726,0
2545770,0
2546205,0
2549701,0
2549868,0
2552229,0
2553068,0
2557149,0
2559320,0
2560071,0
2561434,0
2562004,0
2564327,0
2565806,0
2567342,0
2571751,0
2573182,0
2573933,0
2578432,0
2580742,0
2581472,0
2581743,0
2582123,0
2583135,0
2583752,0
2584010,0
2585115,0
172716,0
174410,0
338502,0
482252,0
905862,0
918269,0
1289701,0
1565793,0
2076857,0
2113411,0
2168248,0
2574606,1
69137,0
331354,0
345559,0
400695,0
432889,0
439289,0
445879,0
485373,0
520833,0
535066,0
563724,0
649508,0
736351,0
928209,0
983050,0
993322,0
1224762,0
1311212,0
1338100,0
1352455,0
1459945,0
1469214,0
1518982,0
1529989,0
1533280,0
1574027,0
1708258,0
1766816,0
1782095,0
1791943,0
1796305,0
1850631,0
1853390,0
1942596,0
1966949,0
1969170,0
1980973,0
2062124,0
2092314,0
2093688,0
2093735,0
2110281,0
2110937,0
2126621,0
2145634,0
2148286,0
2176061,0
2193983,1
2214150,0
2226075,0
2303723,0
2341008,0
2345596,0
2356573,0
2363945,0
2452878,0
2567097,0
2587897,0
619,0
1265,0
1322,0
2147,0
2524,0
2930,0
3379,0
3735,0
4310,0
4836,0
5093,0
5269,0
5681,0
5697,0
5831,0
5955,0
6114,0
6141,0
6235,0
7152,0
7833,0
8427,0
8905,0
9111,0
9608,0
9677,0
9805,0
9950,0
10227,0
10255,0
10459,0
10572,0
10708,0
10934,0
11018,0
13073,0
13376,0
13942,0
13973,0
14356,0
14702,1
14916,0
15388,0
15973,0
16265,1
17168,0
17197,0
17351,0
17617,0
17717,0
17759,0
17775,0
18240,0
18557,0
18727,0
19019,0
19055,0
19294,0
19468,0
19793,0
20766,0
20812,0
21103,0
21613,0
21647,0
21692,0
21818,0
22026,0
22782,0
22826,0
23567,0
23730,0
23901,0
24394,0
24929,0
25337,0
25358,0
25530,0
26000,0
26299,0
26415,0
26482,0
26916,0
27374,0
27765,0
28782,0
28935,0
29027,0
29782,1
30140,0
30208,0
30226,0
30277,0
30349,0
30845,0
31336,0
31508,0
31602,0
32597,0
32674,0
33406,0
33626,0
33654,0
33795,0
33991,0
34045,0
34170,0
34639,0
34728,0
35206,0
36412,0
36507,0
37132,0
37226,0
38156,0
38712,0
38921,0
39106,0
40183,0
40693,0
41442,0
41703,0
41707,0
41939,1
42194,0
42921,0
43049,0
43241,0
44174,0
44327,0
44381,0
45261,0
45264,0
46036,0
46840,0
46877,0
47147,1
47259,0
48149,1
48679,0
49159,0
50192,0
50251,0
50619,0
50812,0
51184,0
51200,0
51215,0
51734,0
51737,0
51854,0
52342,0
52433,1
52642,0
52813,0
53113,0
53158,0
53160,0
53298,1
53581,0
53978,0
54283,0
54395,0
54508,0
54655,0
54818,0
55198,0
55257,1
55564,0
55566,0
55667,0
55757,0
56056,0
56367,0
57507,0
57612,0
57939,0
58267,0
58440,0
58636,0
59341,0
59627,0
60069,0
60278,0
60549,0
60645,0
61090,0
61218,0
61482,0
61880,0
62797,0
63581,0
63836,0
64048,0
64169,0
64373,0
64967,0
65649,0
66225,0
66668,0
66673,0
66678,0
66894,0
67085,0
68136,0
68808,0
68891,0
69753,0
69898,0
69913,1
70318,0
71219,0
71613,0
71851,0
71930,0
72471,0
72689,0
73009,0
73903,0
74697,0
75261,0
75745,1
75904,0
76026,0
76754,0
76914,0
76927,1
77185,0
77798,0
77958,0
78583,0
79306,0
79818,0
80114,0
80186,0
80559,0
80719,0
81195,0
81379,0
81458,0
82238,0
82673,0
83421,0
83662,0
83709,0
84229,0
84295,0
84611,0
84655,0
84947,0
85558,0
85582,0
85588,0
85871,0
86051,0
86511,0
86609,0
86693,0
86872,0
87042,0
88210,0
88316,0
88535,0
89184,0
89553,0
90333,0
90623,0
90862,0
91306,0
91385,0
91466,0
91644,0
91708,0
91749,0
92283,0
92382,0
92383,0
92497,0
93348,0
94190,0
94621,0
94624,0
94697,0
95646,0
96314,0
97194,0
97480,0
97549,0
97792,0
97961,0
98159,1
98220,0
98344,0
98389,0
98584,0
98674,0
98813,0
99122,0
99301,0
99516,0
99536,0
100123,0
100926,0
101028,0
101250,0
101592,0
101630,0
101720,0
102094,0
102840,0
102979,0
103632,0
104178,0
104315,0
104443,0
104445,0
104489,0
104573,0
105165,0
105480,0
105692,0
105914,0
106089,0
106335,0
106611,0
106899,0
107030,0
107383,0
107516,0
107541,0
108569,0
108794,0
109061,0
109194,0
110289,0
110768,0
111127,0
111133,0
111895,0
112259,0
112428,0
112585,0
112805,0
112810,0
112989,0
112990,0
113020,0
113129,0
113697,0
113700,0
114117,0
114239,0
115733,0
115911,0
116044,0
116427,0
116514,0
116529,0
116608,0
116963,0
117391,0
118515,0
118831,0
118882,0
119088,0
119468,0
119846,0
119891,0
120027,0
120096,0
120478,0
121056,0
121492,0
122114,1
122333,0
122656,0
123037,1
123292,0
123297,0
123482,0
123816,1
123982,0
124502,0
124654,0
124969,0
125551,0
125800,0
125925,0
126388,0
126530,0
126532,0
126597,0
127443,0
127964,0
128476,0
129857,0
129968,0
130140,0
130248,0
130702,0
130778,0
131553,0
131906,0
132433,0
133167,0
133374,0
134099,0
134821,0
134829,0
135146,0
135203,0
135229,0
135395,0
135607,0
135610,0
135809,0
135929,0
136921,1
137453,0
137798,1
137853,0
139158,0
139252,0
139405,0
140442,0
141035,0
141411,0
141542,0
141700,0
141903,0
142141,0
144648,0
144655,1
145208,0
145277,0
145303,0
145785,0
145805,0
146083,0
146389,1
146562,0
146663,0
147160,0
147185,0
147254,0
147425,0
147743,0
147916,0
148370,0
148385,1
148419,0
148469,1
149192,0
149230,0
149683,0
149796,0
151344,0
151752,0
151990,0
152134,0
152154,0
152307,0
152454,0
152510,0
152539,0
152894,0
152994,0
153350,0
153352,0
154051,0
154127,0
154920,0
155156,0
155302,0
155694,0
155728,0
155739,0
155974,0
156338,0
156918,0
158512,0
158582,0
158747,0
158806,0
158852,0
158927,1
159619,0
159951,0
160033,0
160531,0
161916,0
162273,0
162563,0
162996,0
163613,0
164307,0
164342,0
164793,0
164989,0
164995,0
165492,0
165845,0
165856,0
166093,1
166113,0
166128,0
166500,0
166686,0
166912,0
166972,0
167209,0
168181,0
168410,0
168681,0
169376,0
169641,0
170028,0
170781,0
170804,0
171039,0
171965,0
171996,0
172425,0
172711,0
173841,0
174255,1
174286,1
174461,0
174676,0
174850,0
174912,0
174931,0
175651,0
175879,0
176047,0
176913,0
177344,0
177433,0
177481,0
177518,0
177666,0
177848,0
178094,0
178411,0
178520,0
179275,0
179419,0
179557,0
179561,0
179965,0
179981,0
181036,0
181046,0
181157,0
181201,0
182056,0
182090,0
182158,0
182512,0
182934,0
182960,0
183318,0
183477,0
183760,0
183780,0
184034,0
184233,0
184528,0
184588,0
184818,0
184883,0
185604,0
186616,0
186805,0
187087,0
187110,0
187399,0
187566,0
187630,0
188263,0
189148,0
189270,0
190122,0
190520,0
190598,0
191126,0
191179,0
191437,0
192264,0
192289,0
192751,0
192861,0
192904,0
193344,0
194021,0
194151,0
194577,0
194786,0
195325,0
196410,0
196431,0
196659,0
197113,0
197245,0
197521,0
197571,0
197608,0
197865,0
197872,0
197961,0
198112,0
198416,0
198513,0
198599,0
198718,0
198733,0
198894,0
199383,0
200138,0
201821,0
202549,0
202715,0
202957,0
203229,0
203425,0
203640,0
203699,0
203853,0
204645,0
204733,0
204905,0
205195,0
205349,0
205741,0
206111,0
206281,0
206634,0
206646,0
206695,0
206834,0
206964,0
207168,0
207438,0
207913,0
207941,0
208288,0
208672,0
208969,0
209492,0
210096,0
210282,0
210829,0
210858,0
211016,0
211679,0
212174,0
212674,0
212834,0
213021,0
213215,0
213339,0
213640,0
213856,0
214615,0
214900,0
215988,0
216057,0
216381,0
217205,1
217788,0
218052,0
218591,0
218751,0
218951,0
219280,0
219497,0
219731,0
219737,0
219787,0
219873,1
219896,0
219976,0
220049,0
220232,0
220904,0
220979,0
221064,0
221157,0
221180,0
221277,0
221528,0
221530,0
222068,0
222516,0
222788,0
223393,0
223436,0
223485,0
223726,0
223735,0
223998,0
224797,0
225092,0
225407,0
225466,0
225721,0
225973,0
225995,0
226434,0
226690,0
227524,0
227698,0
228010,0
228015,0
228104,0
228259,0
228588,1
228627,0
228869,0
229136,0
229454,0
229736,0
229794,0
230006,0
230268,0
230602,0
231058,0
231397,0
231571,1
232015,0
232071,0
232655,0
232809,0
232994,0
233073,0
233307,0
233577,0
233703,0
234110,0
234773,0
234840,0
235013,0
235176,0
235288,1
236080,0
236159,0
236406,0
236445,0
236856,0
238132,0
238146,0
238339,0
238695,0
238952,0
239076,0
239155,0
239890,0
241010,0
241156,0
241185,0
241644,0
242236,0
242241,0
242351,0
242905,0
243461,0
243877,0
244029,0
244959,0
245168,0
245265,0
245563,0
245905,0
245990,0
246055,0
246072,0
247163,0
247233,1
247564,0
247705,0
247874,0
248583,0
248933,0
249156,0
249220,0
249270,0
249273,0
249396,0
249552,0
249583,0
249728,0
249982,0
250334,0
250575,0
251175,0
251320,0
251516,0
252433,0
252436,0
252869,0
253167,0
254302,0
254356,0
254665,0
255273,0
255377,0
255436,0
255530,0
255652,0
256368,0
256508,1
257054,0
257720,0
258257,0
258391,0
258818,0
259303,0
259390,0
259655,0
260440,0
260499,0
260708,0
260779,0
261117,0
261251,0
261481,1
262748,0
263046,0
263171,0
263525,0
263584,0
265687,0
266162,0
266284,0
266636,0
266836,0
267476,0
267526,0
268588,0
270695,0
271992,0
273605,0
273897,0
274214,0
274927,0
275078,0
276551,1
276875,0
278432,0
278632,0
278675,0
278882,0
279059,0
279546,0
279708,0
280064,0
280141,0
280649,0
281281,1
281456,0
282401,0
283944,0
283954,0
284285,0
285136,0
285274,0
285977,0
286135,0
286377,0
286717,0
286833,0
286924,0
287525,0
288557,0
288661,0
288885,0
289193,0
289523,1
289698,0
289938,0
290393,0
290503,0
292607,0
292907,0
293030,0
293057,0
293251,0
293324,0
293522,0
294032,0
294390,0
294650,0
295785,0
296521,0
296546,0
297107,0
297413,0
297812,0
298745,1
298749,0
298776,0
298797,0
298957,0
301378,0
301449,0
301629,0
301700,0
301885,0
302356,0
302717,0
303649,0
304043,0
304047,0
304094,0
304789,0
305177,0
305195,0
305808,0
306032,0
306194,0
306315,0
306464,0
306964,0
307377,0
307643,0
307803,0
307806,0
308536,0
308550,0
308591,0
309328,0
309943,0
310162,0
310241,0
310410,0
310449,0
310781,0
311080,0
312524,0
312620,0
313101,0
313835,0
313937,0
314101,0
314237,0
314307,0
314852,0
315737,0
315763,0
316261,1
316579,0
316634,0
316851,0
317328,0
317487,0
317510,0
317860,0
317880,0
317972,0
318049,1
318105,0
318635,0
318726,0
318730,0
318744,1
319331,1
319824,0
320112,0
320354,0
320367,0
321340,0
322009,0
322322,0
322387,0
322476,0
324560,0
324924,0
325038,0
325085,0
325110,0
325543,0
326137,0
326279,0
326444,0
326606,1
326622,0
326675,0
326722,0
326813,0
327733,0
327778,0
328154,0
328919,0
329313,0
329803,0
331103,0
331753,0
332328,0
332381,0
332767,0
333106,0
333853,0
333866,0
334624,0
335384,0
335604,0
335732,0
335850,0
336067,0
336783,1
337231,0
337802,0
338715,0
339107,1
339433,0
339693,1
339739,0
339857,0
341641,0
341850,0
342278,0
342995,0
343068,0
343147,1
344183,0
344415,0
345336,0
345597,0
345602,0
346086,0
346339,0
346341,0
346516,0
346709,0
347182,0
347550,0
348094,0
348700,0
348809,0
349101,1
349741,0
349951,1
349996,0
350030,0
350498,0
350601,0
350603,0
350849,0
351052,0
351122,0
351226,0
351253,0
351753,0
352122,0
352592,0
354027,0
355089,0
355141,0
355292,0
355498,0
355581,0
355704,0
356158,0
356247,0
356309,0
356325,0
356758,0
357169,0
358262,0
358482,0
358566,1
358627,0
358917,0
359009,0
359665,0
359996,0
360032,1
360131,0
360260,0
360801,0
361154,0
361174,0
362164,0
362232,0
363106,0
363392,0
363397,0
364061,0
364379,0
364613,0
364831,0
365263,0
365325,0
365340,0
365407,0
366103,0
366175,0
366183,0
366284,0
366569,0
366581,0
366750,0
367175,0
367366,0
367392,0
367543,0
367826,0
368086,1
368343,0
368774,0
369058,0
369074,0
369680,0
370712,0
370926,0
371544,0
372458,0
372586,0
372982,0
373025,0
373345,0
373407,0
374160,0
374227,0
374427,0
374484,0
374839,0
375230,0
375444,0
375536,0
376337,0
376719,0
376727,0
376767,0
376855,0
376892,0
377111,0
377584,0
377974,0
378435,0
378815,0
378957,0
379255,0
379303,1
379397,0
379633,0
379918,0
380135,0
380641,0
380700,0
380829,0
381084,0
381107,0
381275,0
381877,0
382365,1
382390,0
382701,0
383044,0
383536,0
383848,0
384704,0
385392,0
386435,0
387325,0
387539,0
388433,0
388471,0
388512,0
388822,0
388836,1
388837,1
389758,0
390277,0
390339,1
390349,0
390462,0
390586,0
390755,0
390970,0
391290,0
391293,0
392147,0
393332,0
393466,0
393852,0
394404,0
394482,0
395175,0
395930,0
396750,0
396994,0
397281,0
397600,0
397678,0
397890,0
398286,0
398838,0
400148,0
400286,0
400924,0
401167,0
401257,0
401267,0
401375,0
401472,0
401654,0
401916,0
402686,0
403157,0
403665,0
403926,0
404165,0
404423,0
404448,0
405160,0
405553,0
405732,0
405786,0
405903,0
406503,0
406921,0
407018,0
407163,0
407191,0
407465,0
407706,0
407721,0
408002,0
408175,0
408649,0
409079,0
409994,0
410444,0
411139,0
411249,1
411779,0
412028,0
412359,0
412370,0
412947,0
413002,0
413623,0
413806,0
414530,0
414632,0
414673,0
416303,0
416483,0
416531,0
416725,0
416780,0
417841,0
418006,0
418223,0
418328,0
418475,0
418524,0
419182,0
419783,0
419978,0
421160,0
422753,0
423079,0
423266,0
423746,0
425270,0
425427,0
425691,0
426059,0
426328,0
426965,0
427137,0
427164,0
427307,0
427728,0
427808,0
428168,0
428338,0
428468,0
428846,0
429640,0
429941,0
430738,0
430762,0
431490,0
432278,0
432686,0
432886,0
433293,0
434223,0
434834,0
435181,0
436020,0
437071,0
437080,0
437236,0
437516,0
438103,0
438150,0
438446,0
439056,0
439131,0
439258,0
439522,0
439715,0
440038,0
440356,0
441054,0
441089,0
441580,0
441695,0
443024,0
443241,0
443520,0
443593,0
444244,0
444386,0
444826,0
444927,0
444981,0
445053,0
445074,0
445394,0
445454,0
445552,0
446002,0
446130,0
446734,0
446957,0
447008,0
447414,0
447984,0
448131,0
448177,0
449640,0
449850,0
450506,0
451663,0
451863,0
452421,0
452888,0
453193,0
453915,0
453935,0
454435,0
455302,0
455515,0
455734,0
458096,0
458288,0
458484,0
458585,0
459191,0
459475,0
459551,0
460038,0
460240,0
461008,0
461430,0
461434,0
461446,0
461583,1
461839,0
462046,0
462223,0
462401,0
462611,0
463959,0
464674,0
465081,0
465390,0
465658,0
467578,0
467586,0
467663,0
468008,0
468500,0
468582,1
468873,0
469570,0
469901,0
470229,0
471370,0
471583,0
472186,0
472994,0
473121,0
473176,0
473463,0
473980,0
474446,0
474671,0
474768,0
474887,0
474935,0
475762,0
475976,0
476116,0
476613,0
476728,0
477485,0
477932,0
478546,0
478701,0
479185,0
479272,0
480086,0
480283,0
480635,0
480710,0
480717,0
481033,0
481180,0
481601,0
481605,0
481757,0
482564,0
482731,0
482734,0
482862,0
483164,0
483342,0
483435,0
483513,0
483589,0
483706,0
484137,0
484387,0
484591,0
484847,0
485605,0
485896,1
485997,0
486123,0
486329,0
486367,0
487007,0
487113,0
487665,0
488193,0
489267,0
489296,0
489300,0
489396,0
489437,0
489955,0
490061,0
490106,0
490689,0
490723,0
490764,0
491425,0
492159,0
492578,0
492766,0
493068,0
493180,0
493343,0
493748,0
495063,0
495274,0
495922,0
496082,0
496186,0
496861,0
497056,0
497411,0
497795,0
498977,0
499040,0
499654,0
500454,0
500721,0
500986,0
501047,0
501146,0
501290,0
501388,0
501942,0
502642,0
502671,0
503012,0
503284,0
504401,0
504680,0
504859,0
505007,1
505261,0
505287,0
505462,0
505466,0
506370,1
506615,0
507109,0
507152,0
507308,0
507736,1
507752,1
507800,0
508508,1
508641,0
508647,0
509537,1
509697,1
509781,0
510039,0
510133,0
510221,0
510453,0
510895,0
510956,0
511769,0
512142,0
512388,0
512612,0
512790,0
513301,0
513307,0
513400,0
513481,0
513777,0
513823,0
514061,0
514725,0
514970,0
515068,0
515088,0
515914,0
516048,0
516143,0
517148,0
517831,0
517846,0
518696,0
518778,0
521415,0
522023,1
522297,0
523365,0
523405,0
523429,0
524051,0
524242,0
524860,0
525734,0
525844,0
526419,0
526506,0
526543,0
527408,0
527665,0
527997,0
529148,0
529327,0
530447,0
530623,0
530855,0
531272,0
531617,0
531649,1
531685,0
531761,0
531924,0
532682,0
533517,0
533805,0
533917,0
534258,0
535142,0
535244,0
535396,0
536310,0
536763,0
537102,0
537223,0
537329,0
537372,0
537472,0
539322,0
539975,0
540170,0
541140,0
541746,0
542650,1
542824,0
543469,0
543884,0
543913,0
544808,0
544845,0
545284,0
545569,0
545913,0
546254,0
546926,0
547081,0
547273,0
548018,1
548022,0
548893,0
549110,0
549353,0
549820,0
549873,0
550010,0
551183,0
551278,0
551856,0
552471,0
552747,0
553577,0
553844,0
553869,0
554539,0
555074,0
555093,0
555565,0
555847,0
555972,0
556104,0
556655,0
557688,0
558284,0
558363,0
558883,0
559013,0
559630,0
560122,0
560182,1
560205,0
561008,0
561274,0
561572,0
562047,0
562327,0
563082,0
564104,0
564359,0
564809,0
565307,0
565320,0
565383,0
565582,0
565741,0
565829,0
566477,0
566993,0
567433,0
567736,0
568637,0
569108,0
569292,0
569553,0
569574,0
569716,0
569948,0
570466,0
570825,0
571099,0
571535,0
572275,0
572431,0
572560,0
572711,0
572987,0
573254,0
573560,0
573571,0
575345,0
575597,0
575659,0
575878,0
575935,0
576077,0
576567,0
577045,0
577170,0
577263,0
577365,0
578034,0
578096,0
578359,0
578491,0
578927,0
579182,0
579298,0
579667,0
579799,0
581054,0
581161,0
581704,0
581800,0
582342,0
582382,0
582426,0
582641,0
582658,0
583186,0
583364,0
584302,0
585001,0
585175,0
585395,0
585470,0
585573,0
585591,0
585675,0
585751,0
586369,0
586890,0
587012,0
587036,0
587178,0
587477,0
587790,0
588507,0
588966,0
589450,0
589743,0
589828,0
590366,0
590479,0
590591,0
591211,1
591222,0
591617,0
591672,0
592178,0
592303,0
592366,0
592992,0
593525,0
594057,0
594761,0
595104,0
595558,0
595830,0
596689,0
596806,0
597300,0
597861,0
599193,0
599368,0
600023,0
600708,0
600899,0
603354,0
603758,0
603877,0
604167,0
604871,0
604892,0
605286,0
605513,0
606104,0
606147,0
606872,0
608141,0
608320,1
608483,0
608590,1
608690,0
608705,0
608749,0
609150,0
609175,0
609234,0
609722,0
609737,1
610645,0
610713,0
610746,1
611038,0
611138,0
611263,1
611646,0
611770,0
611890,0
611995,0
612068,0
612473,0
612779,0
612951,0
613193,1
613410,0
613684,0
614145,0
614408,0
614710,0
615750,0
616200,0
616266,0
616282,0
616681,0
616806,0
616967,0
616981,0
618147,0
618164,0
618880,0
619182,0
620047,0
620196,0
620873,0
621635,0
621649,0
621697,0
621899,0
622331,0
622613,0
623095,0
624135,0
624299,0
624354,0
624368,0
624530,0
625223,0
625346,0
626086,0
627066,0
627329,0
627421,0
627437,0
627626,0
628865,0
628908,1
628989,0
629349,0
629385,0
629488,0
629616,0
630751,0
630972,0
630983,0
631084,0
631214,0
631642,1
631789,0
632942,0
633470,0
633668,0
634411,0
634430,0
635452,0
635784,0
636125,0
636996,0
638459,0
638963,0
639267,0
639925,0
640146,0
640961,0
641017,0
641129,0
641619,0
642053,0
642665,0
642862,0
643326,0
643555,0
643631,0
644582,0
644844,0
645431,0
645505,0
645973,0
646227,0
646316,0
646368,0
646532,0
646698,0
646972,0
646978,0
647117,0
647502,0
647732,0
648384,0
649297,0
649412,0
649484,0
650102,0
650202,0
650431,0
650863,1
650970,0
651599,0
651966,0
652677,0
652912,0
653173,0
653395,0
653574,0
653684,0
653803,1
654431,0
655862,0
656742,0
658440,0
659404,0
659692,0
660282,0
662071,0
662080,0
662124,0
662811,0
663184,0
663955,0
664813,0
664995,1
665115,0
665206,0
665510,0
665603,0
665694,0
665760,0
665801,0
665868,0
666103,1
666455,0
666506,0
668179,0
668562,0
668633,0
669461,0
669539,0
670482,0
670538,0
671263,1
671314,0
671632,0
671729,1
671876,0
671891,0
672931,0
673271,0
673301,0
673345,0
673641,0
674064,0
674338,0
674677,0
675023,0
675474,0
675634,0
675887,0
676202,0
676750,0
677036,0
677221,0
677458,0
677542,1
679433,0
679717,0
679729,0
679737,0
680387,0
680487,0
680632,0
680741,1
681122,0
681919,0
681973,0
682402,0
682669,0
682821,0
683208,0
683716,0
684101,0
684311,0
687019,0
687109,0
687193,0
687415,0
687865,0
687957,0
688237,0
688362,0
688483,0
688765,0
689317,0
689629,0
690414,0
690771,0
691545,0
691755,0
692157,0
692235,0
692547,0
692571,0
692732,0
692968,0
693209,0
693889,0
693931,0
694011,0
694082,0
694113,0
694157,0
694182,1
694508,0
694685,0
694809,0
694839,1
695036,0
695078,0
695139,0
695253,0
695278,0
695539,0
695722,0
696039,0
696597,0
696647,0
696732,0
696830,1
696905,0
697860,0
698856,0
699477,0
699510,0
700107,0
700118,0
700484,0
700578,0
700693,0
701121,0
701213,0
701864,0
702823,0
702940,0
703073,0
703905,0
704120,0
704438,0
704705,0
704760,0
704818,0
705180,0
705667,0
705790,0
706057,0
706373,0
706524,0
707191,0
707327,0
707338,0
708256,0
708842,0
709310,0
709403,0
709476,0
709512,0
709677,0
709824,0
709888,0
709915,0
710415,0
710740,0
710826,0
711174,0
711542,0
711819,0
712217,0
712248,0
712274,0
712444,0
712750,0
713300,0
713934,0
713941,0
714092,0
714326,0
714698,0
714724,0
715116,0
715164,0
715261,0
715262,0
715303,0
715351,0
716498,1
716661,0
717162,0
717297,0
717948,0
718017,0
718131,0
719021,0
719336,0
719631,0
720618,0
720749,0
721377,0
721472,0
721853,0
721955,0
722180,0
722777,0
723445,0
723523,0
723562,0
723886,0
723958,0
724374,0
724525,0
724733,0
724973,0
724982,0
725163,0
725811,0
725849,0
725976,0
726346,0
726929,0
727421,0
727776,0
728099,0
728217,1
728314,0
728333,0
728936,0
729006,0
729041,0
729056,0
729105,0
729471,0
729752,0
730227,0
730381,0
731124,0
731255,0
732551,0
733521,0
733742,0
733914,0
733946,0
734245,0
735012,0
735268,0
735320,0
735364,0
735530,0
735670,0
735690,0
736755,0
736974,0
737335,0
738575,0
738790,0
739250,0
740120,0
740219,0
740300,0
740617,0
741353,0
741484,0
742011,0
743450,0
743565,0
743855,0
743982,0
744197,0
744341,0
744906,0
745086,0
745188,0
745222,0
745497,0
745894,0
746144,0
746409,0
746713,0
746930,0
747198,1
748029,0
749021,0
749054,0
749083,0
749434,0
749656,0
749806,0
750243,0
751047,0
751202,0
751480,0
751653,0
752168,0
752179,0
752442,0
752658,0
753168,0
753258,1
753352,0
754018,0
754046,0
754054,0
754278,0
754577,0
754752,0
754873,0
755196,0
755242,0
756732,0
756754,0
756804,0
757348,0
757498,0
758725,0
758936,0
759187,0
759899,0
760866,0
761023,0
761373,0
761490,0
761752,0
761769,0
762305,0
762307,0
762446,0
762460,0
762592,0
762837,0
762959,0
763342,0
763563,0
764109,0
764146,0
764484,0
764749,0
765181,0
765359,0
765564,0
765696,0
766031,0
767514,0
767934,0
768110,0
768169,0
768531,0
768827,0
769338,0
769372,0
769751,0
769917,0
769927,0
771294,0
771448,0
771540,0
771944,0
772178,0
772231,0
772491,0
773248,0
773914,1
774087,0
774772,0
775145,0
775541,0
775830,0
775890,0
776312,1
776912,0
776958,0
777322,0
777504,0
777545,0
778081,0
778212,0
778981,0
778983,0
779087,0
779748,0
779765,0
779822,0
779838,0
780160,0
780254,0
780295,0
780304,0
780516,0
780565,0
780591,0
780669,0
780995,0
781306,0
781338,0
781445,0
781954,0
782271,0
782374,0
782389,0
782399,0
782526,0
782800,0
782844,1
782952,0
783073,0
783671,0
783964,0
783971,0
783993,0
784221,0
785118,0
785347,0
785753,0
786003,0
786135,0
786217,0
787074,0
787515,0
787745,0
788169,0
788219,0
788904,0
789217,0
789227,0
789289,0
789929,0
790520,0
790530,0
790949,0
791219,0
791523,0
791525,0
791625,0
791627,0
791656,0
792183,0
792873,0
793313,0
793546,0
793703,0
793735,0
793955,0
794447,0
794684,0
795840,0
796138,0
796613,0
796619,0
796985,0
797095,0
797437,0
798773,0
799482,0
799702,0
799970,0
800023,0
800082,0
800268,0
800277,0
800387,0
800436,0
801202,0
801796,0
801815,0
802160,0
802459,0
802491,0
802694,0
802907,0
803649,0
804293,0
804342,0
804413,0
804638,0
804759,0
804772,0
804847,0
804871,0
805016,0
805022,0
805083,0
806481,0
806597,0
806706,0
806813,0
806814,0
806939,0
806962,0
807844,0
808110,0
808549,0
808650,0
808989,0
809502,0
809759,0
810271,0
810285,0
810393,0
810521,0
810912,0
810926,0
811052,0
811080,0
811645,0
812917,0
813318,0
813387,0
813440,0
814068,0
814203,0
814291,0
814311,0
815090,0
816278,0
816712,0
816846,0
817227,0
817408,0
817460,1
817508,0
817657,0
818112,0
818873,0
819262,0
819604,0
819673,0
820141,0
820381,0
820597,0
820739,0
820859,0
820929,0
821338,0
821839,0
821920,0
822112,0
822318,0
822444,0
822561,0
822939,0
823076,0
823133,0
823477,0
823642,0
823721,0
823728,0
824528,0
824580,0
825097,0
825215,0
825371,0
825956,0
826092,0
827057,0
827614,0
828730,0
828889,0
829047,0
830563,0
830578,0
830906,0
831078,0
831217,0
831343,0
831758,0
831759,0
831768,0
831776,1
832079,0
832455,0
832789,0
833012,0
833179,0
834438,0
835450,0
835470,0
835605,0
835666,0
835988,0
836350,0
836501,0
836843,0
836992,0
837197,0
837526,0
837591,0
837622,0
837699,0
838029,0
838160,0
838571,0
838923,0
839241,0
839326,0
839477,0
839478,0
839679,0
839830,0
840026,1
840168,0
840171,0
840220,0
840485,0
840581,0
840765,0
841400,0
841550,0
841551,0
841643,0
842015,0
842067,0
842419,0
842451,0
842770,0
842782,0
843082,0
843324,0
843486,0
844158,0
844170,0
844373,0
844391,0
845084,0
845315,0
845327,0
846034,0
846364,0
846655,0
846860,0
847012,0
847160,0
847308,0
847671,0
847750,0
847977,0
848328,0
848871,0
849013,0
849245,0
849464,0
849562,0
849827,0
850043,0
850177,0
850375,0
850589,0
850602,0
850687,0
850809,0
850974,0
851026,0
851270,0
851417,0
851422,0
852025,0
852103,0
852479,1
852523,0
852729,0
852735,0
852949,0
853066,0
853100,0
853173,0
853290,0
853763,1
853814,0
853860,0
855049,0
855178,0
855431,0
855458,0
856359,0
856373,0
856456,0
856539,0
856552,0
856899,0
857169,0
857201,0
857332,0
857384,0
857715,0
857779,0
858027,1
858250,0
858962,0
858973,0
859398,0
859575,0
859655,0
860441,0
860626,0
860727,0
861085,0
861469,0
861674,0
861781,1
861986,0
862596,0
862638,0
862983,0
863165,0
863256,0
863274,0
863547,0
863967,0
863980,0
863998,0
864428,0
864831,0
865577,0
865687,0
865878,0
866396,1
866447,0
866754,0
866764,0
867473,1
867596,0
867740,0
868297,0
868502,0
868628,0
868744,0
868969,0
869359,0
869656,1
869725,0
869834,0
870627,1
871065,0
871959,1
872226,0
873217,0
873236,0
873266,0
873407,0
873861,0
873870,0
873935,1
874320,0
874396,0
874697,0
874749,0
874818,0
875016,0
875436,0
875811,0
875900,0
875984,1
876443,0
876721,0
876756,0
876860,0
877163,1
877277,0
877471,0
877623,0
877679,0
877691,0
877828,0
878278,0
878282,0
878741,0
878916,0
879375,0
879459,1
879551,0
881258,0
881349,0
881552,0
881939,0
882088,0
882116,0
882163,0
882268,0
882274,0
882284,0
882322,0
882340,0
882364,0
882550,0
882846,0
883462,0
883485,0
883860,0
883873,0
884666,0
884870,0
884898,0
884941,0
885675,0
885719,0
886064,0
886086,0
886379,0
886488,0
886490,0
886920,0
886921,0
886994,0
887130,0
887583,0
888048,0
888166,0
888218,0
888372,0
888492,0
889166,0
889335,0
889528,0
889552,0
890407,0
890508,0
891382,0
891470,0
891623,0
891849,0
892861,0
893134,0
893173,0
893214,0
893440,0
893937,0
894522,0
894663,0
894697,0
894785,0
895017,0
895045,0
895080,0
895404,0
895739,0
896155,1
896419,0
896430,0
896498,0
896723,0
896997,0
897084,0
897541,0
897744,0
898330,0
898350,0
898513,0
898665,0
899647,0
900022,0
900087,0
900154,0
900316,0
900464,0
900526,0
900570,0
900780,0
901012,0
901309,0
901496,0
901932,0
902332,0
902440,0
902767,0
903650,1
903770,0
903984,0
904076,0
904246,1
904711,0
904921,0
905545,0
905653,0
906123,0
906310,0
906855,0
907269,0
907685,0
908572,0
908784,0
908815,0
909229,0
909358,0
909532,0
909760,0
909791,0
910065,0
910108,0
910495,0
910904,0
910930,0
910934,0
911290,0
911368,0
911379,0
911794,0
912001,0
912252,0
913279,0
913422,0
913469,0
913897,0
914002,0
914856,0
914955,0
915038,0
915242,0
915706,0
916100,0
916385,0
916918,1
916978,0
916993,0
917696,0
917836,0
918188,0
918189,0
918245,0
918589,1
918672,0
918972,0
918973,0
919657,0
919702,0
920108,0
920933,0
921076,0
921165,0
921259,1
921282,0
921391,0
921424,0
922606,0
922814,0
922821,0
923309,0
923674,0
923712,0
923751,0
924008,0
924112,0
924223,0
924236,0
925132,0
925272,0
925351,0
925741,0
926178,0
927258,0
927865,0
929022,0
929311,1
929597,0
929623,0
929863,0
930463,0
930664,0
931022,0
931027,0
931457,0
931599,0
932140,0
932250,0
932495,0
932775,0
933162,1
934572,0
934789,0
935982,0
936684,0
936829,0
937319,0
937339,0
937864,0
938186,0
938357,0
938705,0
938823,0
939008,0
939009,0
939063,0
939298,0
939308,0
939902,0
939956,0
940315,0
940388,0
940451,0
940676,0
941042,0
941320,0
941678,0
941949,0
941989,0
942059,0
942145,0
942894,0
943294,0
943623,0
944074,0
944099,0
944534,0
944547,0
944895,0
944959,0
944989,0
945044,0
946229,0
946587,0
946922,1
946954,0
947051,0
947253,0
947314,0
947365,1
947513,0
947550,0
947623,0
947693,0
947804,0
948139,0
948225,0
948760,0
948888,0
949236,0
949245,0
949945,0
950190,0
950709,0
950811,0
951007,0
951137,0
951711,0
952035,0
953009,0
953555,0
954076,0
954267,0
954399,0
954497,0
954563,0
954632,0
955738,0
956079,0
956191,0
956556,0
956614,0
956788,0
957786,0
957917,0
958066,0
958612,0
959349,0
959680,0
959702,0
959745,0
960322,0
960395,0
960596,0
960736,0
961252,0
961509,0
962806,0
962889,0
962894,0
963020,0
963425,0
963502,0
963979,0
964200,1
964230,0
964725,0
964783,0
964803,0
965490,0
965932,0
965937,0
966068,0
966112,0
966144,0
966542,0
966786,0
967160,0
967633,0
967710,0
967799,0
968087,1
968428,0
968440,0
968678,0
968687,0
969445,0
969638,0
969721,0
969799,0
969810,0
969898,0
970085,0
970157,0
970455,0
970910,0
971287,0
971354,0
971555,0
971620,0
972297,0
972428,0
972524,1
972537,0
972855,0
972858,0
973143,0
973173,0
973192,0
973717,0
974089,0
975014,0
975179,0
975342,0
975911,0
976029,0
977013,1
977380,0
977897,0
978064,0
978258,0
978347,0
978508,0
978551,0
978987,0
979277,0
979280,0
979579,0
979845,0
980236,0
980274,0
980305,0
980433,0
980563,0
980602,0
980842,0
981531,0
981559,0
981677,0
981714,0
982328,0
982729,0
982819,0
982873,0
983035,0
983078,0
983613,0
983667,0
984321,0
984343,0
985051,0
985124,0
985269,0
985565,0
985869,0
986104,0
986135,0
986306,0
986687,0
986924,0
986987,0
987367,0
987450,0
987893,0
987916,0
988528,0
988871,0
989025,0
989038,0
989072,0
989360,0
989384,0
989669,0
989895,0
989897,0
989925,0
989969,0
990089,0
990330,0
990435,0
990699,0
991678,0
991965,0
991966,0
992535,0
992600,0
993189,0
993217,0
993783,0
994112,0
994792,0
995018,0
995122,0
995123,0
995377,0
995780,0
996188,0
996511,0
996520,0
997078,0
997320,0
997542,1
997785,0
997816,0
998272,1
998611,0
998674,0
999372,0
999545,0
999667,0
999951,0
1000237,0
1000251,0
1000252,0
1000293,0
1000331,0
1000493,0
1000663,1
1000785,1
1000902,0
1001196,0
1001617,0
1001751,0
1001774,1
1003115,0
1004789,0
1004882,0
1005159,0
1005821,0
1006499,0
1007084,0
1007234,0
1007336,0
1007783,0
1007983,0
1008930,0
1009624,0
1010191,0
1010617,0
1011740,0
1012171,0
1012487,0
1012826,0
1013614,0
1013645,0
1013869,0
1014057,0
1014123,0
1014203,0
1014252,0
1014553,0
1014597,0
1014658,0
1015425,0
1016536,1
1016732,0
1017530,0
1017537,0
1017613,0
1017826,0
1018437,0
1018829,0
1019061,0
1019328,0
1019731,0
1020596,0
1020788,0
1021206,0
1021279,0
1021691,0
1022008,0
1022077,0
1022632,0
1022719,0
1022809,0
1022978,0
1023822,0
1023856,0
1023975,0
1024027,0
1024277,0
1024600,0
1024961,0
1024970,0
1026624,0
1026769,0
1027022,0
1027058,0
1027433,0
1027903,0
1028025,0
1028044,0
1029885,0
1030100,0
1030146,1
1030692,0
1030857,0
1031254,0
1031438,0
1031513,0
1031524,0
1031924,0
1032179,0
1032292,0
1033976,0
1034126,0
1034510,0
1035485,0
1035684,0
1035821,0
1035942,0
1036064,1
1036141,0
1036350,0
1036697,0
1037307,0
1037751,0
1038317,0
1038564,0
1038842,0
1038855,0
1039276,0
1039625,0
1040092,0
1040229,0
1040560,0
1041480,0
1041504,0
1041685,0
1041984,0
1042119,0
1042874,0
1042983,0
1042986,0
1043074,0
1043135,0
1043652,0
1044103,0
1044114,0
1044368,0
1044732,0
1044912,0
1044964,0
1045479,0
1046841,0
1046977,0
1047818,0
1047898,0
1048189,1
1048243,0
1048379,0
1048519,0
1048561,0
1048924,0
1049405,0
1049871,1
1050209,1
1050395,0
1050490,0
1051086,0
1051241,0
1051371,0
1052146,0
1052528,0
1052611,0
1052812,0
1053083,0
1053144,0
1053151,0
1053181,0
1053689,0
1053939,0
1054068,0
1054437,0
1054547,0
1054809,0
1055234,0
1055347,0
1055474,0
1055820,0
1055991,0
1056185,0
1056987,0
1057063,0
1057071,1
1057112,0
1058009,0
1058017,1
1058424,0
1058474,0
1059758,0
1059869,0
1060173,0
1060376,0
1060655,1
1061174,0
1061502,0
1062062,0
1062089,0
1062154,0
1062937,0
1063694,0
1064648,0
1064757,0
1065042,0
1065308,0
1065364,0
1066406,0
1067210,0
1067501,1
1068002,0
1068240,0
1068287,0
1068763,0
1069358,0
1069657,0
1069978,0
1070757,0
1071213,0
1071631,0
1072376,0
1073345,0
1074290,0
1074883,0
1074894,0
1075493,0
1075893,0
1076280,0
1076310,0
1076456,0
1076487,0
1076885,0
1077486,0
1077790,0
1078003,0
1079107,0
1079193,0
1079232,0
1079425,0
1079537,0
1079627,0
1080213,0
1080382,0
1081910,0
1082268,0
1082273,0
1082650,0
1082985,0
1083297,0
1084000,0
1084247,0
1084566,0
1084784,0
1085368,0
1085482,0
1086622,0
1086729,0
1087771,0
1088082,0
1088289,0
1088411,0
1088839,0
1088911,1
1089144,0
1089377,0
1089437,0
1090620,0
1092173,0
1092247,0
1092737,0
1092862,0
1093073,0
1093249,0
1093327,0
1093411,0
1093419,0
1093672,0
1094115,0
1094624,0
1095026,0
1095179,0
1095208,0
1095499,0
1096294,0
1097345,0
1098179,0
1098457,0
1098661,0
1098674,0
1099222,0
1099503,0
1100713,1
1100916,0
1101157,0
1101485,0
1101553,0
1102707,0
1102840,0
1103662,0
1105662,0
1105872,0
1106169,0
1106963,0
1107458,0
1107500,0
1107553,0
1107790,0
1108105,0
1108233,0
1108431,0
1108617,0
1109029,0
1109149,0
1109523,0
1109537,0
1110081,0
1110149,0
1110151,1
1112002,0
1112163,0
1113485,0
1114035,0
1114211,1
1114555,0
1115003,0
1115114,0
1115123,0
1115993,0
1116088,1
1116433,0
1117446,0
1117456,0
1118299,0
1118507,0
1118651,0
1118793,0
1119612,0
1120242,0
1120399,1
1121373,0
1121595,0
1121662,0
1122765,1
1123021,0
1124196,0
1124200,0
1126399,0
1126769,0
1127262,0
1127927,0
1127999,0
1128104,0
1128132,0
1129070,0
1129824,0
1129966,1
1130085,0
1130210,0
1130319,0
1130355,0
1130832,0
1130897,0
1131209,0
1131489,0
1131539,0
1132894,0
1133247,0
1134100,0
1134166,0
1134418,0
1134423,0
1134577,0
1134759,0
1135536,0
1135962,1
1136388,0
1136552,0
1136721,0
1136946,0
1137750,0
1138131,0
1138282,0
1138524,0
1138694,0
1140153,0
1140176,0
1141720,0
1141947,1
1141952,0
1142306,0
1142325,0
1143277,0
1143629,0
1143700,0
1144056,0
1144241,0
1144591,0
1145400,0
1145886,0
1145961,0
1146002,0
1146668,0
1147139,0
1147794,0
1148272,0
1148506,0
1148692,0
1148831,0
1149496,0
1150396,0
1150447,0
1150543,0
1151594,0
1151832,1
1152363,0
1152921,0
1153329,0
1153842,0
1154041,0
1154585,0
1154874,0
1155065,0
1155615,0
1155636,0
1155685,0
1155988,0
1156173,0
1156323,0
1156641,0
1157590,0
1157948,0
1159332,0
1159803,0
1159820,0
1160595,0
1160884,0
1161023,0
1161192,0
1161728,0
1161833,0
1161885,0
1162652,0
1163386,0
1163435,0
1163953,0
1164105,0
1164407,1
1165413,0
1165593,0
1165688,0
1165944,1
1167366,0
1167425,0
1167529,0
1168045,0
1168713,0
1168858,0
1168922,0
1169157,0
1169601,0
1169619,0
1169683,0
1169737,0
1170345,0
1170682,0
1170728,0
1170743,0
1170824,0
1171118,0
1171155,0
1171199,0
1171317,0
1171442,0
1171723,0
1172337,0
1172351,0
1172384,0
1172388,0
1172396,0
1172783,0
1173613,0
1173780,0
1174184,0
1174237,0
1174787,0
1174860,0
1174952,0
1175324,0
1175460,1
1175509,0
1175767,0
1176118,0
1176293,0
1176720,0
1176986,0
1177089,0
1177151,1
1177567,0
1178963,0
1179205,0
1179283,0
1179543,0
1179891,0
1180321,0
1180378,0
1180739,0
1181114,0
1181667,0
1181900,0
1182071,0
1182217,0
1183434,0
1183814,0
1183993,0
1184095,0
1184378,0
1185050,0
1185452,0
1185667,0
1185695,0
1186320,1
1186615,0
1186985,0
1187305,0
1187399,0
1188264,0
1188616,0
1188865,0
1189331,0
1189450,0
1189616,0
1189655,0
1190320,0
1190437,0
1190541,0
1190767,0
1190941,0
1190943,0
1191088,0
1191940,0
1192163,0
1192408,0
1192515,0
1192521,0
1192936,0
1193294,0
1193409,0
1194420,0
1194435,0
1194815,0
1194870,0
1195143,0
1195269,0
1195304,1
1195386,0
1195751,0
1195913,0
1195944,0
1196591,0
1196848,0
1197237,0
1197283,0
1197640,0
1198383,0
1198681,0
1198872,0
1199317,0
1199458,0
1199526,0
1199690,0
1200201,0
1200318,0
1200396,0
1200891,0
1201462,0
1201663,0
1201990,0
1202354,0
1202766,0
1202908,1
1203267,1
1204740,0
1205004,1
1205051,0
1205159,0
1206130,0
1206558,0
1206573,0
1206699,0
1206717,0
1206892,1
1208175,0
1208291,0
1208539,1
1208767,0
1208862,0
1209021,0
1209686,1
1210045,0
1210130,0
1210263,0
1210380,0
1211081,0
1211137,0
1211297,1
1212275,0
1212346,0
1212372,0
1212541,0
1212634,1
1212995,0
1213726,0
1214234,1
1214265,0
1214756,0
1214870,0
1215488,0
1215874,0
1216954,0
1216968,0
1217013,0
1217174,0
1217314,0
1217507,0
1217536,0
1218356,0
1218834,1
1218870,0
1219764,0
1219778,0
1220237,0
1220533,0
1220617,0
1221181,0
1221351,0
1221724,0
1221812,0
1222010,0
1223079,0
1223160,0
1223746,0
1224364,0
1224999,0
1225016,0
1225299,0
1225943,0
1226171,0
1226192,0
1226317,0
1226352,1
1226484,0
1227373,0
1228642,0
1228690,0
1228711,0
1230056,1
1230270,0
1230659,0
1230870,0
1231439,0
1231659,1
1232292,0
1233713,0
1234306,0
1235037,0
1235155,0
1235450,0
1235659,0
1236104,0
1236109,1
1236475,0
1236589,0
1236624,0
1236638,0
1237636,0
1237859,0
1238442,0
1238811,0
1239174,0
1239198,0
1239238,0
1239757,0
1239858,0
1240208,0
1240425,0
1240618,0
1240905,0
1241158,0
1241471,0
1241655,0
1242363,0
1242803,0
1242852,0
1242889,0
1243318,0
1243431,0
1243667,0
1243937,0
1244163,0
1244344,0
1244492,0
1244650,0
1245104,0
1245457,0
1245518,0
1246028,0
1246124,1
1246240,0
1246282,0
1246876,0
1247934,0
1249650,0
1249961,0
1250174,0
1250473,0
1250580,0
1251107,0
1251168,0
1251250,0
1251279,0
1251406,0
1251720,0
1252120,0
1253315,0
1253436,1
1253651,1
1254519,0
1256417,0
1257212,0
1258593,0
1258693,0
1258995,0
1259531,0
1260085,0
1260134,0
1261172,1
1261262,0
1261471,0
1261483,0
1261675,0
1261815,0
1261935,0
1262130,0
1262188,0
1262449,0
1262517,0
1262538,0
1262712,0
1263229,0
1263390,0
1263732,0
1264132,0
1264143,1
1264235,0
1264605,0
1264946,0
1265790,0
1266118,1
1266122,0
1266598,1
1266635,0
1266656,0
1266732,0
1266749,0
1266785,0
1267102,0
1268024,0
1268127,0
1268390,0
1268573,0
1268626,0
1268765,0
1268896,0
1269112,0
1269215,0
1269639,0
1269738,0
1269758,0
1269938,0
1270027,0
1270216,0
1270484,0
1270498,0
1270771,0
1270948,0
1271093,0
1271122,0
1271200,0
1271247,0
1271439,0
1271455,0
1271515,0
1271624,0
1271731,0
1271901,0
1272087,0
1272251,0
1272275,0
1272397,0
1272402,0
1273021,0
1273408,0
1273532,0
1273622,0
1273642,0
1273856,0
1274205,0
1274219,0
1274259,0
1274681,0
1274817,0
1274977,0
1275085,1
1275125,0
1275307,0
1275475,0
1275521,0
1275595,0
1275640,0
1275800,0
1276107,0
1276226,0
1276246,0
1276768,0
1276851,0
1277222,0
1277658,0
1277714,0
1277837,0
1277893,0
1277998,0
1278066,0
1278227,0
1279094,0
1279101,0
1279175,0
1279246,0
1279347,1
1279898,0
1279962,0
1280010,0
1280057,0
1280147,0
1280455,0
1280973,0
1281059,0
1281390,0
1281464,0
1281749,0
1282116,0
1282856,0
1283258,0
1283318,0
1283796,0
1285797,0
1285871,0
1285932,0
1286394,0
1286649,0
1287133,0
1287878,0
1288289,0
1288472,0
1289093,0
1289111,0
1289115,0
1289155,0
1289178,0
1289465,0
1289669,0
1289896,0
1290026,0
1290479,1
1291096,0
1291142,0
1291287,0
1291400,0
1292410,0
1292432,0
1293396,0
1293435,0
1293673,0
1293780,0
1293874,0
1294243,0
1294722,0
1295079,0
1295136,0
1295283,0
1295377,0
1295530,0
1295681,0
1297599,0
1298743,0
1299632,1
1299912,1
1300141,0
1300431,0
1301462,0
1301517,0
1302875,0
1303691,0
1305706,0
1305715,0
1305935,1
1306036,0
1306629,0
1307442,0
1307705,0
1307733,0
1308026,0
1308110,0
1308457,0
1309476,0
1309533,0
1309808,0
1309814,0
1310150,0
1310178,0
1310943,1
1310993,0
1310999,0
1311228,0
1311594,1
1312249,0
1312269,0
1313471,0
1314227,0
1314722,0
1316756,0
1316820,0
1317098,0
1318201,0
1318872,1
1319581,0
1319833,0
1319898,0
1320050,0
1320216,0
1320326,0
1322531,0
1322878,0
1323131,0
1323734,0
1325105,0
1325382,0
1325974,0
1326238,0
1326334,0
1327317,0
1329139,0
1329333,0
1329731,0
1330542,0
1330803,0
1331205,0
1332541,0
1333366,0
1333764,0
1333786,0
1333835,0
1335288,0
1335722,0
1335864,0
1336277,0
1336315,0
1336780,0
1336844,0
1337935,0
1338413,0
1338687,0
1340930,0
1341403,0
1342202,0
1342485,0
1342759,0
1342773,0
1343393,0
1343976,0
1344473,0
1344827,0
1346232,0
1346267,1
1347010,0
1347076,1
1347332,0
1347693,0
1347818,0
1349047,0
1349409,0
1349627,0
1349885,0
1350324,0
1350355,0
1350620,0
1351838,0
1351940,0
1352486,0
1352551,0
1353030,0
1353222,0
1353304,0
1353456,0
1353741,0
1353929,0
1354055,0
1354201,0
1354744,0
1354806,0
1355554,0
1355642,0
1356625,0
1356697,0
1357296,0
1357504,0
1357965,0
1358143,1
1358277,0
1358761,0
1359051,0
1359414,0
1359967,0
1359970,0
1360146,0
1360354,0
1360418,0
1360439,0
1361450,0
1361585,0
1361719,0
1361751,0
1362497,0
1362837,0
1362855,1
1363322,0
1363903,0
1364017,0
1364142,1
1364547,0
1365097,0
1365454,0
1365890,0
1365942,0
1366684,0
1366879,0
1367217,0
1367220,0
1367304,0
1367433,0
1367637,0
1367709,0
1368077,0
1368747,0
1368799,0
1369340,0
1370219,0
1371293,0
1371315,0
1371421,0
1371726,0
1371876,0
1372614,0
1372638,0
1372674,0
1373252,0
1373453,0
1374361,0
1374424,0
1375219,0
1375649,0
1375847,0
1376376,0
1376832,0
1376910,0
1376977,0
1377193,0
1377860,0
1378003,0
1378146,0
1378156,0
1378176,0
1378307,0
1378374,0
1378449,0
1378653,0
1378881,0
1378943,0
1379054,0
1379289,0
1379846,0
1379981,0
1381279,1
1382574,0
1382971,0
1384117,0
1384202,0
1384535,0
1384818,0
1384991,0
1385864,0
1385928,0
1386051,0
1386364,0
1386657,0
1386661,0
1387565,0
1387899,0
1387915,0
1388158,0
1388824,0
1389260,0
1389640,0
1390600,0
1391211,0
1391830,0
1391856,0
1391897,0
1392440,0
1393139,0
1393945,0
1394015,0
1394207,0
1394578,0
1394859,0
1394862,0
1394876,0
1395287,0
1395728,0
1396134,0
1396352,0
1396717,0
1396728,0
1397396,0
1398715,0
1398744,0
1398938,0
1399233,0
1399406,0
1399497,0
1399831,0
1399922,0
1400067,0
1400344,0
1400572,0
1400617,0
1401354,0
1401690,0
1401714,0
1402298,1
1402347,0
1402380,0
1402978,1
1403329,0
1403485,0
1403719,0
1404057,0
1404069,0
1404518,1
1404617,0
1404682,1
1404826,0
1405862,0
1406201,0
1406234,0
1406624,0
1406697,0
1407109,0
1407354,0
1407559,0
1407774,0
1408578,0
1408642,0
1408717,0
1408902,0
1409245,0
1410458,0
1410501,0
1410631,0
1410632,0
1411085,0
1411303,0
1412649,0
1412865,0
1413282,0
1414168,0
1414802,0
1415149,0
1415186,0
1415598,0
1416083,0
1416110,0
1416287,0
1416771,0
1417872,1
1418074,0
1418140,0
1418210,0
1418256,0
1418873,0
1419209,0
1419979,0
1420040,0
1420380,0
1421970,0
1422019,0
1422071,0
1422469,0
1423220,0
1423474,0
1423524,0
1424283,0
1424449,0
1424625,0
1424655,0
1425144,0
1425922,0
1426283,0
1426374,0
1426812,0
1427493,0
1427841,0
1427877,0
1427981,0
1428547,0
1429079,0
1429271,0
1429432,0
1430086,0
1430569,0
1430798,0
1430938,0
1431191,0
1432211,0
1432660,0
1433190,0
1433461,0
1433902,0
1434376,0
1434513,0
1434585,0
1435590,0
1435689,0
1435790,0
1435892,0
1436098,1
1436613,0
1437127,0
1438059,0
1438250,0
1438392,1
1438839,0
1439067,0
1439178,0
1439834,0
1440684,0
1440838,0
1441025,0
1442340,0
1442532,0
1442657,0
1443075,0
1443606,0
1443815,0
1444272,0
1444575,0
1445392,0
1445528,0
1446350,0
1446748,0
1446818,0
1447169,1
1447689,0
1448052,0
1448774,0
1448797,0
1448853,0
1449125,0
1449788,0
1449951,0
1450067,0
1450420,0
1450579,0
1451007,0
1451115,0
1451382,0
1451529,0
1451556,0
1453020,0
1453048,0
1453384,0
1453734,0
1454348,0
1454678,0
1455737,0
1456024,0
1456039,0
1456248,0
1457918,0
1457962,0
1458049,0
1458362,0
1458617,0
1458652,0
1458667,0
1458727,0
1459144,0
1459494,0
1460037,0
1460199,0
1460796,1
1461244,0
1461459,0
1461584,0
1461740,0
1461749,0
1462233,1
1462801,0
1463833,0
1463980,0
1464143,0
1464412,0
1464900,0
1465776,0
1466448,0
1466458,0
1466690,0
1467057,0
1467383,1
1467535,0
1467568,1
1467724,0
1467839,0
1468178,0
1468266,0
1468362,0
1468794,0
1469327,0
1469333,0
1469409,0
1469623,0
1470018,0
1470115,0
1470123,0
1470218,0
1470703,0
1470779,0
1471149,0
1471177,0
1471619,0
1471665,0
1472213,0
1472241,0
1472530,1
1473329,0
1473502,0
1473663,0
1473858,0
1474115,0
1474484,0
1474873,0
1475470,0
1475770,0
1475937,0
1476337,0
1476511,0
1476679,0
1476829,0
1476953,0
1477336,0
1477607,0
1477681,0
1479113,0
1479289,0
1479442,0
1479763,0
1479930,0
1479942,0
1480486,0
1480628,0
1480744,0
1481139,0
1481705,0
1481756,0
1482109,0
1482444,1
1484079,0
1484418,0
1484710,0
1485085,0
1485206,0
1486251,0
1486479,0
1486912,0
1486928,0
1487080,0
1487134,0
1487249,0
1487265,0
1487309,0
1487415,0
1487666,1
1487761,0
1488191,0
1488587,0
1488611,0
1488744,0
1489264,0
1489335,0
1490533,0
1490728,0
1491589,0
1491768,0
1492042,0
1492163,0
1492321,0
1492456,0
1492541,0
1492583,0
1493340,0
1494405,1
1494562,0
1494656,0
1495539,0
1495745,0
1495893,0
1495953,1
1496009,0
1496187,0
1496467,0
1497764,0
1497905,0
1498803,0
1498806,0
1499522,0
1500216,0
1500417,0
1500690,0
1500802,0
1501371,0
1501466,0
1501964,0
1502198,0
1502291,0
1502510,0
1502617,0
1502667,0
1502878,1
1502916,0
1503952,0
1504319,0
1504902,0
1505080,0
1505399,1
1506173,0
1506839,0
1507663,0
1507773,0
1507953,0
1508076,0
1508309,0
1508494,0
1508565,0
1508875,0
1508918,0
1508989,0
1509192,0
1509243,0
1509386,0
1509681,0
1509943,0
1510572,0
1510752,0
1511619,0
1512018,0
1512685,1
1512709,0
1512835,0
1512996,0
1513712,0
1513787,0
1514020,0
1514101,0
1514193,0
1515023,0
1515058,0
1515178,0
1516174,0
1516259,0
1516659,0
1516983,0
1517965,0
1518138,0
1518649,0
1518798,0
1518991,0
1519270,0
1519388,0
1519503,0
1519559,0
1519968,0
1520170,0
1520208,0
1520251,1
1520522,0
1521225,0
1522015,0
1522393,0
1522565,0
1522918,0
1523334,0
1524037,1
1524095,0
1524359,0
1524791,0
1524864,0
1525331,0
1525532,0
1525838,0
1526009,0
1526373,0
1526784,0
1527333,0
1527407,0
1527549,0
1527659,0
1527785,0
1527848,0
1528048,0
1528439,0
1528654,0
1528744,0
1528990,0
1529019,1
1529125,0
1529467,0
1529857,0
1530021,0
1530161,0
1530824,0
1531185,0
1531395,0
1531567,0
1531733,1
1531847,0
1532533,0
1532550,0
1533070,0
1533732,0
1534031,0
1534093,0
1534358,0
1534625,1
1534685,0
1534883,0
1534950,0
1535403,0
1535476,1
1535547,0
1535909,0
1535996,0
1536072,0
1536791,0
1537632,0
1537807,0
1538186,0
1538458,0
1538519,0
1538683,0
1538944,0
1539122,0
1539136,0
1539138,0
1539377,0
1539489,0
1539803,0
1540456,0
1540528,0
1540717,0
1540828,0
1541055,0
1541540,0
1541906,0
1541934,0
1542184,0
1542288,0
1542434,0
1542738,0
1542898,0
1543163,0
1543217,0
1543261,0
1543318,0
1543360,0
1544060,0
1544068,0
1544637,0
1544794,0
1545110,0
1545316,0
1545465,0
1545904,0
1546853,0
1546874,0
1547035,0
1547533,0
1547716,0
1548424,0
1548514,0
1548641,0
1548893,0
1549187,0
1549553,0
1549644,0
1549760,0
1549946,0
1550561,0
1550583,0
1550588,0
1550698,0
1551062,0
1551365,0
1551453,0
1551458,1
1551621,0
1552186,1
1552285,0
1552651,0
1553055,0
1553875,0
1554126,0
1554157,1
1554381,0
1554403,0
1554531,1
1554566,0
1554691,0
1554812,0
1554987,0
1555124,0
1555293,0
1555495,0
1555522,0
1555691,0
1555807,0
1556245,0
1556817,1
1556893,0
1556938,0
1557111,0
1557409,0
1557580,0
1557613,0
1558072,0
1558677,1
1558896,0
1559086,0
1559171,0
1559604,0
1559861,0
1559896,0
1560221,0
1561219,0
1561368,0
1561397,0
1561685,0
1561868,0
1563162,0
1563371,0
1563957,0
1564232,0
1564385,0
1564408,1
1564742,0
1564899,0
1564959,0
1564992,0
1565261,0
1565576,0
1565667,0
1565897,0
1566158,0
1566308,0
1566468,0
1566510,0
1566647,0
1567354,0
1567439,0
1567499,0
1567955,0
1568029,0
1568142,0
1569012,0
1569586,0
1569594,0
1570258,0
1570429,0
1570433,0
1570526,0
1571093,0
1571212,0
1571962,0
1572392,0
1572548,0
1573001,0
1573265,0
1573330,0
1573356,0
1573824,0
1574340,0
1574608,1
1574807,0
1574844,0
1575532,0
1576111,0
1576236,0
1576302,0
1576733,1
1576900,0
1576929,1
1577364,0
1577606,0
1578215,0
1578521,0
1578617,0
1578830,0
1579149,1
1579360,0
1579680,0
1579718,0
1579846,0
1580077,0
1581325,0
1582134,0
1582315,0
1582907,0
1583290,0
1583605,0
1584017,0
1584123,0
1584164,0
1584220,0
1584238,0
1584521,0
1585319,0
1585739,0
1585974,0
1586317,0
1586451,0
1586548,0
1586820,0
1586883,0
1587075,0
1587076,0
1587536,0
1587975,0
1588033,0
1588157,0
1588836,0
1588932,0
1588935,0
1588941,0
1589164,0
1589544,0
1589952,0
1590037,0
1590153,0
1590687,0
1590741,0
1591435,0
1591517,0
1591574,0
1591669,0
1591841,0
1592223,0
1592724,0
1594000,0
1594047,0
1594726,0
1595219,0
1595331,0
1595354,0
1595835,0
1596103,0
1596147,0
1596150,0
1597079,0
1597783,0
1597802,0
1597886,0
1598560,0
1598645,0
1598812,0
1599011,0
1599710,0
1600661,0
1600801,0
1601042,0
1601371,0
1601460,0
1601538,0
1601681,0
1601894,0
1601982,0
1602416,0
1602552,0
1602845,0
1603345,0
1603510,0
1603827,1
1603888,0
1603915,0
1603918,0
1603951,0
1604275,0
1604366,0
1604684,0
1604756,0
1604927,0
1605069,0
1605208,0
1607245,0
1607697,0
1607867,0
1608077,0
1608774,0
1610594,0
1610841,0
1612326,0
1613099,0
1613810,1
1614134,0
1614267,0
1614420,0
1614451,0
1614490,0
1614625,0
1615346,0
1615663,0
1615747,0
1618213,0
1618439,0
1618515,0
1618561,0
1618691,0
1618879,0
1618975,0
1619067,0
1619382,0
1619736,0
1619870,0
1620197,0
1620233,0
1620680,0
1620971,1
1621577,0
1621896,0
1621903,0
1622230,0
1622614,0
1622931,0
1623531,0
1623547,0
1623562,0
1623613,0
1623952,0
1624054,0
1624605,0
1625230,0
1625540,0
1626006,0
1626027,1
1626130,0
1626172,0
1626975,0
1627483,1
1627792,0
1627912,0
1628497,0
1628848,0
1629519,0
1629564,0
1629947,0
1630936,0
1630981,0
1631517,0
1631587,0
1632570,1
1632842,0
1633997,0
1634488,0
1634559,0
1634707,0
1635078,0
1635324,0
1635745,0
1636095,0
1637260,0
1637282,0
1637421,0
1637488,0
1637964,0
1638473,0
1638930,0
1639500,0
1639540,0
1639552,0
1640094,0
1640129,0
1640385,0
1640472,0
1641869,0
1641947,0
1642286,0
1642467,0
1642592,0
1642690,0
1643590,0
1643924,0
1644273,0
1645202,0
1645273,0
1645354,0
1645622,0
1646000,0
1646100,0
1646551,0
1646984,0
1647336,0
1647610,0
1647900,0
1647931,0
1648169,0
1648684,0
1649109,0
1650193,0
1650426,0
1650427,0
1650437,0
1650566,0
1650896,0
1651342,0
1651348,0
1651412,0
1651646,0
1651731,0
1651756,0
1652990,0
1653091,0
1653279,0
1653374,0
1653434,0
1653716,0
1653906,0
1654125,0
1654233,0
1654426,0
1655110,0
1655267,0
1655576,0
1655851,0
1656007,0
1656118,0
1656310,0
1656529,0
1657011,0
1657583,0
1658090,0
1658296,0
1658468,0
1658504,0
1658541,0
1658647,0
1658882,0
1659096,0
1659231,0
1659408,0
1659550,0
1659655,0
1659705,0
1659784,0
1660271,0
1660638,1
1660769,0
1660829,0
1661304,0
1661353,0
1661714,0
1662313,0
1662342,0
1662466,0
1662600,0
1662925,0
1662966,0
1662988,0
1663024,0
1663055,0
1663202,0
1663428,1
1663547,0
1663647,0
1663976,0
1664449,0
1664837,0
1665184,0
1667158,0
1667185,0
1667256,0
1667257,0
1667448,0
1667613,0
1667869,0
1667908,0
1668300,0
1668665,0
1668714,0
1668883,0
1668885,0
1669180,0
1669534,0
1669555,0
1669795,0
1670176,0
1670382,0
1670606,0
1670939,0
1670973,0
1671096,0
1671348,0
1671727,0
1672296,0
1672360,0
1672403,0
1672491,0
1673174,0
1673324,0
1673470,0
1673590,0
1673729,0
1673926,0
1674612,0
1675174,0
1675403,0
1675484,1
1675580,0
1675677,0
1675720,0
1675897,0
1676333,0
1677009,0
1677559,0
1678119,0
1678177,0
1678821,0
1679386,0
1679593,0
1679751,0
1680373,0
1681236,0
1682257,0
1682388,0
1682583,0
1682690,0
1683219,0
1683758,0
1683983,0
1684066,0
1684079,0
1684218,0
1684391,0
1684570,0
1684741,0
1684981,0
1686099,0
1686492,0
1687007,0
1687167,0
1688080,0
1688541,0
1688671,0
1688738,0
1688745,0
1688893,0
1689466,0
1689584,0
1689615,0
1689917,0
1690473,0
1690861,0
1692360,0
1692442,0
1692675,0
1692820,0
1692822,0
1693194,0
1694028,0
1694956,0
1695007,0
1695044,0
1695241,0
1695596,0
1695716,0
1695939,0
1696372,0
1697657,0
1697685,0
1698046,0
1698379,0
1698665,0
1698737,0
1699678,0
1700085,0
1700142,0
1700159,0
1700232,0
1700721,0
1700752,0
1700803,0
1701168,0
1701604,0
1702304,0
1702357,0
1702506,0
1702530,0
1702964,0
1703604,0
1703631,0
1703715,0
1703838,0
1704290,0
1704306,0
1705138,0
1705601,0
1705631,0
1706179,0
1706297,0
1706462,0
1706742,0
1707073,0
1707671,0
1708439,0
1708519,0
1708909,0
1709380,0
1709581,0
1710241,0
1710376,0
1710850,0
1712615,0
1713208,0
1713373,0
1713439,1
1713476,0
1713533,0
1713693,0
1714231,0
1714746,0
1715091,0
1715130,0
1715188,0
1715759,0
1715901,0
1716148,0
1716527,0
1716579,0
1716787,0
1716866,0
1716879,0
1718172,0
1718457,0
1718618,0
1718627,0
1718671,0
1719953,0
1719954,0
1719969,0
1720189,0
1720472,0
1720505,0
1721248,0
1721657,0
1721835,0
1721886,0
1721968,0
1722508,0
1723473,0
1723670,0
1724348,0
1724735,0
1725025,0
1725756,0
1726478,0
1727315,0
1727496,0
1727612,0
1728035,0
1728528,0
1728849,0
1728876,0
1729307,0
1729324,0
1729427,0
1729848,0
1729910,0
1730645,0
1731052,0
1731150,0
1731494,0
1731668,0
1731859,0
1732491,0
1732630,0
1732942,0
1733132,0
1733477,0
1733681,0
1733853,0
1733871,0
1734220,0
1734330,0
1734675,0
1734825,0
1734907,0
1735121,0
1735263,0
1735372,0
1735670,0
1737526,0
1737682,0
1737684,0
1737688,0
1738015,0
1739330,0
1739648,0
1739831,0
1739934,0
1740163,0
1741144,0
1741282,0
1741652,0
1741720,0
1741891,0
1742017,0
1743701,0
1744323,0
1744789,0
1745125,0
1745585,0
1745763,0
1745924,0
1745950,0
1745951,0
1746416,0
1746609,1
1746929,0
1747164,0
1747672,0
1747863,0
1748032,0
1748373,0
1749311,0
1749640,0
1750328,0
1750624,0
1751389,0
1752079,0
1752086,0
1752356,0
1752713,0
1753031,0
1753376,0
1753419,0
1754681,0
1754902,0
1754998,0
1755334,0
1755392,0
1755438,0
1755509,0
1756361,0
1757116,0
1757944,0
1758608,0
1758753,0
1759214,0
1759296,0
1759722,0
1759776,0
1760365,0
1760396,0
1761036,0
1761239,0
1761335,0
1761629,0
1761848,0
1762085,0
1762313,0
1762392,0
1762544,0
1762672,0
1762737,0
1763155,0
1763555,0
1763755,0
1764184,0
1764551,0
1764860,0
1765118,0
1766031,0
1766254,0
1766286,0
1766953,0
1767255,0
1767503,0
1767643,0
1768541,0
1768764,0
1768988,0
1769053,0
1769208,0
1770050,0
1770208,0
1770476,0
1770611,0
1770712,0
1770863,0
1770916,0
1771106,0
1771133,0
1771368,0
1771540,0
1771774,0
1772796,0
1772887,0
1773024,1
1773313,0
1773353,0
1773431,0
1773848,0
1774149,0
1774273,0
1775221,0
1775443,0
1776493,0
1776891,0
1778348,0
1778482,0
1779027,0
1779063,0
1779107,0
1779207,0
1779759,0
1780386,0
1780507,1
1780765,0
1780948,0
1781488,0
1781563,1
1781731,0
1781763,0
1782056,0
1782122,0
1782473,0
1782689,1
1783070,0
1783116,0
1784092,0
1784227,0
1784920,0
1785397,0
1785971,0
1786251,0
1786496,0
1787307,0
1787653,0
1787867,0
1788059,0
1788122,0
1788173,0
1788352,0
1788440,0
1788497,0
1788505,0
1788572,0
1788593,0
1788796,0
1789153,0
1789162,0
1789964,0
1790344,0
1790345,0
1790426,0
1790846,0
1790946,0
1791048,0
1791371,0
1791680,0
1791828,0
1792411,0
1793012,0
1793777,0
1793811,0
1794246,0
1794419,0
1794706,0
1795495,0
1795917,0
1796354,0
1796541,0
1797293,0
1797378,0
1797890,0
1797963,0
1798597,0
1798986,0
1799032,0
1799620,0
1800337,0
1800451,0
1800503,0
1800506,0
1800557,0
1800733,0
1800745,0
1800993,1
1801176,0
1801323,0
1801397,0
1801556,0
1801740,0
1802092,0
1802550,0
1802600,0
1802622,0
1802703,0
1802885,0
1802933,0
1803059,0
1803309,0
1803372,0
1804090,0
1804223,0
1804453,0
1804468,0
1804534,0
1804809,0
1804916,0
1804950,0
1805012,0
1805599,0
1805685,0
1805798,0
1805887,0
1806040,0
1806282,0
1806776,0
1806951,0
1807137,0
1807509,0
1807513,0
1808590,0
1809117,0
1810277,1
1810655,0
1810992,0
1811130,0
1811152,0
1811246,0
1811312,0
1811785,0
1812529,0
1812920,0
1813583,0
1813736,0
1814382,0
1814875,0
1814943,0
1815965,0
1816198,0
1816903,0
1817309,0
1817360,1
1817631,0
1818042,0
1818222,0
1818482,0
1818645,0
1818783,0
1819049,0
1819448,0
1819748,0
1819888,0
1819971,0
1820185,0
1820872,0
1820993,0
1821297,0
1821534,0
1821591,0
1821610,0
1821621,0
1821761,0
1821786,0
1822115,0
1822226,0
1822234,0
1822599,1
1822699,0
1823170,0
1823453,0
1823716,0
1823721,0
1824049,0
1824971,0
1825157,0
1825303,0
1825729,0
1825795,0
1825920,0
1826016,0
1826018,0
1826171,0
1826541,0
1826830,0
1826831,0
1826958,0
1827347,0
1827506,0
1827511,0
1827921,0
1828117,0
1828403,0
1828596,0
1828704,0
1828984,0
1829267,0
1829467,1
1829685,0
1829701,0
1829755,0
1829779,0
1830155,0
1830187,0
1830295,0
1830689,0
1830966,0
1831042,0
1831499,1
1831783,0
1832335,0
1832649,0
1832939,0
1832946,0
1833192,0
1834273,0
1834306,0
1834355,0
1834779,0
1835007,0
1835106,0
1835885,0
1835953,0
1836140,0
1836610,0
1836791,0
1836932,0
1837109,0
1837154,0
1837438,0
1837463,0
1837614,0
1837628,0
1837871,0
1837937,0
1838044,0
1838048,0
1838541,0
1839416,0
1839588,0
1839823,0
1840062,0
1840089,0
1840125,0
1840653,0
1841210,0
1841466,0
1841589,0
1841928,0
1842082,0
1842183,0
1842817,0
1843018,0
1843899,0
1844751,0
1844894,0
1845691,0
1846504,0
1846598,0
1846671,0
1846731,0
1847113,0
1847258,0
1847274,0
1847359,0
1847546,0
1848080,0
1848133,0
1848362,0
1848364,0
1848506,0
1848613,0
1849167,0
1849254,0
1849267,0
1849706,0
1850407,0
1850620,0
1850700,0
1850975,0
1851046,0
1851103,0
1851614,0
1851671,0
1851913,0
1852007,0
1852342,0
1853145,0
1853215,0
1853379,0
1854500,0
1854632,0
1854656,0
1855172,0
1855370,0
1855548,0
1856853,0
1857189,0
1857537,0
1857706,0
1859036,0
1859172,0
1859345,0
1859609,0
1859716,0
1860265,0
1860355,0
1860547,0
1860880,0
1861078,0
1861132,0
1861273,0
1861387,0
1861422,0
1861435,0
1862497,0
1862704,0
1862857,0
1862962,0
1863254,0
1863477,0
1864495,0
1865801,0
1865988,0
1866303,0
1867089,0
1867294,0
1867369,0
1867525,0
1867750,1
1867774,0
1868593,0
1869277,0
1869373,0
1869813,0
1870188,0
1870285,0
1870430,0
1870853,0
1870983,0
1871094,0
1871732,1
1872168,1
1873469,0
1873955,0
1874601,1
1874804,0
1874961,0
1875319,0
1876077,0
1876090,0
1876439,0
1877315,0
1877394,0
1877504,0
1877782,0
1877957,0
1878066,1
1878360,0
1878464,0
1878522,0
1879307,0
1880168,0
1880193,0
1880317,0
1880521,0
1880542,0
1880623,0
1880954,0
1881384,0
1881800,0
1883114,0
1883330,0
1884234,0
1885059,0
1885076,0
1885351,0
1885541,0
1885585,0
1886057,0
1886100,0
1886370,0
1886454,0
1886541,0
1886797,0
1886918,0
1887485,0
1887631,0
1887648,0
1888193,0
1888472,0
1888721,0
1888757,0
1889047,0
1889178,0
1889510,0
1889704,0
1889951,0
1891010,0
1891073,0
1891354,0
1891614,0
1892383,1
1892438,0
1892595,0
1892695,0
1893095,0
1893158,0
1893192,0
1893388,0
1893950,1
1893966,0
1894056,0
1894140,0
1894210,0
1894235,1
1894316,0
1894671,0
1894792,0
1894850,0
1895007,0
1895407,0
1895655,0
1896434,0
1896447,0
1896470,0
1896948,0
1897294,0
1897614,0
1898412,0
1898551,0
1899040,0
1899360,0
1899858,0
1900255,0
1900374,0
1900392,0
1900416,0
1900461,0
1900754,0
1900824,1
1901166,0
1901180,0
1901551,0
1901579,0
1901767,0
1901849,0
1902103,0
1902812,0
1902848,0
1903216,0
1903256,0
1903377,0
1903492,0
1903519,0
1903754,0
1904155,0
1904214,0
1905108,0
1905130,0
1905395,0
1905464,0
1905817,0
1905925,0
1905944,0
1905986,0
1906044,0
1906080,0
1906176,0
1906422,0
1906532,0
1907064,0
1907180,0
1907296,0
1907489,0
1907570,0
1908478,0
1908562,0
1909011,0
1909103,0
1909121,0
1909313,0
1909547,0
1909557,0
1909883,0
1909961,0
1910208,0
1910845,0
1911056,0
1911580,0
1911897,0
1911914,0
1912404,0
1913081,0
1913428,0
1913619,0
1913730,0
1914374,0
1914448,0
1914824,0
1914860,0
1915408,0
1915533,0
1915894,0
1916164,0
1916488,0
1916830,0
1916983,0
1917459,0
1917661,0
1917690,0
1917967,0
1918694,0
1919371,0
1919520,0
1919783,0
1919833,0
1919944,0
1920660,0
1920966,0
1921030,0
1922286,0
1922570,0
1923019,0
1923250,0
1923297,0
1923372,0
1923443,1
1923472,0
1923550,0
1924089,0
1924163,0
1924752,0
1924756,0
1924924,0
1925177,0
1925438,0
1925713,0
1925919,0
1926405,0
1926544,1
1927010,0
1927682,0
1927715,0
1927786,0
1927811,0
1927946,0
1928115,0
1928341,0
1929125,0
1929458,0
1929678,0
1929931,0
1930196,0
1930759,0
1931524,0
1931750,0
1931757,0
1932084,0
1932113,0
1932275,0
1932386,0
1932591,0
1932840,0
1933252,0
1933350,0
1933361,0
1933526,0
1933852,0
1934137,0
1934192,0
1934221,0
1934222,0
1934768,0
1934864,0
1935177,0
1935278,0
1935437,0
1935819,0
1936056,0
1937293,0
1937440,0
1938008,0
1938021,1
1938195,0
1938227,0
1938649,0
1938809,0
1939160,0
1939167,0
1939331,0
1939432,0
1940153,0
1940262,0
1940370,0
1940603,0
1940701,0
1941001,0
1941119,0
1941184,0
1941367,0
1941419,0
1941433,0
1941676,0
1941793,0
1942005,0
1942342,0
1942375,0
1942446,0
1942737,0
1942987,0
1944207,0
1944494,0
1944692,0
1945349,0
1945563,0
1945792,0
1946326,0
1946373,0
1946528,0
1946716,0
1946886,0
1947163,0
1947255,0
1947348,0
1947472,0
1948037,0
1948414,0
1948616,0
1949013,0
1949420,0
1950289,0
1950488,0
1950657,0
1951020,0
1951272,0
1951280,0
1951323,0
1951365,0
1951492,0
1951529,0
1952090,0
1952392,1
1952533,0
1952554,0
1952615,0
1953092,0
1953108,0
1954725,0
1954861,0
1954980,0
1955762,0
1955796,0
1956019,0
1956277,0
1956357,0
1956510,0
1956537,0
1956718,0
1956790,0
1957053,0
1957352,0
1957476,0
1957932,0
1958225,0
1958245,0
1958321,0
1958478,0
1959196,0
1959431,0
1960148,0
1960313,0
1960502,0
1960579,0
1960638,0
1960641,0
1960700,0
1960720,0
1960771,0
1960984,0
1960995,0
1961400,0
1961821,0
1961845,0
1962075,0
1962328,0
1962933,0
1962962,0
1963770,0
1964255,0
1964402,0
1964656,0
1964884,0
1965122,0
1965224,0
1965243,1
1965252,0
1965314,0
1965319,0
1965349,0
1965393,1
1965509,0
1966159,0
1966234,0
1966409,0
1967008,0
1967063,0
1967642,0
1968042,0
1968494,0
1969189,0
1969594,0
1969899,0
1969928,0
1970599,0
1970611,0
1970704,0
1971195,0
1971269,0
1971551,0
1971596,0
1972127,0
1972189,0
1972427,0
1972639,0
1973038,0
1973387,0
1973831,0
1974052,0
1974288,0
1974395,1
1974408,0
1974554,0
1974729,0
1975254,0
1975260,0
1975293,0
1975710,0
1975919,0
1975966,0
1976093,0
1976615,1
1976832,0
1977020,0
1977269,0
1977410,0
1977859,0
1978116,0
1978291,0
1978423,0
1978731,0
1979030,0
1979258,0
1979800,0
1979819,0
1980166,0
1980950,0
1981058,0
1981093,0
1981167,0
1981900,0
1982981,0
1983112,0
1983431,0
1983790,1
1984662,0
1984735,0
1984893,0
1984988,0
1985061,0
1985134,0
1985242,0
1985680,0
1986392,0
1986582,0
1986662,0
1986987,0
1987017,0
1987341,0
1987429,0
1987609,0
1987865,0
1988532,0
1988585,0
1988901,0
1988986,0
1989304,0
1989419,0
1989635,0
1989741,0
1989852,0
1989997,0
1990735,0
1990784,0
1990842,0
1990857,0
1991491,0
1991949,0
1992062,0
1992524,0
1992574,0
1992889,0
1992979,0
1994134,0
1994598,0
1995103,0
1995331,0
1995454,0
1995490,0
1995540,0
1995839,1
1995966,0
1996109,0
1996229,0
1996887,0
1996993,0
1997003,0
1997185,0
1997425,0
1997638,0
1998301,0
1998727,0
1998788,0
1998869,0
1999001,1
1999059,0
1999159,0
1999567,0
1999825,0
2000052,0
2000069,0
2000383,0
2000419,0
2000560,0
2001016,0
2001192,0
2001401,0
2001791,0
2002107,0
2002773,0
2002774,0
2003105,0
2003240,1
2003258,0
2003545,0
2003768,0
2003853,1
2004000,0
2004076,0
2004373,0
2004561,0
2004806,0
2004830,0
2005041,0
2005125,0
2005177,0
2005528,0
2005531,0
2005971,1
2006397,0
2006908,0
2007052,0
2007495,0
2007648,0
2007729,0
2008218,0
2008790,0
2009657,0
2009929,0
2009931,0
2010201,0
2010259,0
2010661,0
2011218,0
2012520,0
2012936,0
2012949,0
2013212,0
2013290,0
2013467,0
2013742,0
2014068,0
2014939,0
2014977,1
2015195,0
2016333,0
2017061,0
2017570,0
2017670,0
2017671,0
2017710,0
2018369,0
2018390,0
2018395,0
2018645,0
2019267,0
2019383,0
2019736,0
2019938,0
2020296,0
2020455,0
2020876,0
2021439,0
2022064,0
2023303,0
2024186,0
2024358,0
2024678,0
2024781,0
2025535,0
2025952,0
2026159,0
2026190,0
2026303,0
2026504,0
2026644,0
2027092,0
2027267,0
2027813,0
2028069,0
2028127,0
2028375,0
2028815,0
2028861,0
2029206,0
2029788,0
2030046,0
2030208,0
2030934,0
2030992,1
2031407,0
2031473,0
2031552,0
2032270,0
2033527,0
2033796,0
2034160,0
2034317,0
2034831,0
2035126,0
2035505,0
2035755,0
2036092,0
2036102,0
2036415,0
2036420,0
2037617,0
2037872,0
2038302,0
2038758,0
2039527,0
2040118,0
2040574,1
2040910,0
2041046,0
2041332,0
2041964,0
2041978,0
2042080,0
2042194,0
2043610,0
2043652,0
2044009,0
2044456,0
2045209,0
2045254,0
2045533,0
2046195,0
2046561,0
2047137,0
2047365,0
2047734,0
2048693,1
2048766,0
2048797,0
2049258,0
2049771,0
2049870,0
2049936,0
2051091,0
2051172,0
2051297,0
2051302,0
2051313,0
2051434,0
2051495,0
2051531,0
2052276,0
2052325,0
2052360,0
2052622,0
2052925,0
2052979,0
2053081,0
2053248,0
2053717,0
2054231,0
2054491,0
2055547,0
2055685,0
2055879,0
2056061,0
2057514,0
2057591,0
2057999,0
2058320,0
2058759,0
2058984,0
2059231,0
2059743,0
2060000,0
2060445,0
2060539,0
2060715,0
2060772,0
2061465,0
2061871,0
2061894,0
2062028,0
2062508,0
2062598,0
2063499,0
2064287,0
2064333,0
2064529,0
2064624,1
2065345,0
2065413,0
2066094,0
2066299,0
2066302,0
2066359,0
2066468,0
2066588,0
2066703,0
2067153,0
2067279,0
2067523,0
2067600,0
2067904,0
2067917,0
2068047,0
2068149,0
2068178,0
2068546,0
2068850,0
2069132,0
2069370,0
2069439,0
2069548,0
2069672,0
2069788,0
2070242,0
2070395,0
2070734,0
2071008,0
2071957,0
2072500,0
2072799,0
2072942,0
2072974,0
2073692,1
2073997,0
2074382,0
2074947,0
2074960,0
2075715,0
2076482,0
2076831,0
2077187,0
2077921,0
2077971,0
2078485,0
2078771,0
2078780,0
2079202,0
2079760,1
2080721,0
2081147,0
2082087,0
2082432,0
2082437,0
2082457,0
2082524,0
2082699,0
2083102,0
2084156,0
2084172,0
2084476,0
2085141,0
2085359,0
2085566,0
2086229,0
2086405,0
2086628,0
2087023,0
2087250,0
2088396,0
2089007,0
2089042,0
2089068,0
2089178,0
2089947,0
2090066,0
2090107,0
2091747,0
2092078,0
2092227,1
2092890,0
2093131,0
2093424,0
2094270,0
2094365,0
2094372,0
2094443,0
2094552,1
2094876,0
2094927,0
2094944,0
2095063,0
2095066,0
2095279,0
2095285,0
2095613,0
2096644,0
2096814,0
2097230,0
2097289,0
2097755,0
2097898,0
2098086,0
2098552,0
2098554,0
2098587,0
2098785,0
2099108,0
2099706,0
2100689,0
2100828,0
2101035,0
2101417,0
2101924,0
2101987,0
2102298,0
2102708,0
2102846,0
2103136,0
2103267,0
2103490,0
2104251,0
2104707,0
2104756,0
2105843,1
2106751,0
2106975,0
2107320,0
2107569,0
2107720,0
2108346,0
2108601,0
2108602,0
2108841,0
2109548,0
2109638,0
2109792,0
2110413,0
2110757,0
2110759,0
2110802,0
2110922,0
2111049,0
2111126,0
2112150,0
2112281,0
2112353,1
2112685,0
2112813,0
2114016,0
2114628,0
2115620,0
2115892,0
2116230,0
2116686,0
2116706,0
2117234,0
2117309,1
2117403,0
2117828,0
2118511,0
2119767,0
2120166,0
2120297,0
2120668,0
2121032,0
2121840,0
2122862,1
2122988,0
2122997,0
2123104,0
2123145,0
2123311,1
2123484,0
2123717,0
2125167,0
2125619,0
2125668,0
2126536,0
2126587,0
2126810,0
2126815,0
2127214,0
2127533,0
2127874,0
2128463,0
2128838,0
2129036,1
2129161,0
2129162,0
2129455,0
2130161,0
2130490,0
2130530,0
2130549,0
2130754,0
2130807,0
2130893,0
2130938,0
2131098,0
2132170,0
2133028,0
2133069,0
2133214,0
2133503,0
2133572,0
2133589,0
2133594,0
2133693,0
2133881,0
2134039,0
2134060,0
2134072,0
2134405,0
2135044,0
2135219,0
2135469,0
2135760,0
2136414,0
2136585,0
2136974,0
2136977,0
2137127,1
2137670,0
2137740,0
2138182,0
2139052,0
2139261,0
2139397,0
2139686,0
2139719,0
2140135,0
2140241,0
2140295,0
2140683,0
2140819,0
2140826,1
2140967,0
2141232,0
2141308,0
2141548,0
2141761,0
2141945,0
2141975,0
2142024,0
2142248,0
2142770,0
2143540,0
2143804,0
2143907,1
2144124,0
2144640,0
2144775,0
2144807,0
2144938,0
2145316,0
2145384,0
2146295,0
2147317,1
2147957,0
2148056,0
2148179,0
2148572,0
2148660,0
2148678,0
2148702,0
2148904,0
2149028,0
2149301,0
2149307,0
2149668,0
2149728,0
2150010,0
2150570,0
2150690,0
2151510,0
2151610,0
2151622,0
2151846,0
2152729,0
2153296,0
2153580,0
2153792,0
2154178,0
2154718,0
2154813,0
2154957,0
2155513,0
2155640,0
2155825,0
2155937,0
2155945,0
2155980,0
2156562,1
2156585,0
2156730,0
2156917,0
2157239,1
2157788,0
2158466,0
2158468,0
2158685,0
2159018,0
2159223,0
2159590,0
2159606,0
2160025,0
2160070,0
2160137,0
2160341,0
2160389,0
2161616,0
2161633,0
2161660,0
2161722,0
2161766,0
2162530,0
2162745,0
2163075,0
2163530,0
2163566,0
2163974,0
2164071,0
2164217,0
2164634,0
2164636,0
2164721,0
2165329,1
2165445,1
2165845,0
2166153,0
2167079,0
2167081,0
2167395,0
2167648,0
2167976,0
2168816,0
2169658,0
2169875,0
2169955,0
2170089,0
2170846,0
2171089,0
2171231,0
2171706,0
2171967,1
2172194,0
2172292,0
2172394,1
2172469,0
2172665,0
2172681,0
2172976,0
2173523,0
2173658,0
2174130,0
2174544,0
2174554,0
2174570,0
2175046,0
2175465,0
2175529,0
2175687,0
2175780,0
2175915,0
2176454,0
2176464,0
2176562,0
2176956,0
2177616,0
2177693,0
2178025,0
2178386,0
2178450,0
2179160,1
2179326,0
2179517,0
2179568,0
2179596,0
2179730,0
2180409,0
2180582,0
2180855,0
2181306,0
2181355,0
2181787,0
2182415,0
2183041,0
2183186,0
2183461,0
2183552,0
2183702,0
2183726,0
2184070,0
2184165,0
2184301,0
2184563,0
2184585,0
2186309,1
2186679,0
2186997,0
2187246,0
2187452,0
2187762,0
2187991,0
2188019,0
2188092,0
2188137,0
2188405,0
2188442,0
2189042,0
2189541,0
2189711,0
2189804,0
2189958,0
2191471,0
2191517,0
2192295,0
2192761,0
2193974,0
2194476,0
2194510,0
2194630,0
2194657,0
2195308,0
2195654,0
2195672,0
2196104,0
2196377,0
2196948,0
2197716,0
2197760,0
2198166,0
2198258,0
2198359,0
2198448,0
2198568,0
2198664,0
2198700,0
2198756,0
2198913,0
2198939,0
2199235,0
2199266,0
2199523,0
2199566,0
2199955,0
2199978,0
2200078,0
2200236,0
2200957,0
2201946,0
2202217,0
2202283,0
2202447,0
2202538,0
2202750,0
2202819,0
2202842,0
2203053,0
2203520,0
2204034,0
2204188,0
2204355,0
2204432,0
2204933,0
2205228,0
2205302,0
2207126,0
2207169,0
2207649,0
2207690,0
2207720,0
2207798,0
2207902,0
2208146,0
2209449,0
2209500,0
2209578,0
2210096,0
2210289,1
2210813,0
2211036,0
2211262,0
2211353,0
2211682,0
2212160,0
2212567,0
2212594,0
2212669,0
2212693,0
2212981,0
2213049,0
2213142,0
2213437,0
2213449,0
2213560,0
2213587,0
2213878,0
2214219,0
2214264,0
2214381,0
2214474,0
2214885,0
2215564,0
2215631,0
2215924,0
2216005,0
2216119,0
2216341,0
2216638,0
2216760,0
2217072,0
2217548,0
2217691,0
2218058,0
2218140,0
2218418,0
2218996,0
2219468,0
2219754,0
2219972,0
2220119,0
2220628,0
2220902,0
2221124,0
2221525,0
2222250,0
2222726,0
2223096,0
2223692,0
2223780,0
2223874,0
2223918,0
2223951,0
2224590,0
2224790,0
2225200,0
2225289,0
2225410,0
2225835,0
2225895,0
2226168,0
2226398,0
2226837,0
2227168,0
2227390,0
2227557,0
2227561,0
2228654,0
2228704,0
2229153,0
2229170,0
2229226,0
2229364,0
2229761,0
2230289,0
2230574,0
2230718,0
2231954,0
2232134,0
2232213,0
2232914,0
2234143,0
2234330,0
2234372,0
2234981,0
2235523,0
2235642,0
2235919,0
2236879,0
2237382,0
2237592,0
2238107,0
2238268,0
2238358,0
2239367,0
2239543,1
2239572,0
2240120,0
2240571,0
2240652,0
2240767,0
2241472,0
2243384,0
2243739,0
2244300,1
2244674,0
2245889,1
2246615,0
2247543,0
2247610,0
2247648,0
2247840,1
2248967,0
2249193,0
2250086,0
2250177,0
2250549,0
2250582,0
2251233,0
2251392,0
2251786,0
2252063,0
2252905,0
2253368,0
2254527,0
2254687,0
2254757,0
2255165,0
2255260,0
2255405,0
2255532,0
2255635,0
2255724,0
2256157,0
2256770,0
2256905,0
2257894,0
2258531,0
2258755,0
2258876,0
2259486,0
2259667,0
2259948,0
2259990,0
2260702,0
2260745,0
2261310,0
2261496,0
2261699,0
2261850,0
2262898,0
2263402,0
2263485,0
2263634,0
2263722,0
2263723,0
2264843,0
2265072,0
2265445,0
2266061,0
2266068,0
2266092,0
2266156,0
2266484,0
2266617,0
2267955,0
2268019,0
2268044,0
2268069,0
2269672,0
2269948,0
2270303,0
2270342,0
2270425,0
2271328,0
2271618,0
2271729,0
2271816,0
2271822,0
2272053,0
2272227,0
2272763,0
2272973,0
2273220,0
2273426,0
2274157,0
2274347,0
2274398,0
2275272,0
2275979,0
2276570,0
2276850,1
2277192,0
2277223,0
2277887,0
2278388,0
2278541,0
2278919,0
2279678,0
2280078,0
2280952,0
2281147,0
2281162,0
2281549,0
2281707,0
2282230,0
2282320,0
2282333,0
2282585,0
2282648,0
2282895,0
2282932,0
2282933,0
2283039,0
2283087,0
2283257,0
2283310,0
2283719,0
2283819,0
2283921,0
2284116,0
2284378,0
2285011,0
2285036,0
2285102,0
2285620,0
2285986,0
2286578,0
2287127,0
2287641,0
2288387,0
2288426,0
2288708,0
2288884,0
2289359,0
2290883,0
2291202,0
2291205,0
2291508,0
2291725,0
2291772,0
2292200,0
2292316,0
2292659,0
2293347,0
2293748,0
2293784,0
2294309,0
2294918,0
2295451,0
2295755,0
2295987,0
2296428,0
2296906,0
2296943,0
2297686,0
2298876,0
2299385,0
2299392,0
2299776,0
2300021,0
2300037,0
2300266,0
2301556,0
2301792,0
2301855,0
2301924,0
2302477,0
2302525,0
2302649,0
2302801,0
2302862,0
2303080,0
2303447,0
2304926,0
2305058,0
2305309,0
2305655,0
2305903,0
2306085,0
2306771,0
2307299,0
2307828,0
2308019,0
2308321,0
2310061,0
2310420,0
2310596,0
2310812,0
2311088,0
2311370,0
2311805,0
2311807,0
2312352,0
2312649,0
2313083,0
2313181,0
2313346,0
2313604,0
2314453,0
2314471,0
2314572,0
2314695,0
2315010,0
2316028,0
2316208,0
2316545,1
2316571,0
2316788,1
2316882,0
2317217,0
2317371,0
2317422,0
2318555,1
2318576,0
2319267,0
2319421,0
2319450,0
2319638,0
2319936,0
2320238,0
2320259,0
2320420,0
2320592,0
2321057,0
2321348,0
2321962,0
2322463,0
2322531,0
2322605,0
2322682,0
2323260,0
2325048,0
2325085,0
2325136,0
2325900,0
2326061,0
2326150,0
2326177,0
2327483,0
2327499,0
2327937,0
2328308,0
2328580,0
2328873,1
2329044,0
2330711,0
2331085,0
2331152,0
2331428,0
2331495,0
2331962,0
2332088,0
2332104,0
2332363,1
2333377,0
2333659,0
2333883,0
2334683,0
2335612,0
2335806,0
2336069,0
2336487,0
2336494,0
2337154,0
2337500,0
2338328,0
2338524,0
2338606,0
2338949,0
2339312,0
2339688,0
2339799,0
2340018,0
2340160,0
2340179,0
2340409,0
2340800,0
2341314,0
2341594,0
2341769,0
2341904,0
2341936,1
2342097,0
2342267,0
2342337,0
2342367,0
2343081,1
2343135,0
2343406,0
2343961,0
2344173,0
2344965,0
2345243,0
2345610,0
2345863,0
2346006,0
2346037,0
2346433,0
2346849,0
2347277,0
2347378,0
2347799,0
2348238,0
2348300,0
2348593,0
2348754,0
2348928,0
2348970,0
2350050,0
2350262,0
2350619,0
2350796,0
2351791,0
2351885,0
2353209,0
2353304,0
2354122,0
2354986,0
2355573,0
2356267,0
2356369,0
2356510,1
2356612,0
2356892,0
2357229,0
2357313,0
2357385,0
2357456,0
2358429,0
2358941,0
2359473,0
2359694,0
2359843,0
2359900,0
2360118,0
2360152,0
2361443,0
2361496,0
2361563,0
2361676,0
2362170,0
2362611,0
2363989,0
2364646,0
2365231,1
2365246,0
2365343,0
2365669,0
2366015,0
2366050,0
2366480,0
2366690,0
2367160,1
2367756,0
2367809,0
2367863,0
2368903,0
2369209,0
2369586,0
2370075,0
2370150,0
2370413,0
2370714,0
2370751,0
2370783,0
2370850,0
2371096,0
2371210,0
2371882,0
2372313,0
2372439,0
2372556,0
2373982,0
2374045,0
2375711,0
2376872,0
2379988,0
2380152,0
2380179,0
2380771,0
2381104,0
2381177,0
2381367,0
2381719,0
2381830,0
2382608,0
2382759,0
2382852,0
2382986,1
2383327,0
2383443,0
2384499,0
2384815,0
2384909,0
2385687,0
2386390,0
2387317,0
2387337,0
2387714,0
2387849,0
2388165,0
2389126,0
2389237,0
2389531,0
2389622,0
2389957,0
2390168,0
2391113,0
2391239,0
2391614,0
2392527,0
2393598,0
2394402,0
2394469,0
2395112,0
2395177,0
2395420,0
2395443,0
2395875,0
2396861,0
2397023,0
2397145,0
2397769,0
2398152,0
2398219,0
2398364,0
2398497,0
2398665,0
2399203,0
2400328,0
2400668,0
2401042,0
2401130,0
2401535,0
2401919,0
2401927,0
2402379,0
2402586,0
2402901,1
2403131,0
2403943,0
2404251,0
2405001,0
2405479,0
2406165,0
2406337,0
2406719,0
2407109,0
2407901,0
2408377,0
2410404,1
2411446,0
2411448,0
2412429,0
2413000,0
2413153,0
2413630,0
2413730,0
2413999,0
2414085,0
2414087,0
2414275,0
2414680,0
2414828,0
2415818,0
2417106,0
2418353,0
2418664,0
2419241,0
2419254,0
2419760,0
2419763,0
2420113,0
2420246,0
2420733,0
2421854,0
2422082,0
2422396,0
2422850,0
2423620,0
2425250,0
2426935,1
2427009,0
2427450,0
2427477,0
2427701,0
2428545,0
2428855,0
2429300,0
2429688,0
2430451,0
2430571,0
2430581,0
2430733,0
2430810,0
2431028,0
2431325,0
2431347,0
2431465,0
2431482,0
2431524,0
2431681,0
2432008,0
2432424,0
2433124,0
2433391,0
2433480,0
2433867,0
2434435,0
2435264,0
2435340,0
2435441,0
2436293,0
2436436,0
2436528,0
2436538,0
2436974,0
2437663,0
2437981,0
2438113,0
2438292,0
2438294,0
2438311,0
2439045,1
2439635,0
2439648,0
2439891,0
2440544,0
2440702,0
2441258,0
2441379,0
2441937,0
2442259,0
2442478,0
2442535,0
2442737,0
2443252,0
2444040,0
2444138,0
2444159,0
2444726,0
2445768,0
2445819,0
2446322,0
2446525,0
2446802,0
2447593,0
2448666,0
2448718,0
2449131,0
2449389,1
2449727,0
2449827,0
2450125,0
2450171,0
2450476,0
2450477,0
2450650,0
2450888,0
2451192,1
2451623,0
2451694,1
2451944,0
2451961,0
2452155,0
2452169,0
2452303,0
2452413,0
2453081,0
2453191,0
2453246,0
2453453,0
2453547,0
2453587,0
2453604,0
2453613,0
2454995,0
2455242,0
2455456,0
2455662,0
2455803,0
2456935,0
2457098,0
2457983,0
2458667,0
2459284,0
2459534,0
2459586,0
2459836,0
2459927,0
2460056,0
2460480,0
2460695,0
2461625,0
2461722,0
2461812,0
2462375,0
2462434,0
2462714,0
2462729,0
2462757,0
2462811,0
2462878,0
2463556,0
2463770,0
2463819,0
2464217,0
2464951,0
2465397,0
2465876,0
2466267,0
2467400,0
2467445,0
2467485,0
2467886,0
2468081,0
2468616,0
2469004,0
2469300,1
2469324,0
2469549,0
2469981,0
2470039,1
2470150,0
2471068,0
2471390,0
2471518,0
2471821,0
2472522,0
2472705,0
2472769,0
2473006,0
2473613,0
2473713,0
2474018,0
2474266,0
2474690,0
2474848,0
2474971,0
2475005,0
2475424,0
2476990,0
2477665,0
2478212,0
2478240,0
2478369,0
2478707,0
2479065,0
2479314,0
2480439,0
2480943,0
2481116,0
2481272,0
2481728,1
2482522,0
2482734,0
2482895,0
2483227,0
2484498,0
2484680,0
2485054,0
2485164,0
2485835,0
2486420,0
2486547,0
2487034,0
2487119,0
2488631,0
2489279,0
2489353,0
2489404,0
2489842,0
2490565,0
2492083,1
2492618,0
2493019,1
2494355,0
2494577,0
2494789,0
2494818,0
2495492,0
2495533,1
2497558,0
2497807,0
2498529,0
2499271,0
2499283,0
2499410,0
2499479,0
2499665,0
2500019,0
2500979,0
2501919,0
2502176,0
2503790,0
2503836,0
2505373,0
2506701,0
2506925,1
2507129,0
2507689,0
2507727,0
2508472,0
2508590,0
2509540,1
2509739,0
2509759,0
2510456,0
2510886,0
2511212,0
2511297,0
2511298,0
2511720,0
2511976,0
2512185,0
2512660,0
2513214,0
2513643,0
2513982,0
2514659,0
2514823,0
2515227,0
2515331,0
2515356,0
2515559,0
2516180,0
2516208,0
2516238,0
2516473,0
2516835,0
2517917,0
2518053,0
2518125,0
2518297,0
2518387,0
2519028,0
2519254,0
2519510,0
2520511,0
2521122,0
2521168,0
2521228,0
2521275,0
2521288,0
2521665,0
2521672,0
2521694,0
2523342,0
2523552,0
2523650,0
2524401,0
2524489,0
2524553,0
2524587,0
2524802,0
2524971,0
2525391,0
2525763,0
2526264,0
2526291,0
2526540,0
2526649,0
2526761,0
2527219,0
2527279,0
2527370,0
2527794,0
2527993,0
2528324,0
2528340,0
2528769,0
2528942,0
2529022,1
2529098,0
2529717,0
2529781,0
2530608,0
2530663,0
2531309,0
2531393,0
2531464,0
2531635,0
2532359,0
2532409,0
2532880,0
2533144,0
2533227,0
2533377,0
2534305,0
2534805,0
2535506,0
2536338,0
2536380,0
2536963,0
2537533,0
2537842,0
2537875,0
2537903,0
2537989,0
2538856,0
2538973,0
2539108,0
2539421,0
2540389,0
2541300,0
2541960,0
2543131,1
2543216,0
2543397,0
2543913,0
2544992,0
2545057,0
2545385,0
2545396,0
2545873,0
2546253,0
2546265,0
2547379,0
2547761,0
2548181,1
2548503,0
2548787,0
2549501,0
2549724,0
2549789,0
2549892,0
2550471,0
2550548,0
2550662,0
2550786,0
2551244,0
2552887,0
2552966,0
2553042,0
2553268,0
2553459,0
2554554,0
2554878,0
2555023,0
2556376,0
2556402,0
2556965,0
2557282,0
2557657,1
2557886,0
2558002,0
2558040,1
2558663,0
2558842,0
2560131,0
2560297,0
2560371,0
2560392,0
2560537,0
2560990,0
2561082,0
2563390,0
2563559,1
2564096,1
2564785,0
2564862,0
2565078,0
2565225,0
2565841,0
2565987,0
2566483,0
2566653,0
2566713,0
2566725,0
2566892,0
2567457,0
2567502,0
2567615,0
2567866,0
2567979,0
2568611,0
2569425,0
2569724,0
2570671,1
2570821,0
2571017,0
2571226,0
2571803,0
2572611,0
2573723,0
2573792,0
2574132,0
2574210,0
2575988,0
2576331,0
2577442,0
2577803,0
2577850,0
2578217,0
2578650,0
2579517,0
2579778,0
2579813,1
2579947,0
2580927,0
2580942,0
2580959,0
432,0
472,0
476,0
563,0
593,0
647,0
716,0
815,0
965,0
1038,0
1061,0
1126,0
1127,0
1304,0
1410,0
1415,0
1546,0
1637,0
1710,0
1790,0
1895,0
1967,0
2063,0
2070,0
2133,0
2169,0
2173,0
2214,1
2238,0
2250,0
2486,0
2487,0
2606,0
2637,0
2814,0
2902,0
2917,0
3016,0
3070,0
3188,0
3207,0
3234,0
3340,0
3426,0
3486,0
3510,0
3650,0
3673,0
3677,0
3761,0
3931,0
3938,0
3996,0
4089,0
4128,0
4186,0
4256,0
4317,0
4325,0
4367,0
4472,0
4476,0
4626,0
4682,0
4704,0
4777,0
4905,0
4916,0
4997,0
5083,0
5108,0
5185,0
5272,0
5438,0
5479,0
5493,0
5545,0
5598,0
5710,0
5717,0
5799,0
5812,0
5868,0
5870,0
6072,0
6225,0
6251,0
6253,0
6355,0
6382,0
6388,0
6459,0
6470,0
6508,0
6624,0
6758,0
6911,0
6927,0
6935,0
6938,0
7049,0
7142,0
7164,0
7216,0
7310,1
7465,0
7577,0
7686,0
7688,0
7785,0
7806,0
7812,0
7832,1
7939,0
7954,0
8122,0
8190,0
8217,0
8284,0
8333,0
8364,0
8367,0
8561,0
8610,0
8772,0
8779,0
8789,0
8832,0
8887,0
8965,0
8993,0
9098,0
9119,0
9203,0
9210,0
9245,0
9317,0
9495,0
9654,0
9696,0
9731,0
9798,0
9815,0
9822,0
9849,0
9853,0
9943,0
10009,0
10158,0
10213,0
10285,0
10349,0
10475,0
10479,0
10563,0
10701,0
10730,0
10774,0
10830,0
10916,0
11084,0
11137,0
11155,0
11161,0
11269,0
11280,0
11311,0
11462,0
11800,0
11938,0
12054,0
12088,0
12155,0
12199,0
12341,0
12368,0
12374,0
12488,0
12564,0
12680,0
12740,0
12856,1
12935,0
12989,0
12996,0
13076,0
13103,0
13190,0
13226,0
13463,0
13512,0
13570,0
13673,0
13682,0
13693,0
13738,0
13892,0
13898,0
13937,0
14002,0
14035,0
14368,0
14463,0
14522,0
14707,0
14750,0
14774,0
15029,0
15038,1
15220,0
15327,0
15409,0
15446,0
15666,0
15754,0
15820,0
16050,0
16068,0
16149,0
16157,0
16188,0
16496,0
16532,0
16582,0
16592,0
16733,0
16828,0
16869,0
16926,0
16952,0
16962,0
17220,0
17264,1
17338,0
17363,0
17364,0
17427,0
17524,0
17615,0
17701,0
17763,0
17913,0
17940,0
18020,0
18088,0
18121,0
18211,0
18213,0
18239,0
18254,0
18304,0
18311,0
18352,0
18389,0
18398,0
18453,0
18688,1
18716,0
18743,0
18810,0
18824,0
18867,0
18954,0
18978,0
18993,0
19125,0
19180,0
19188,0
19195,0
19267,0
19377,0
19509,0
19554,0
19652,0
19661,0
19662,0
19750,0
19816,0
19820,0
19866,0
19954,0
20007,0
20030,0
20110,0
20166,0
20197,0
20226,0
20292,0
20527,0
20556,0
20735,0
21003,0
21067,0
21149,0
21260,0
21336,0
21355,0
21372,0
21375,0
21432,0
21474,0
21754,0
21904,0
22016,0
22180,0
22270,0
22319,0
22321,0
22390,1
22405,0
22566,0
22621,0
22697,0
22710,0
22781,0
22793,0
22812,0
22931,0
22956,0
22962,0
23013,0
23059,0
23070,0
23137,0
23210,0
23213,0
23236,0
23276,0
23373,0
23378,0
23487,0
23498,0
23512,0
23562,0
23742,0
23762,1
23797,0
23964,0
24097,0
24313,0
24375,0
24378,0
24406,0
24471,0
24588,0
24673,0
24756,0
24770,0
24780,0
24812,0
24825,0
24826,0
24951,0
24981,0
25012,0
25015,0
25018,0
25031,0
25293,0
25383,0
25515,0
25756,0
25790,0
25851,0
25980,0
26230,0
26232,0
26262,0
26300,0
26366,0
26435,0
26466,0
26596,0
26698,0
26720,0
26790,0
26901,0
26904,0
27006,0
27018,0
27050,0
27056,0
27174,0
27186,0
27247,0
27291,0
27339,0
27411,0
27477,0
27543,0
27671,0
27862,0
27863,0
27936,0
27993,0
28053,0
28087,0
28112,0
28191,0
28199,0
28292,0
28322,0
28359,0
28492,0
28504,0
28547,0
28630,0
28745,0
29076,0
29204,0
29236,0
29279,0
29411,0
29434,0
29525,0
29579,0
29600,0
29631,0
29738,0
29743,0
29797,0
29800,0
29834,0
29848,0
29874,0
30028,0
30133,0
30145,1
30160,0
30188,0
30210,0
30232,0
30350,0
30361,1
30374,0
30493,0
30507,0
30671,0
30675,0
30929,0
31067,0
31112,0
31127,0
31149,0
31184,0
31326,0
31368,0
31490,0
31502,0
31741,0
31885,0
32004,0
32033,0
32086,0
32093,0
32135,0
32155,0
32243,0
32268,0
32331,0
32340,0
32466,0
32628,0
32707,0
32773,0
32783,0
32787,0
32968,0
33240,0
33258,0
33340,0
33498,1
33501,0
33785,0
33924,0
33941,0
33959,0
34008,0
34009,0
34069,0
34173,0
34486,0
34662,0
34786,0
34792,0
34877,0
34900,0
34936,0
35093,0
35101,0
35238,0
35241,0
35273,0
35335,0
35354,0
35476,0
35561,0
35623,0
35744,1
35765,0
35822,0
36003,0
36050,0
36086,0
36491,0
36524,0
36622,0
36885,0
36908,0
36930,0
37077,0
37252,0
37314,0
37617,0
37636,0
37661,0
37719,1
37754,0
37981,0
38100,0
38118,0
38143,0
38225,0
38319,0
38400,0
38490,0
38565,0
38687,0
38746,0
38901,0
39175,0
39218,0
39248,0
39297,0
39327,0
39334,0
39369,0
39445,0
39541,0
39601,0
39673,0
39730,0
39755,0
39793,0
39829,0
39876,0
39908,0
39941,0
40055,0
40064,0
40074,0
40089,0
40096,0
40117,0
40138,0
40152,0
40260,0
40402,0
40607,0
40690,0
40750,0
40771,0
40803,0
40827,0
40893,0
40931,0
41381,0
41485,0
41517,0
41588,0
41655,0
41775,0
41802,0
41912,0
41920,0
41950,0
42092,0
42117,0
42256,0
42338,0
42421,0
42479,0
42539,0
42656,0
42668,0
42734,0
42752,0
42763,0
42812,0
42910,0
43076,0
43097,0
43130,0
43196,0
43201,0
43255,0
43270,0
43309,0
43415,0
43692,0
43757,0
43866,0
43960,0
44123,0
44189,0
44207,0
44221,1
44549,0
44640,0
44825,0
44947,0
45066,0
45197,0
45202,0
45239,0
45483,0
45546,0
45646,0
45693,0
45725,0
45765,0
45830,0
45893,0
45900,0
46043,0
46218,0
46273,0
46297,0
46475,0
46565,0
46597,0
46627,0
46640,0
46887,0
47045,0
47047,0
47054,0
47169,0
47186,0
47228,0
47270,0
47296,0
47355,0
47586,0
47679,0
47721,0
47738,0
47756,0
47789,0
47792,0
47992,0
48110,0
48154,0
48335,0
48452,0
48527,0
48627,0
48880,0
49031,0
49275,0
49374,0
49379,0
49429,1
49465,0
49494,0
49518,0
49573,0
49629,0
49734,0
49761,0
49827,0
49858,0
49927,0
50003,0
50010,0
50040,0
50154,0
50181,0
50349,0
50369,0
50498,0
50872,0
50885,0
50912,0
51022,0
51045,0
51066,0
51172,0
51219,0
51268,0
51374,1
51527,0
51634,0
51669,0
51686,0
51706,0
51742,0
51761,0
51806,0
51807,0
51826,0
51909,0
51959,0
51970,0
52042,0
52103,0
52189,0
52216,0
52270,0
52454,0
52732,0
52832,0
52932,0
52990,0
53021,0
53038,0
53128,0
53174,0
53201,0
53253,0
53327,0
53375,0
53515,0
53539,0
53877,0
53897,0
53963,0
53981,0
53993,0
54161,0
54230,0
54232,0
54276,0
54441,0
54500,0
54514,0
54541,0
54551,0
54631,0
54635,0
54696,0
54737,0
54756,0
54826,0
54922,0
54999,0
55041,0
55172,0
55194,0
55205,0
55231,0
55309,0
55388,0
55417,0
55522,0
55529,0
55571,0
55595,0
55650,0
55677,0
55700,0
55711,0
55753,0
55914,0
56109,0
56274,0
56370,0
56478,0
56490,0
56544,1
56558,0
56682,0
56755,0
56757,0
56785,0
56819,0
56831,0
56832,0
56847,1
56855,0
56932,0
56939,0
57057,0
57095,1
57201,0
57205,0
57381,0
57659,0
57667,0
57729,0
57935,0
57999,0
58025,0
58224,0
58411,0
58414,0
58588,0
58732,0
58989,0
59018,0
59065,0
59072,0
59097,0
59115,0
59273,0
59353,0
59357,0
59430,0
59511,0
59560,0
59849,0
60023,0
60048,0
60174,0
60206,0
60271,0
60426,0
60461,0
60494,0
60522,0
60619,0
60672,0
60675,0
60779,0
60799,0
60942,0
60955,0
61004,0
61046,0
61047,0
61130,0
61176,0
61386,0
61412,0
61455,0
61545,0
61561,0
61597,0
61628,0
61712,0
61739,0
61808,0
61840,0
61846,1
61901,0
62022,0
62032,0
62090,0
62105,0
62271,0
62460,0
62506,0
62523,0
62590,0
62644,0
62702,0
62711,0
62738,0
62920,0
62968,0
62987,0
63016,0
63103,0
63433,0
63464,0
63475,0
63519,0
63550,0
63565,0
63575,0
63752,0
64046,0
64073,1
64075,0
64209,0
64401,0
64484,0
64486,0
64518,0
64524,0
64564,0
64567,0
64569,0
64590,0
64695,0
64935,0
64969,0
64997,0
65019,0
65104,0
65176,0
65275,0
65302,0
65386,0
65424,0
65428,0
65431,0
65480,0
65506,0
65514,0
65517,0
65571,0
65599,0
65603,0
65625,0
65716,0
65973,0
66067,0
66089,0
66122,0
66127,0
66159,0
66211,0
66300,0
66333,0
66481,0
66519,0
66601,0
66871,1
66990,0
67135,0
67240,0
67373,0
67494,0
67736,0
67889,0
67904,0
67959,0
68102,0
68190,0
68191,0
68222,0
68235,0
68246,0
68289,0
68299,0
68393,0
68510,0
68549,0
68627,0
68728,0
68736,0
68995,0
69054,0
69161,0
69225,0
69413,0
69596,0
69687,0
69723,0
69735,0
69745,0
69746,0
69900,0
69925,0
70163,0
70192,0
70207,0
70302,0
70334,0
70358,0
70427,0
70483,0
70513,0
70533,0
70567,0
70620,0
70679,0
70687,0
70715,0
70770,0
70811,0
70899,0
71037,0
71071,0
71128,0
71144,0
71155,0
71321,0
71410,0
71434,0
71480,0
71497,0
71547,0
71570,0
71661,0
71674,0
71797,0
71946,0
71959,0
71997,0
72014,0
72027,0
72044,1
72069,0
72150,0
72188,0
72206,0
72419,0
72452,0
72480,0
72585,0
72588,0
72669,0
72708,0
72730,0
72838,0
72869,0
72876,0
73060,0
73482,0
73499,0
73509,0
73537,0
73555,0
73585,0
73595,0
73665,0
73879,0
73964,0
74061,0
74091,0
74151,0
74201,0
74281,0
74375,0
74406,0
74408,0
74430,0
74508,0
74534,0
74590,0
74752,0
74790,0
74840,0
74866,0
74974,0
75019,0
75149,0
75151,0
75217,0
75266,0
75314,0
75372,0
75385,0
75438,0
75506,0
75574,0
75619,0
75773,0
75777,0
75810,0
75859,0
75914,0
75962,0
76034,1
76035,0
76038,0
76078,0
76099,0
76294,0
76333,0
76400,0
76581,0
76770,0
76808,0
76894,0
76931,0
76970,0
76971,0
77070,0
77152,0
77234,0
77707,0
77760,0
77822,0
77852,0
77931,0
78010,0
78212,0
78293,0
78350,0
78355,0
78548,0
78580,0
78737,0
78855,0
78933,0
78948,0
79108,0
79332,0
79400,0
79458,0
79478,0
79603,0
79686,0
79705,0
79888,0
80409,0
80490,0
80786,0
80798,0
80859,0
80861,0
80873,0
80885,0
80902,0
81095,0
81161,0
81227,0
81294,0
81297,0
81326,0
81331,0
81341,0
81385,0
81417,0
81581,0
81663,0
81682,0
81743,1
81943,0
81959,0
82021,0
82072,0
82143,0
82144,0
82188,0
82200,0
82214,0
82236,0
82244,0
82295,0
82336,0
82385,0
82675,0
82694,0
82786,0
82806,0
82896,0
82907,0
82948,0
82960,0
82976,0
83041,0
83107,0
83112,0
83113,0
83178,0
83330,0
83368,0
83571,0
83716,0
83785,0
84040,0
84049,0
84132,0
84134,0
84186,0
84276,0
84540,0
84561,0
84627,0
84662,0
84744,0
84748,0
84855,0
84912,0
85007,0
85062,0
85113,0
85160,0
85201,0
85209,0
85240,0
85255,1
85307,0
85491,0
85640,0
85693,0
85786,0
85987,0
86005,0
86085,0
86119,0
86526,0
86601,0
86678,0
86695,0
86741,0
86815,0
86816,0
86875,0
86885,0
86906,0
86954,0
86988,0
87026,1
87237,0
87372,0
87377,0
87437,0
87458,0
87547,0
87630,0
87656,0
87816,0
87962,0
88082,0
88196,0
88334,0
88377,0
88458,0
88488,0
88752,0
88883,0
89032,0
89153,0
89166,0
89178,0
89260,0
89272,0
89416,0
89486,0
89547,0
89557,0
90114,0
90168,0
90297,0
90337,0
90430,0
90555,0
90587,0
90649,0
90688,0
90822,0
90857,0
90929,0
91074,0
91075,0
91200,0
91278,0
91351,0
91488,0
91515,0
91566,0
91648,0
91688,0
91717,0
92127,0
92134,1
92150,0
92269,0
92374,0
92608,0
92654,0
92849,1
92913,0
93029,0
93055,0
93059,0
93062,0
93203,0
93246,1
93291,0
93294,0
93483,0
93492,0
93576,0
93731,0
93741,0
93744,0
93862,0
93875,0
93881,0
94074,0
94095,0
94283,0
94291,0
94309,0
94351,0
94477,0
94587,0
94746,0
94852,0
94984,0
95016,0
95032,0
95034,0
95111,0
95275,0
95469,0
95596,1
95683,0
95691,0
95943,0
95961,0
95964,0
95968,0
96268,0
96333,0
96393,0
96408,0
96426,0
96474,0
96559,0
96690,0
96703,0
96818,0
96930,0
97014,0
97046,0
97379,0
97403,0
97461,0
97504,0
97585,0
97674,0
97700,0
97825,0
97937,0
98088,0
98129,0
98211,0
98248,0
98283,0
98418,0
98427,0
98434,0
98459,0
98538,0
98682,0
98712,0
98781,0
98873,0
98912,0
99007,0
99079,0
99218,0
99223,0
99233,0
99456,0
99525,0
99609,0
99774,0
99778,0
99789,0
99797,0
99898,0
100017,0
100213,0
100417,0
100500,0
100616,0
100617,0
100636,0
100722,0
100935,0
100979,0
101017,0
101111,0
101240,0
101376,0
101581,0
101608,0
101641,0
101780,0
101797,0
101867,0
101932,0
101947,0
101986,0
102027,0
102175,0
102384,0
102504,0
102549,0
102571,0
102584,0
102585,0
102805,0
102845,1
102898,0
102909,0
102924,0
103126,0
103282,0
103375,0
103390,0
103481,0
103482,0
103503,0
103681,0
103727,0
103815,0
103872,0
103924,0
103946,0
103970,0
104326,0
104350,0
104444,0
104505,0
104568,0
104625,0
104643,0
104675,0
104808,0
104858,0
104876,0
104910,0
104993,0
105038,0
105073,0
105179,0
105340,1
105372,0
105469,0
105478,0
105617,1
105786,0
105890,0
105913,0
105922,0
105972,0
105999,0
106100,0
106163,0
106192,0
106353,0
106424,0
106664,0
106753,0
106799,0
106856,0
106863,0
106904,0
106996,0
107007,0
107121,0
107179,0
107283,0
107350,0
107444,0
107453,0
107593,0
107603,0
107618,0
107703,0
107766,0
107775,0
107821,0
107941,0
107942,0
107965,0
108142,0
108150,0
108268,0
108283,0
108284,0
108318,0
108475,0
108557,0
108596,0
108612,0
108644,0
108770,1
108909,0
108958,0
109187,0
109254,0
109292,0
109316,0
109338,0
109378,0
109441,1
109492,0
109802,0
109857,0
109885,0
109905,0
109915,0
109925,0
109948,1
110044,0
110279,0
110319,0
110432,0
110484,0
110498,0
110694,0
110836,0
111000,0
111004,0
111058,0
111209,0
111468,0
111746,0
111940,1
112440,0
112521,0
112618,0
112734,0
112761,0
112838,0
112861,0
112950,0
112969,0
113155,0
113323,0
113357,0
113370,0
113457,0
113601,0
113622,0
113682,0
113716,0
113848,0
113850,0
113862,0
113998,0
114050,0
114142,0
114173,0
114430,0
114455,0
114510,0
114617,0
114621,0
114633,0
114753,0
114907,0
114915,0
114930,0
114969,0
114982,0
115172,0
115196,0
115218,0
115283,0
115319,0
115363,0
115389,0
115392,0
115458,0
115511,0
115525,0
115577,0
115620,0
115639,0
115724,0
115728,0
115734,0
115774,0
115985,1
115992,0
116058,0
116109,0
116170,0
116174,0
116182,0
116380,0
116524,0
116528,0
116622,0
116631,0
116646,0
116713,0
116869,0
116879,0
116885,0
116902,0
116941,0
116968,0
116974,0
117003,0
117050,0
117051,0
117057,0
117159,0
117195,0
117204,0
117414,0
117423,0
117524,1
117565,0
117575,0
117587,0
117637,0
117661,0
117752,0
117766,0
117851,0
118021,0
118108,0
118262,0
118315,0
118475,0
118581,0
118650,0
118720,0
118836,0
118903,0
118977,0
119031,0
119041,0
119045,0
119126,0
119147,0
119240,0
119327,0
119345,0
119383,0
119404,0
119439,0
119449,0
119626,0
119741,0
119865,0
119892,0
119941,0
120060,0
120120,0
120156,0
120173,0
120304,0
120339,0
120462,0
120559,0
120600,0
120646,0
120816,0
120887,0
121108,0
121173,0
121177,0
121227,0
121246,0
121373,0
121427,0
121439,0
121539,0
121681,0
121792,0
121796,0
121821,0
121842,0
121931,0
121962,0
121998,0
122092,0
122363,0
122416,0
122473,0
122607,0
122665,0
122758,0
122761,0
122803,0
122865,0
122907,0
122917,0
122977,0
123082,0
123263,0
123312,0
123377,0
123404,0
123407,0
123498,0
123597,0
123604,0
123614,0
123693,0
123700,0
123702,0
123750,0
123790,0
123892,0
123901,0
123918,0
124109,0
124110,0
124120,0
124172,0
124207,1
124290,0
124298,0
124312,0
124354,0
124401,0
124569,0
124617,0
124698,0
124713,0
124805,0
124856,0
125077,0
125092,0
125141,0
125174,0
125178,0
125349,0
125354,0
125381,0
125550,0
125558,0
125619,0
125710,0
125736,0
125779,1
125783,0
125801,0
125808,0
125824,0
125845,0
125859,0
125866,0
125984,0
126064,0
126180,0
126203,0
126236,0
126341,0
126351,0
126364,0
126383,0
126409,0
126432,0
126456,0
126497,0
126706,0
126725,0
126733,0
126765,0
126814,0
126880,0
126900,0
126923,0
126981,0
127021,0
127054,0
127098,0
127110,0
127133,0
127141,0
127190,0
127195,0
127202,0
127303,0
127340,0
127461,0
127486,0
127618,0
127696,0
127764,0
127782,0
127799,0
127847,0
127972,0
128020,0
128043,0
128070,0
128211,0
128221,0
128299,0
128376,0
128392,0
128413,0
128570,0
128581,0
128658,0
128668,0
128809,0
128844,0
128877,0
128978,0
129005,0
129082,0
129212,0
129235,0
129264,0
129266,0
129300,0
129336,0
129482,0
129489,0
129701,0
130139,0
130188,0
130307,0
130312,0
130393,0
130493,0
130568,0
130583,0
130728,0
130733,0
130793,0
130813,0
130928,0
130943,0
130996,0
131044,0
131094,0
131106,0
131258,0
131261,0
131388,0
131522,0
131643,0
131680,0
131872,0
131958,0
132201,0
132221,0
132234,0
132300,0
132346,0
132390,0
132458,0
132504,0
132562,0
132581,0
132655,1
132680,0
132715,0
132749,0
132757,0
132771,0
132847,0
132850,0
132878,0
132890,0
132919,0
132969,0
133029,1
133075,0
133107,0
133130,0
133161,0
133264,0
133626,0
133635,0
133652,0
133710,0
133763,0
133840,0
133847,0
133855,0
133883,0
133911,0
133967,0
134227,0
134361,0
134449,0
134451,0
134572,0
134775,0
134861,0
134892,0
134947,0
135079,0
135247,0
135558,0
135628,0
135633,0
135749,0
135848,0
135924,0
135994,0
136071,0
136186,0
136191,0
136207,0
136249,0
136350,0
136391,0
136454,0
136485,0
136522,0
136539,0
136568,0
136618,0
136661,0
136717,0
136737,0
136742,0
136868,0
136898,0
137063,0
137179,0
137210,0
137217,0
137273,0
137416,0
137434,0
137477,0
137515,0
137577,0
137585,0
137587,0
137617,0
137686,0
137730,1
137734,0
137752,0
137765,0
137773,0
137958,0
138009,0
138030,0
138059,0
138112,0
138150,0
138178,0
138212,0
138303,0
138334,0
138439,0
138457,0
138463,0
138506,0
138513,0
138554,0
138655,0
138660,0
138667,0
138824,0
138934,0
138967,0
139004,0
139010,0
139041,0
139068,0
139125,0
139187,0
139232,0
139238,0
139280,0
139296,0
139391,0
139439,0
139463,0
139508,0
139603,0
139620,0
139629,0
139649,0
139832,0
139845,0
139854,0
139909,0
140055,0
140056,0
140088,0
140219,0
140275,0
140351,0
140417,0
140509,0
140544,0
140556,0
140597,0
140612,0
140617,0
140694,0
140764,0
140971,0
141010,0
141069,0
141102,0
141162,0
141271,0
141282,0
141496,0
141506,0
141736,0
141749,0
141768,0
141795,0
141836,0
141943,0
142001,0
142165,0
142208,0
142247,0
142250,0
142251,0
142258,0
142327,0
142608,0
142625,0
142644,0
142669,0
142674,0
142732,0
142758,0
142787,0
142793,0
142910,0
142912,0
142965,0
143212,0
143230,0
143299,0
143401,0
143426,0
143429,0
143438,0
143451,0
143498,0
143520,0
143693,0
143725,0
143779,0
143833,1
143834,0
143880,0
143935,0
144037,0
144076,0
144160,0
144213,0
144278,0
144287,0
144316,0
144414,0
144516,0
144553,0
144568,0
144616,0
144632,0
144672,0
144677,0
144686,0
144732,0
144766,0
144786,0
144896,0
144976,0
144978,0
145016,0
145075,0
145092,0
145136,0
145170,0
145182,0
145198,0
145233,0
145473,0
145576,0
145703,0
145764,0
145865,0
145890,0
145934,0
146047,0
146073,0
146085,0
146136,0
146335,0
146349,0
146396,0
146424,0
146430,0
146500,0
146608,0
146655,0
146750,0
146791,0
146823,0
146825,0
146851,0
146890,0
146900,0
146914,0
146991,0
147006,0
147011,0
147284,0
147390,0
147448,0
147470,0
147481,0
147517,0
147528,0
147652,0
147750,0
147862,0
147981,0
148046,0
148242,0
148305,0
148310,0
148369,0
148409,0
148433,0
148447,0
148502,0
148591,0
148697,0
148700,0
148759,0
148797,0
148803,0
148828,0
148830,0
148870,0
149086,0
149098,0
149117,0
149280,0
149409,1
149465,0
149522,0
149616,0
149746,0
149776,0
149791,0
149886,0
149895,0
150024,0
150083,0
150096,0
150143,0
150194,0
150195,0
150272,0
150360,0
150377,0
150380,0
150387,0
150611,0
150677,0
150708,0
150743,0
150749,0
150772,0
150783,0
150789,0
150797,0
150815,0
150816,0
150925,0
151001,0
151038,0
151081,0
151119,0
151146,0
151233,0
151301,0
151328,0
151351,0
151413,0
151518,0
151787,0
151810,0
151861,0
151898,0
151904,0
152034,0
152074,0
152086,0
152157,0
152197,0
152232,0
152403,0
152481,0
152504,0
152506,0
152541,0
152593,0
152638,0
152654,0
152792,0
152843,0
152960,0
152999,0
153005,0
153065,0
153088,0
153095,0
153111,0
153170,0
153191,0
153358,0
153413,0
153416,0
153418,0
153429,0
153454,0
153555,0
153563,0
153739,0
153740,0
153743,0
153748,0
153796,0
153802,0
153848,0
153902,0
153912,0
153926,0
153974,0
154027,0
154089,0
154146,0
154241,0
154256,0
154369,0
154376,0
154516,0
154677,0
154723,0
154773,0
154818,0
154850,0
155021,0
155037,0
155159,0
155172,0
155243,0
155288,0
155423,0
155575,0
155615,0
155645,0
155652,0
155672,0
155700,0
155740,0
155832,0
155860,0
155907,0
155979,0
156017,0
156033,0
156073,0
156128,0
156157,0
156199,0
156221,0
156353,0
156360,0
156409,0
156422,0
156459,0
156562,0
156565,0
156579,0
156606,0
156619,0
156638,0
156643,0
156649,0
156861,0
156921,0
156938,0
156939,0
156976,0
157000,0
157038,0
157051,0
157150,0
157329,0
157359,0
157379,0
157398,0
157406,0
157409,0
157415,0
157431,0
157507,0
157603,0
157635,0
157789,0
157938,0
158000,0
158013,0
158097,0
158098,0
158108,0
158327,0
158394,0
158460,0
158490,0
158561,0
158564,0
158619,0
158665,0
158716,0
158727,0
158741,0
158752,0
158754,0
158772,0
158922,0
158969,0
159025,0
159063,0
159110,0
159142,0
159154,0
159257,0
159330,0
159361,0
159391,0
159392,0
159394,0
159444,0
159558,0
159581,0
159603,0
159612,0
159623,0
159744,0
159787,0
159789,0
159835,0
159878,0
159923,0
159949,0
159983,0
159987,0
159992,0
160062,0
160107,0
160157,0
160179,0
160191,0
160212,1
160300,0
160417,0
160428,0
160458,0
160543,0
160642,0
160646,0
160803,0
160877,0
160890,0
160929,0
160954,1
160967,0
160987,0
161025,0
161090,0
161154,0
161258,0
161378,0
161519,0
161576,0
161601,0
161727,0
161736,0
161829,1
161838,0
161850,1
161859,0
161890,0
161909,0
161954,0
161999,0
162042,0
162105,0
162112,0
162155,0
162234,0
162236,0
162285,0
162347,0
162501,0
162592,0
162608,0
162648,0
162685,0
162707,0
162709,0
162721,0
162746,0
162930,0
162937,0
162990,0
163009,0
163144,0
163176,0
163193,0
163224,0
163343,0
163465,0
163502,0
163528,0
163558,0
163581,0
163628,0
163640,0
163667,0
163698,0
163704,0
163772,0
163799,0
163903,0
163925,0
164005,0
164093,0
164134,0
164165,0
164271,0
164303,0
164357,0
164404,0
164410,0
164458,0
164500,0
164518,0
164611,0
164684,0
164825,0
164869,0
164881,0
164939,0
164971,0
164972,0
165048,0
165070,0
165132,0
165182,0
165220,0
165256,0
165294,0
165300,0
165312,0
165360,0
165422,0
165567,0
165572,0
165701,0
165722,0
165781,0
165805,0
165838,0
165967,0
165980,0
165981,0
166004,0
166013,0
166074,0
166157,0
166169,0
166260,0
166286,0
166346,0
166357,0
166557,0
166597,0
166600,0
166674,0
166697,0
166739,0
166743,0
166918,0
166969,0
166984,0
166991,0
167041,0
167044,0
167108,0
167135,0
167148,0
167160,0
167242,0
167452,1
167537,0
167682,0
167793,0
167819,0
167820,0
167824,0
167838,1
167848,1
167864,0
167897,0
167985,0
168009,0
168037,0
168076,1
168188,0
168198,0
168206,0
168258,0
168290,0
168295,1
168416,0
168552,0
168606,0
168752,0
168781,0
168848,0
168902,0
168904,0
168905,0
168928,0
169057,0
169180,0
169312,0
169332,0
169392,0
169509,0
169545,0
169605,0
169642,1
169679,0
169690,0
169713,0
169799,0
169916,0
169925,0
169933,0
170048,0
170062,0
170177,0
170453,0
170461,0
170480,0
170510,0
170594,0
170607,0
170695,0
170708,0
170868,0
170932,0
170963,0
171069,0
171123,0
171220,0
171346,0
171476,0
171584,0
171595,0
171704,0
171714,0
171768,0
171773,0
171825,0
171935,0
171977,0
171978,0
172060,0
172083,0
172107,0
172267,0
172328,0
172388,0
172510,0
172512,0
172522,0
172610,0
172691,0
172876,0
172898,0
172981,0
173013,0
173141,0
173215,0
173225,0
173303,0
173389,0
173398,0
173522,0
173693,0
173939,0
173962,0
173971,0
173983,0
174028,0
174064,0
174087,0
174163,0
174263,0
174281,0
174478,0
174492,0
174515,0
174516,0
174517,0
174556,0
174601,0
174754,0
174809,0
174820,0
174855,0
174859,0
174874,0
174907,0
174943,0
174950,0
174973,0
174984,0
175013,0
175071,0
175084,0
175112,0
175184,0
175193,0
175204,0
175385,0
175410,0
175574,0
175639,0
175663,0
175769,0
175770,1
175795,0
175831,0
175892,1
175967,0
176019,0
176060,0
176084,0
176104,0
176241,0
176362,0
176429,1
176460,0
176534,0
176604,0
176634,0
176685,0
176713,0
176741,0
176867,0
177075,0
177082,0
177096,0
177099,0
177148,0
177159,0
177236,0
177269,0
177272,0
177312,0
177423,0
177450,0
177502,0
177723,0
177770,0
177813,0
177816,0
177889,0
177900,0
177908,0
177952,0
177966,0
178012,0
178085,0
178093,0
178131,0
178159,0
178178,0
178305,0
178329,0
178399,0
178470,0
178522,0
178558,0
178585,0
178631,0
178692,0
178822,0
178957,0
178972,0
178973,0
179090,0
179131,0
179158,0
179177,0
179189,0
179248,0
179289,0
179371,0
179382,0
179440,0
179447,0
179466,0
179504,0
179538,0
179630,0
179647,0
179709,0
179759,0
179769,0
179850,0
179918,0
180006,0
180081,0
180137,0
180141,0
180142,0
180152,0
180188,0
180229,0
180246,0
180262,0
180488,0
180497,0
180508,0
180588,0
180615,0
180618,0
180853,0
180922,0
180927,0
181039,0
181071,0
181080,0
181148,0
181185,0
181188,0
181233,0
181357,0
181479,0
181515,0
181535,0
181546,0
181552,0
181572,0
181839,0
181964,0
181985,0
182105,0
182232,0
182280,0
182284,0
182306,0
182343,0
182357,0
182412,0
182481,0
182504,0
182532,0
182557,0
182558,0
182584,0
182596,0
182647,0
182676,0
182876,0
182908,0
182961,0
182991,0
183004,0
183022,0
183054,0
183120,0
183154,0
183169,0
183239,0
183291,0
183420,0
183520,0
183534,0
183580,0
183595,0
183659,0
183712,0
183723,0
183819,0
183832,0
183843,0
183845,0
183898,0
183905,0
183912,0
183953,0
183983,0
184124,0
184191,0
184239,0
184263,0
184286,0
184337,0
184703,0
184761,0
184866,0
184905,0
184978,0
184979,0
184993,0
185005,0
185034,0
185154,0
185191,0
185296,0
185314,0
185343,0
185349,0
185361,0
185371,0
185376,0
185379,0
185381,0
185394,0
185415,0
185457,0
185562,0
185631,0
185665,0
185695,0
185706,0
185743,0
185787,0
185794,0
185858,0
185916,0
185945,0
186051,0
186153,0
186173,0
186232,0
186269,0
186430,0
186453,0
186462,0
186514,0
186519,0
186545,0
186649,0
186665,0
186736,0
186955,0
187014,0
187021,0
187108,1
187113,0
187158,0
187267,0
187372,0
187406,0
187477,0
187482,0
187501,0
187572,0
187576,0
187579,0
187673,0
187694,0
187695,0
187750,0
187787,0
187925,0
187966,0
188058,0
188117,0
188153,1
188204,0
188241,0
188425,0
188466,0
188467,0
188468,0
188593,0
188604,0
188645,0
188654,0
188681,0
188700,0
188823,0
188864,0
188887,0
189017,0
189046,0
189069,0
189071,0
189190,0
189257,0
189300,0
189321,0
189342,0
189370,0
189393,0
189414,0
189548,0
189575,0
189584,0
189625,0
189650,0
189696,0
189730,0
189778,0
189782,0
189787,0
189849,0
189856,0
189859,0
189892,0
189898,0
189974,0
190037,0
190044,0
190119,0
190131,0
190228,1
190271,0
190339,0
190406,0
190432,0
190441,0
190470,0
190564,0
190566,0
190579,0
190629,0
190757,0
190775,0
190807,0
190869,0
190875,0
190885,0
190891,0
190943,0
190944,1
191007,0
191355,0
191469,0
191481,0
191489,0
191498,0
191858,0
191866,0
191889,0
191963,0
192001,0
192019,0
192048,0
192233,0
192277,0
192284,0
192407,0
192420,0
192481,0
192512,0
192642,0
192649,0
192650,0
192754,0
192801,0
192810,0
192823,0
192832,0
192955,0
192960,0
193018,0
193025,0
193082,0
193106,0
193131,0
193284,0
193426,0
193445,0
193458,0
193520,0
193605,0
193630,0
193639,0
193683,0
193732,0
193741,0
193742,0
193775,0
193795,0
193805,0
193820,0
193828,0
193832,0
193883,0
193886,0
193962,0
194128,0
194149,0
194307,0
194351,0
194368,0
194380,1
194443,0
194453,0
194522,0
194602,0
194606,0
194623,0
194709,0
194740,0
194756,0
194793,0
194877,0
194935,0
195054,0
195058,0
195208,0
195322,0
195380,0
195392,0
195397,0
195416,0
195488,0
195520,0
195526,0
195568,0
195580,0
195678,0
195704,0
195766,0
195779,0
195784,0
195807,0
195821,0
195881,0
195903,0
195962,0
195981,0
196172,0
196186,0
196191,0
196222,0
196343,0
196357,0
196358,0
196422,0
196475,0
196520,0
196561,0
196803,0
196809,0
196810,0
196922,0
196998,0
197005,0
197047,0
197057,0
197163,0
197208,0
197351,0
197365,0
197394,0
197445,0
197471,0
197557,1
197569,0
197611,0
197613,0
197637,0
197655,0
197728,0
197758,0
197877,0
197928,0
197964,0
198096,0
198242,0
198337,0
198346,0
198463,0
198467,0
198532,0
198572,0
198604,0
198647,0
198665,0
198714,0
198827,0
198859,0
199024,0
199101,0
199130,0
199151,0
199191,0
199263,0
199269,0
199357,0
199402,0
199438,0
199469,0
199527,1
199679,0
199712,0
199739,0
199783,0
199855,0
199919,0
199986,0
200082,0
200156,0
200168,0
200216,0
200250,0
200394,0
200436,0
200446,0
200509,0
200562,1
200580,0
200605,0
200618,0
200628,0
200629,0
200666,0
200831,0
200840,0
201026,0
201048,0
201075,0
201164,0
201172,0
201246,0
201254,0
201268,0
201368,0
201574,0
201577,0
201611,0
201713,0
201824,0
201883,0
201927,0
202212,0
202213,0
202238,0
202261,0
202302,0
202343,0
202348,0
202387,0
202475,0
202546,0
202569,0
202791,0
202865,0
202923,0
203045,0
203102,0
203179,0
203240,0
203258,0
203284,0
203323,0
203348,0
203373,0
203374,0
203477,0
203479,0
203491,0
203497,0
203527,0
203585,0
203591,0
203601,0
203609,0
203681,0
203690,0
203715,0
203921,0
204065,0
204100,0
204117,0
204124,0
204131,0
204278,0
204295,0
204356,0
204401,0
204437,0
204496,0
204581,0
204587,0
204592,0
204715,0
204718,0
204754,0
204868,0
204934,0
204983,0
205024,0
205111,0
205178,0
205181,0
205226,0
205267,0
205273,0
205307,0
205420,0
205455,0
205523,0
205611,0
205679,0
205733,0
205751,0
205772,0
205795,0
206106,0
206242,0
206332,0
206380,0
206397,0
206517,0
206614,0
206740,0
206766,0
206815,0
206931,0
206952,0
207048,0
207058,0
207159,0
207180,0
207203,0
207213,0
207222,0
207225,0
207233,0
207259,0
207388,0
207423,0
207513,0
207555,0
207598,1
207599,0
207610,0
207759,0
207942,0
207966,0
207982,0
208278,0
208331,0
208339,0
208488,0
208577,0
208586,1
208668,0
208762,0
208797,0
208830,0
208900,0
208958,0
208961,0
208966,0
209013,0
209109,0
209113,0
209278,0
209303,0
209376,0
209400,0
209440,0
209465,0
209575,0
209694,0
209723,0
209769,0
209774,0
209811,0
209862,0
209896,0
209980,0
210050,0
210056,0
210090,0
210244,0
210265,0
210384,0
210414,0
210486,0
210504,0
210672,0
210721,0
210722,0
210758,0
210799,0
210801,0
210906,0
211005,0
211075,0
211078,0
211106,0
211108,0
211210,0
211282,0
211295,0
211301,0
211533,0
211785,0
211790,0
211808,0
211814,0
211877,0
211910,0
211940,0
211993,0
212064,0
212119,0
212185,0
212258,0
212414,0
212422,0
212447,0
212551,0
212580,0
212591,0
212594,0
212635,0
212685,0
212756,0
212778,0
212838,0
212857,0
212882,0
212907,0
212981,0
213189,0
213294,0
213379,0
213422,0
213447,0
213491,0
213526,0
213586,0
213613,0
213627,0
213629,0
213790,0
213899,0
213962,0
214000,1
214052,0
214153,0
214276,0
214314,0
214385,0
214559,0
214624,0
214649,0
214723,0
214828,0
214830,0
214915,0
214982,0
214985,0
215075,0
215102,0
215112,0
215124,0
215140,0
215252,0
215287,0
215400,0
215402,0
215527,0
215592,0
215644,0
215690,0
215756,0
215787,0
215850,0
215933,0
215968,0
216062,0
216117,0
216146,0
216247,0
216352,0
216376,0
216399,0
216430,0
216496,0
216509,0
216528,0
216570,0
216670,0
216879,0
216884,0
216967,0
217193,0
217217,0
217264,0
217265,0
217268,0
217386,0
217443,0
217477,0
217491,0
217530,0
217552,0
217782,0
217861,0
217988,0
218031,0
218037,0
218073,0
218103,0
218178,0
218265,0
218326,0
218463,0
218469,0
218520,0
218564,1
218573,0
218601,0
218713,0
218844,0
218898,0
219090,0
219323,0
219388,0
219407,0
219435,0
219463,0
219531,0
219746,0
219941,0
220107,0
220125,0
220165,0
220200,0
220277,0
220471,0
220524,0
220567,0
220594,0
220676,0
220686,0
220724,0
220774,0
220845,0
220935,0
220959,0
220997,0
221036,0
221051,0
221072,0
221223,0
221292,0
221300,0
221352,0
221389,0
221455,0
221457,0
221597,0
221615,0
221722,0
221770,0
221823,0
221846,0
221856,0
221930,0
221948,0
221963,0
222029,0
222060,0
222094,0
222128,0
222136,0
222228,0
222427,0
222469,0
222667,0
222710,0
222773,0
222872,0
222885,0
222967,0
223010,0
223083,0
223170,0
223244,0
223273,0
223328,0
223332,0
223345,0
223400,0
223609,0
223686,0
223707,0
223848,0
223866,0
223915,0
223922,0
223981,0
224086,0
224159,0
224185,0
224196,0
224205,0
224273,0
224315,0
224341,0
224502,0
224671,0
224689,0
224690,0
224745,0
224767,0
224802,0
224859,0
224976,0
225069,0
225128,0
225146,0
225201,0
225417,0
225455,1
225464,0
225493,0
225646,0
225763,0
225800,0
225803,0
225829,0
225921,0
226001,0
226192,0
226197,0
226207,0
226220,0
226231,0
226263,0
226276,0
226406,0
226443,0
226524,0
226577,0
226584,0
226628,0
226684,0
226807,0
226893,0
226943,0
226979,0
226984,0
227069,0
227080,1
227106,0
227134,0
227180,0
227200,0
227216,0
227241,0
227330,0
227342,0
227356,0
227475,0
227492,0
227502,0
227590,0
227751,0
227764,0
227784,0
227800,0
227830,0
227865,0
227949,0
227951,0
228064,0
228070,0
228182,0
228195,0
228248,0
228256,0
228287,0
228320,0
228345,0
228580,0
228785,0
228855,0
228956,0
228967,0
228970,0
229021,0
229086,0
229087,0
229201,0
229236,0
229365,0
229463,0
229465,0
229604,0
229675,0
229719,0
229780,0
229859,0
229869,0
229905,0
229984,0
230017,0
230032,0
230059,0
230080,0
230195,0
230315,0
230411,0
230488,0
230491,0
230518,0
230590,0
230600,0
230732,0
230751,0
230770,0
230790,0
230828,0
230922,0
230964,0
231006,0
231009,0
231024,0
231046,0
231071,0
231168,0
231174,0
231184,0
231187,0
231310,0
231323,0
231372,0
231378,0
231437,0
231444,0
231526,0
231562,0
231567,0
231599,0
231657,0
231713,0
231758,0
231824,0
231826,0
231865,0
231966,0
232218,0
232231,0
232284,0
232351,0
232369,0
232393,0
232406,0
232457,0
232521,0
232622,0
232714,0
232784,0
232787,0
232856,0
232891,0
232927,0
233007,0
233009,0
233040,0
233053,0
233061,0
233077,0
233132,0
233193,0
233216,0
233244,0
233310,0
233403,0
233459,0
233554,0
233573,0
233657,0
233668,0
233755,0
233756,0
233776,0
233830,0
234095,0
234234,0
234268,0
234285,0
234412,0
234421,0
234464,0
234528,0
234533,0
234542,0
234633,0
234639,0
234647,0
234802,0
234811,0
234818,0
234824,0
234942,0
234954,0
235151,0
235161,0
235294,0
235436,0
235446,0
235457,0
235475,0
235495,0
235597,0
235690,0
235699,0
235746,0
235758,0
235849,0
235863,0
235896,0
235978,0
235998,0
236009,0
236029,0
236108,0
236154,0
236199,0
236237,0
236387,0
236420,0
236427,0
236482,0
236497,0
236674,0
236676,0
236678,0
236695,0
236771,0
236812,0
236917,0
236947,0
236967,0
237010,0
237048,0
237062,0
237063,0
237168,0
237198,0
237214,0
237259,0
237263,0
237335,1
237368,1
237469,0
237475,0
237511,0
237528,0
237642,0
237677,1
237679,0
237722,0
237788,0
237969,0
238087,0
238090,0
238225,0
238349,0
238443,0
238452,0
238476,0
238477,0
238504,0
238507,1
238525,0
238628,1
238645,0
238676,0
238684,0
238931,0
238975,0
238979,0
239000,0
239094,0
239243,0
239250,0
239280,0
239310,0
239457,0
239527,0
239584,0
239716,0
239773,0
239774,0
239804,0
239946,0
239979,0
239991,0
240031,0
240045,0
240053,0
240155,0
240214,0
240232,0
240293,0
240392,0
240422,0
240424,0
240604,0
240661,0
240733,0
240817,0
240872,0
240952,0
240955,1
240973,0
241086,0
241148,0
241317,0
241374,0
241452,0
241543,0
241553,0
241555,0
241567,0
241575,0
241581,0
241704,0
241766,0
241821,0
241867,0
241886,0
241987,0
242049,0
242053,0
242057,0
242102,0
242186,0
242237,0
242358,0
242525,0
242570,0
242636,0
242729,0
242793,0
242809,0
243033,0
243085,0
243159,0
243177,0
243184,0
243275,0
243301,0
243330,0
243347,0
243402,0
243430,0
243568,0
243624,0
243663,0
243712,0
243769,0
243799,0
243812,0
243972,0
244042,0
244093,0
244097,0
244118,0
244129,1
244298,0
244308,0
244385,0
244532,0
244608,0
244677,0
244688,0
244737,0
244788,0
244848,0
244889,0
244918,0
245017,0
245020,0
245176,0
245177,0
245254,0
245412,0
245420,0
245459,0
245465,0
245496,0
245633,0
245655,0
245702,0
245705,0
245731,0
245734,0
245840,0
245909,0
246001,0
246005,0
246040,0
246042,0
246070,0
246091,0
246106,0
246107,0
246113,0
246197,0
246237,0
246297,0
246303,0
246371,0
246423,0
246535,0
246542,0
246571,0
246581,0
246595,0
246607,0
246684,0
246701,0
246718,0
246732,0
246735,0
246749,0
246772,0
246798,0
246829,0
246994,0
247157,0
247179,0
247215,0
247247,0
247285,0
247313,0
247373,0
247463,0
247544,0
248046,0
248090,0
248220,0
248233,0
248362,0
248363,0
248373,0
248415,0
248531,0
248547,0
248552,0
248562,0
248571,0
248595,0
248707,1
248828,0
248916,0
248977,0
248986,0
249054,0
249506,0
249565,0
249609,0
249678,0
249718,0
249760,0
249761,0
249772,0
249835,0
249850,0
249890,0
249900,0
249905,0
249913,0
249938,0
249964,0
250001,0
250047,0
250104,0
250130,0
250159,0
250176,0
250183,0
250187,0
250205,0
250279,0
250310,0
250436,0
250466,0
250499,0
250605,0
250637,0
250719,0
250741,0
250797,0
250880,0
251003,0
251072,0
251111,0
251207,0
251239,0
251251,0
251406,0
251455,0
251470,0
251739,0
251740,0
251752,0
251763,0
251946,0
251982,0
252061,0
252100,0
252195,0
252340,0
252373,0
252385,0
252391,0
252442,0
252501,0
252580,0
252606,1
252627,0
252655,0
252764,0
252832,0
252848,0
253007,0
253043,0
253091,0
253222,0
253234,0
253304,0
253361,0
253364,0
253378,0
253397,0
253422,0
253482,0
253495,0
253522,0
253525,0
253779,0
253820,0
253825,0
253976,0
254008,0
254072,0
254215,0
254240,0
254274,0
254279,0
254312,0
254372,0
254415,0
254452,0
254454,0
254482,0
254502,0
254510,0
254526,0
254553,0
254576,0
254587,0
254729,0
254744,0
254843,0
254851,0
254921,0
254926,0
255179,0
255185,0
255194,0
255284,0
255371,0
255389,0
255439,0
255442,0
255502,0
255517,0
255546,0
255597,0
255709,0
255718,0
255719,0
255769,0
255806,0
255808,0
255816,0
255909,0
256075,0
256086,0
256136,0
256179,0
256248,0
256545,0
256591,0
256640,0
256642,0
256691,0
256702,0
256765,0
256882,0
256903,0
257042,0
257109,0
257308,0
257349,0
257393,0
257394,0
257437,0
257475,0
257506,0
257547,0
257601,0
257693,0
257743,0
257844,0
257878,0
257901,0
257908,0
257953,0
257977,0
258011,0
258062,0
258165,0
258441,0
258480,0
258492,0
258527,0
258560,0
258562,0
258751,0
258802,0
258805,0
258849,0
258896,0
258908,0
258937,0
258954,0
258962,0
259004,0
259070,0
259145,0
259230,0
259370,0
259430,0
259442,0
259504,0
259571,0
259588,0
259634,0
259653,0
259769,0
259835,0
259868,0
259929,0
260011,0
260068,0
260089,0
260096,0
260099,0
260220,0
260273,0
260279,0
260564,0
260572,0
260638,0
260654,0
260684,0
260709,0
260804,0
260819,0
260830,0
260845,0
260965,0
260969,0
260984,0
261060,0
261067,0
261101,0
261138,0
261141,0
261222,0
261231,0
261446,0
261465,0
261538,0
261553,0
261559,0
261606,0
261655,0
261664,0
262561,0
262581,0
262821,0
262922,0
262976,0
262992,0
263089,0
263193,0
263349,0
263381,0
263452,0
263475,0
263794,0
264070,0
264217,0
264256,0
264266,0
264365,0
264377,0
264506,0
264514,0
264556,0
264603,0
264645,0
264658,0
264695,0
264773,0
264836,0
264902,0
265086,0
265124,0
265286,0
265325,0
265548,0
265550,0
265601,0
265635,0
265658,0
265659,0
265741,0
265770,0
265890,0
266269,0
266312,0
266383,0
266394,0
266529,0
266834,0
266898,0
266916,0
267282,0
267429,0
267492,0
267596,0
267607,0
267668,0
267755,0
267826,0
267828,1
267889,0
267923,0
268063,0
268203,0
268236,0
268281,0
268481,0
268554,0
268620,0
268626,0
268641,0
268709,0
268754,0
268768,0
268778,0
269149,0
269348,0
269373,0
269452,0
269566,0
269593,0
269617,0
269696,0
269747,0
269770,0
269772,0
270011,0
270022,0
270061,0
270217,0
270338,0
270358,0
270431,0
270435,0
270445,0
270486,0
270606,0
270616,0
270683,0
270802,0
270821,0
270923,0
270939,0
270942,0
270958,0
271010,0
271099,0
271117,0
271126,0
271202,0
271254,0
271265,0
271304,0
271335,0
271407,0
271488,0
271526,0
271602,0
271678,0
271687,0
271768,0
272067,0
272223,0
272243,0
272295,0
272746,0
272805,0
272821,0
272868,0
272938,0
272946,0
272965,0
273030,0
273068,0
273117,0
273128,0
273274,0
273295,0
273305,0
273449,0
273484,0
273552,0
273611,0
273682,0
273737,1
273746,0
273753,0
273780,0
273806,0
273866,0
273901,0
273918,0
273946,0
273965,0
274033,0
274067,0
274204,0
274308,0
274407,0
274572,0
274707,0
274822,0
274855,0
274886,0
274946,0
275080,0
275188,0
275301,0
275305,0
275540,0
275589,0
275630,0
275646,0
276133,0
276478,0
276487,0
276516,0
276536,0
276544,0
276642,0
276719,0
276767,0
276892,0
276927,0
276993,0
277000,0
277100,0
277277,0
277360,0
277463,0
277518,0
277578,0
277615,0
277725,0
277735,0
277740,0
278021,0
278026,0
278085,0
278095,0
278107,0
278242,0
278661,0
278670,0
278693,0
278730,0
278769,0
278786,1
279182,0
279183,0
279351,0
279711,0
279718,0
279815,0
279865,0
279994,0
280083,0
280110,0
280284,0
280292,0
280419,0
280552,0
280867,0
281242,0
281335,0
281460,0
281787,0
281799,0
281841,0
281842,0
281899,0
281919,0
281920,0
281957,0
282259,0
282319,0
282345,0
282480,0
282495,0
282786,0
282795,0
282872,0
282971,0
283190,0
283340,0
283433,0
283462,0
283611,0
283740,0
283771,0
283828,0
283832,0
283893,0
283966,0
284017,0
284184,0
284432,0
284446,0
284498,0
284708,0
284982,0
285022,0
285176,0
285259,0
285288,0
285360,0
285371,0
285373,0
285384,0
285496,0
285521,0
285565,0
285618,0
285628,0
285653,0
285786,0
285834,0
285882,0
285930,0
285940,0
285982,0
286152,0
286198,0
286229,0
286246,0
286446,0
286473,0
286541,0
286549,0
286556,0
286653,0
287057,0
287132,0
287280,0
287351,0
287558,0
287665,0
287698,0
287700,0
287727,0
287739,0
287815,1
287823,0
287909,0
288030,0
288261,0
288342,0
288391,0
288448,1
288476,0
288657,0
288725,0
288753,0
288805,0
288808,0
288931,0
289000,0
289050,0
289071,0
289138,0
289164,0
289227,0
289234,1
289290,0
289397,0
289497,0
289710,0
289814,0
289864,0
289960,0
290003,0
290009,0
290038,0
290054,0
290227,0
290620,0
290861,0
290887,0
290945,0
291007,0
291091,0
291115,0
291121,0
291134,0
291213,0
291232,0
291373,0
291385,0
291528,0
291532,0
291675,0
291731,0
291746,0
291789,0
291870,0
291917,0
292039,0
292071,0
292101,0
292154,0
292195,0
293050,0
293055,0
293067,0
293209,0
293427,0
293437,0
293590,0
293628,0
293808,0
294046,0
294113,0
294215,0
294319,0
294413,0
294429,0
294630,0
294657,0
294958,0
295094,0
295195,0
295395,0
295520,0
295672,0
295857,0
295869,0
295944,0
295979,0
296513,0
296517,0
296580,0
296602,0
296705,0
296775,0
296879,0
297036,0
297109,0
297145,0
297278,0
297290,0
297313,0
297976,0
298186,0
298272,0
298305,0
298315,0
298345,0
298359,0
298361,0
298479,0
298501,0
298520,0
298565,0
298641,0
298686,0
298750,0
298938,0
299098,0
299130,0
299131,0
299144,0
299213,0
299284,0
299309,0
299348,0
299463,0
299534,0
299537,0
299627,0
299697,0
299838,1
299867,0
300008,0
300063,0
300308,0
300380,0
300480,0
300501,0
300561,0
300597,0
300700,0
300713,0
300889,0
300912,0
301031,0
301108,0
301257,0
301289,0
301523,0
301527,0
301574,0
301728,0
301731,0
301741,0
301837,0
301839,0
301891,0
302179,1
302193,0
302359,0
302486,0
302558,0
302666,0
302837,0
302934,0
302996,0
303009,0
303340,0
303457,1
303459,0
303478,0
303576,0
303668,0
303709,0
303966,0
304026,0
304075,0
304162,0
304438,1
304466,0
304654,0
304714,0
304839,0
304985,0
305097,0
305308,0
305334,0
305384,0
305449,0
305451,0
305520,0
305604,0
305631,0
305717,0
305816,0
305823,0
305967,0
306067,0
306138,0
306177,0
306458,0
306483,0
306542,0
306590,0
306853,0
306938,0
306978,0
307024,0
307056,0
307112,0
307261,0
307342,0
307376,0
307631,0
307676,0
307709,0
307711,0
307892,0
307986,0
308166,0
308188,0
308826,0
308853,0
308955,0
309047,0
309192,0
309333,1
309343,0
309463,0
309500,0
309509,0
309517,0
309620,0
309653,0
309904,0
309979,0
310127,0
310311,0
310415,0
310433,0
310566,0
310582,0
310929,0
311017,0
311215,0
311280,0
311419,0
311425,0
311503,0
311725,0
311958,0
312019,0
312025,0
312124,0
312157,0
312162,0
312290,0
312328,0
312396,0
312516,0
312565,0
312843,0
312855,0
312934,0
312982,0
313089,1
313200,0
313219,0
313275,0
313461,0
313752,0
314205,0
314229,0
314233,0
314240,0
314249,0
314251,0
314268,0
314277,0
314322,0
314439,0
314535,0
314896,0
315033,0
315076,0
315121,0
315241,0
315245,0
315254,0
315278,0
315359,0
315372,0
315430,0
315555,0
315600,0
315701,0
315759,0
315816,0
315863,0
315946,0
316020,0
316056,0
316076,0
316095,0
316110,0
316162,0
316168,0
316182,0
316200,0
316301,0
316332,0
316351,0
316353,0
316379,0
316382,0
316392,0
316417,0
316542,0
316550,0
316553,0
316683,0
316737,0
316790,0
316847,0
316878,0
316915,0
316946,0
317007,0
317058,0
317198,0
317277,0
317322,0
317335,0
317340,0
317392,0
317444,0
317551,0
317628,0
317744,0
317792,0
317864,0
317909,0
317924,0
317994,0
318080,0
318187,0
318294,0
318434,0
318484,0
318640,0
318761,0
318892,0
318969,0
319190,0
319227,0
319260,0
319320,0
319332,0
319466,0
319661,0
319681,0
319706,0
319801,0
319850,0
319934,0
319973,0
320106,0
320124,0
320162,0
320220,0
320237,0
320530,0
320600,0
320668,0
320710,0
320836,0
320837,0
320937,0
320993,0
321019,0
321034,0
321071,0
321140,0
321157,0
321162,1
321415,0
321506,0
321520,0
321844,0
321902,0
321942,0
321977,0
321980,0
322118,0
322130,0
322209,0
322211,0
322249,0
322264,0
322305,0
322412,0
322472,1
322480,0
322508,0
322584,0
322621,0
322647,0
322742,0
322837,0
322973,0
322984,0
322997,0
323032,0
323048,0
323091,0
323096,0
323097,0
323142,0
323172,0
323290,0
323407,0
323505,0
323587,0
323778,0
323822,0
324070,0
324129,0
324182,0
324287,0
324291,0
324356,0
324437,0
324480,0
324580,0
324587,0
324651,0
324746,0
324749,0
324782,0
324867,0
324882,0
325037,0
325039,0
325118,0
325169,0
325188,0
325209,0
325236,0
325273,0
325294,0
325384,0
325550,0
325648,0
325672,0
325728,0
325879,0
325905,0
325945,0
326171,0
326415,0
326575,0
326602,0
326640,0
326644,0
326672,0
326678,0
326752,0
326790,0
326862,0
326944,0
327003,0
327005,0
327119,1
327132,0
327153,0
327175,0
327185,0
327256,0
327360,0
327417,0
327420,0
327450,0
327709,0
327747,0
327807,0
327837,0
327916,0
328166,0
328193,0
328331,0
328336,0
328402,0
328664,0
328709,0
328820,0
328822,0
328830,0
328865,0
328966,0
329173,0
329200,0
329276,0
329369,0
329465,0
329643,0
329660,0
329664,0
329672,0
329679,0
329741,0
329769,0
329807,0
329851,0
329853,0
329934,0
329946,0
330006,0
330008,0
330015,0
330038,0
330419,0
330423,0
330517,0
330527,0
330641,0
330698,0
330720,0
330745,0
330867,0
330913,0
330972,0
330990,0
331016,0
331030,0
331076,0
331202,0
331306,0
331396,0
331405,1
331446,0
331622,0
331657,0
331773,0
331837,0
331893,0
331898,0
331925,0
332004,0
332043,0
332147,0
332152,0
332231,0
332570,0
332577,0
332602,0
332664,0
332789,0
332794,0
332804,0
332903,0
332926,0
333014,0
333044,0
333146,0
333172,0
333324,0
333356,0
333624,0
333664,0
333665,0
333675,0
333698,0
333729,0
333775,0
333823,0
333841,0
333845,0
333933,0
334072,0
334137,0
334212,0
334238,0
334343,0
334379,0
334473,0
334756,0
334789,0
334900,0
334924,0
334925,0
334986,0
335197,0
335345,0
335392,0
335481,0
335530,0
335588,0
335655,0
335682,0
335756,0
335770,0
335793,0
335849,0
335852,0
335970,0
335988,0
336070,0
336115,0
336234,0
336277,0
336281,0
336339,0
336355,0
336574,0
336741,0
336817,0
336843,0
336888,0
337069,0
337186,0
337209,0
337210,0
337536,0
337577,0
337719,0
337726,0
337753,0
337839,0
337841,0
337874,0
337885,0
337992,0
338047,0
338143,0
338171,0
338206,0
338209,0
338307,0
338335,0
338532,0
338534,0
338653,0
338850,0
338944,0
339005,0
339065,0
339133,0
339169,0
339195,0
339249,0
339268,0
339551,0
339670,0
339766,0
339815,0
339887,0
340004,0
340021,0
340068,0
340081,0
340087,0
340127,0
340245,0
340486,0
340567,0
340628,0
340677,0
340723,0
340725,0
340867,0
340884,0
340885,0
340895,0
341043,0
341180,0
341220,0
341245,0
341274,0
341376,0
341591,0
341789,0
341846,0
341897,0
341914,0
341975,0
342000,0
342010,0
342030,0
342107,0
342271,0
342498,0
342621,0
342735,0
342753,0
342830,0
342866,0
342877,0
342973,0
342994,0
343152,0
343182,0
343249,0
343255,0
343325,0
343368,0
343415,0
343430,0
343561,0
343671,0
343770,0
343848,0
343978,0
344011,0
344115,0
344152,0
344218,0
344350,0
344476,0
344665,0
344761,0
344765,0
344775,0
344782,0
344889,0
345021,0
345074,0
345287,0
345298,0
345378,0
345515,1
345520,0
345624,0
345896,0
346056,0
346187,0
346196,0
346245,0
346259,0
346427,0
346533,0
346616,0
346687,0
346716,0
346718,0
346748,0
346876,0
346889,0
346946,0
347010,0
347146,0
347378,0
347406,0
347440,0
347449,0
347464,0
347552,0
347580,0
347589,0
347700,0
347717,0
347752,0
347839,0
347841,0
347913,0
348040,0
348157,0
348266,0
348388,0
348430,0
348601,0
348639,0
348666,0
348702,0
348710,0
348819,0
349047,0
349083,0
349119,0
349128,0
349249,0
349277,0
349311,0
349340,0
349407,0
349513,0
349580,0
349640,0
349716,0
349779,0
349905,0
349912,0
349918,0
349941,0
350057,0
350110,0
350197,0
350214,0
350247,0
350252,0
350312,0
350366,0
350370,0
350380,0
350458,0
350463,0
350609,0
350671,0
350772,0
350886,0
350948,0
350966,0
351087,0
351131,0
351200,0
351271,0
351299,0
351505,0
351581,0
351664,0
351769,0
352093,0
352110,0
352129,0
352275,0
352290,0
352410,0
352457,1
352515,0
352537,0
352548,0
352556,0
352650,0
352690,0
352798,0
352802,0
352927,0
352953,0
352955,0
352971,0
352991,0
353175,0
353195,0
353252,0
353257,0
353263,0
353308,0
353320,0
353370,0
353426,0
353606,0
353627,0
353642,0
353668,0
353728,0
353733,0
353981,0
354164,0
354186,0
354194,0
354335,0
354336,0
354342,0
354353,0
354478,0
354563,0
354596,0
354681,0
354799,0
354920,0
354971,0
354978,0
354998,0
355012,0
355043,0
355326,0
355327,0
355379,0
355403,0
355421,0
355441,0
355451,0
355601,0
355764,0
355768,0
355792,0
355861,0
356120,0
356135,0
356397,0
356463,0
356508,0
356561,0
356576,0
356643,0
356685,0
356859,0
357056,0
357087,0
357186,0
357187,0
357237,1
357268,0
357370,0
357438,0
357480,0
357494,0
357602,0
357622,0
357816,0
357830,0
357880,0
358099,0
358136,0
358201,0
358223,0
358246,0
358301,0
358308,0
358367,0
358447,0
358451,0
358682,0
358718,0
358737,0
358924,0
358981,0
359104,1
359152,0
359154,0
359229,0
359252,0
359269,0
359315,0
359356,0
359401,0
359408,0
359424,0
359495,0
359618,0
359641,0
359714,0
360079,0
360122,0
360156,0
360273,0
360335,0
360435,0
360671,0
360677,0
360724,1
360729,0
361003,0
361219,0
361408,0
361453,0
361462,0
361537,0
361606,0
361610,0
361625,0
361654,0
361716,0
361827,0
361892,0
361910,0
361913,0
361915,0
361950,0
361989,0
362166,0
362210,0
362270,0
362322,0
362324,0
362528,0
362584,0
362609,0
362635,0
362751,0
362758,0
362769,0
362831,0
363048,0
363178,0
363202,0
363319,0
363471,0
363485,0
363554,0
363649,0
363673,0
363720,0
363757,0
363769,0
363789,0
363818,0
364245,1
364263,0
364301,0
364396,0
364486,0
364515,0
364543,0
364561,0
364645,0
365320,0
365378,0
365536,0
365637,0
365682,0
365808,0
365824,0
365837,0
365841,0
365943,1
366018,0
366060,0
366138,0
366216,0
366222,0
366276,0
366360,0
366370,0
366732,0
366768,1
366862,0
366932,0
366934,0
366948,0
367032,0
367102,0
367154,0
367239,0
367265,0
367333,0
367376,0
367434,0
367632,0
367801,0
367922,0
368018,0
368039,0
368203,0
368207,0
368242,0
368335,0
368432,0
368582,0
368595,0
368649,0
368678,0
368689,0
368756,0
368879,0
368883,0
369042,0
369059,0
369082,0
369101,0
369201,0
369264,0
369322,0
369395,0
369439,0
369454,0
369460,0
369500,0
369528,0
369728,0
369785,0
369823,0
369895,0
370073,0
370084,0
370115,0
370180,0
370273,0
370298,0
370697,0
370722,0
370769,0
370811,0
370862,0
370883,0
370919,0
370940,0
371008,0
371021,0
371057,0
371110,0
371126,0
371226,0
371238,0
371417,0
371529,0
371562,0
371568,0
371596,0
371796,0
371800,0
371837,0
371903,0
371905,0
371912,0
371945,0
372043,0
372125,0
372138,1
372186,0
372190,0
372334,0
372396,0
372509,0
372612,0
372665,0
372692,0
372767,0
372991,0
373034,0
373057,0
373135,0
373203,0
373247,0
373606,0
373680,0
373729,0
373766,0
373841,0
373860,0
373878,0
373954,0
373962,0
373978,0
373985,0
374040,0
374137,0
374223,0
374284,0
374290,0
374362,0
374375,0
374594,0
374621,0
374662,0
374686,0
374764,0
374846,0
374896,0
374901,0
374905,0
374906,0
375054,0
375065,0
375130,0
375160,0
375268,0
375282,0
375289,0
375324,0
375341,0
375485,0
375527,0
375534,0
375615,0
375618,0
375627,0
375755,0
375772,0
375876,0
375886,0
375934,0
375940,0
375970,0
376015,0
376076,0
376111,0
376112,0
376263,0
376298,0
376340,0
376359,0
376431,0
376452,0
376497,0
376673,0
376738,0
376742,0
376823,0
376850,0
376866,0
377020,0
377042,0
377119,0
377122,0
377156,0
377234,0
377466,0
377509,0
377571,0
377786,0
377888,0
377890,0
377933,0
377935,0
377947,0
378157,0
378258,0
378319,0
378323,0
378407,0
378437,0
378438,0
378459,0
378471,0
378536,0
378612,0
378643,0
378745,0
378792,0
378817,0
378824,0
378879,0
378916,0
379025,0
379040,0
379051,0
379145,0
379171,0
379299,0
379315,0
379346,0
379383,0
379451,0
379488,0
379540,0
379546,0
379635,0
379665,0
379732,0
379934,0
379950,0
380376,0
380528,0
380588,0
380590,0
380621,0
380875,0
380885,0
380954,0
381002,0
381021,0
381072,0
381105,0
381162,0
381180,0
381228,0
381280,0
381450,0
381498,0
381527,0
381585,0
381628,0
381742,0
381862,0
381896,0
381932,0
381983,0
382002,0
382025,0
382092,0
382093,0
382109,0
382115,0
382373,0
382537,0
382639,0
382725,0
382796,0
382802,0
382809,0
382827,0
382870,0
382909,0
382967,0
382973,0
383010,0
383145,0
383186,0
383232,1
383233,0
383273,0
383433,0
383447,1
383577,0
383590,0
383620,0
383686,0
383705,0
383798,0
383852,0
383868,0
383937,0
384042,0
384088,0
384089,0
384281,0
384285,0
384290,0
384312,0
384381,0
384466,0
384484,0
384512,0
384520,0
384581,0
384583,0
384602,0
384694,0
384765,0
384772,0
384798,0
384828,0
384846,0
385003,0
385019,0
385055,0
385137,0
385194,0
385219,0
385366,0
385374,0
385436,0
385448,0
385485,0
385502,0
385544,0
385546,0
385590,0
385633,0
385650,0
385666,0
385726,0
385788,0
385789,0
385858,0
385895,0
385937,0
386053,0
386088,0
386126,0
386128,0
386135,0
386143,0
386516,0
386568,0
386632,0
386679,0
386702,0
386820,0
386897,0
386979,0
386992,0
387002,0
387027,0
387198,0
387210,0
387397,0
387425,0
387497,0
387542,0
387667,0
387726,0
387736,0
387786,0
387833,0
387872,0
387971,0
387986,0
388010,0
388077,0
388081,0
388200,0
388248,0
388392,0
388466,0
388586,0
388623,0
388653,0
388829,0
388939,0
389052,0
389111,0
389154,0
389365,0
389424,0
389434,0
389630,0
389638,0
389667,0
389702,0
389750,0
389930,0
389987,0
390009,0
390027,0
390072,0
390101,0
390164,0
390278,0
390307,0
390355,1
390397,0
390453,0
390456,0
390475,0
390538,0
390552,0
390649,0
390663,0
390705,0
390757,0
390775,0
390784,0
390787,0
390789,0
390790,0
390806,0
390846,0
390888,0
390892,0
390989,0
391124,0
391131,0
391150,0
391152,0
391181,0
391189,0
391202,0
391206,0
391208,0
391219,0
391221,0
391312,0
391401,0
391470,0
391531,0
391546,0
391657,0
391739,0
391750,0
391804,0
391824,0
391931,0
391957,0
392006,0
392024,0
392051,1
392054,0
392079,0
392126,0
392139,0
392169,0
392227,0
392283,0
392293,0
392301,0
392348,0
392349,0
392362,0
392380,0
392411,0
392476,0
392778,0
392796,0
393051,0
393100,0
393144,0
393168,0
393181,0
393190,0
393223,0
393233,0
393368,0
393369,0
393433,0
393451,0
393468,0
393510,0
393545,0
393547,0
393551,0
393672,0
393701,0
393791,0
393859,0
393869,0
393897,0
393916,0
393974,0
393998,0
394069,0
394089,0
394145,0
394147,0
394215,0
394247,0
394266,0
394320,0
394330,0
394345,0
394359,0
394391,0
394418,0
394486,0
394534,0
394636,0
394723,0
394741,0
394792,0
394820,0
394833,0
394943,0
394952,0
395017,0
395066,0
395141,0
395194,0
395393,0
395397,0
395409,0
395414,0
395434,0
395437,0
395471,0
395498,0
395518,0
395671,0
395786,0
395855,0
395899,0
395917,0
395985,0
396015,0
396016,0
396062,0
396163,0
396186,0
396193,0
396223,0
396233,0
396244,1
396288,0
396367,0
396443,0
396484,0
396564,0
396590,0
396634,0
396658,0
396712,0
396758,0
396808,0
396870,0
396916,0
396951,0
396954,0
396992,0
397013,0
397161,0
397201,0
397213,0
397217,0
397228,0
397258,0
397379,0
397380,0
397499,0
397572,0
397628,1
397649,0
397739,0
397818,0
397875,0
397902,0
397922,0
397970,0
398004,0
398180,0
398201,0
398222,0
398229,0
398277,0
398291,0
398294,0
398396,0
398482,0
398487,0
398514,0
398578,0
398598,0
398707,0
398745,0
398770,0
398790,0
398828,0
398841,0
398844,0
398887,0
399003,0
399033,0
399085,0
399308,0
399348,0
399377,0
399404,0
399456,0
399471,0
399473,0
399501,0
399622,0
399623,0
399770,0
399781,0
399795,0
399910,0
399935,0
400036,0
400045,0
400067,0
400072,0
400156,0
400184,0
400217,0
400254,0
400255,0
400284,0
400308,0
400315,0
400334,0
400335,0
400367,1
400401,0
400420,0
400507,0
400533,0
400558,0
400568,0
400582,0
400662,0
400667,0
400728,0
400794,0
400818,0
400836,0
400887,0
401002,0
401042,0
401047,0
401102,0
401144,0
401166,0
401171,0
401254,0
401293,0
401312,0
401322,0
401400,0
401426,0
401449,0
401544,0
401616,0
401664,0
401689,0
401738,0
401760,0
401777,0
401806,0
401840,0
401921,0
402004,0
402005,0
402010,0
402049,0
402054,0
402112,0
402165,0
402340,0
402417,0
402421,1
402528,0
402541,0
402577,0
402604,0
402745,0
402792,0
402875,0
402884,0
402991,0
403029,0
403052,0
403089,0
403095,0
403129,1
403193,1
403217,0
403239,0
403299,0
403323,0
403341,0
403398,0
403416,0
403505,0
403524,0
403533,0
403637,0
403695,0
403753,0
403760,0
403775,0
403809,0
403811,0
403815,0
403853,0
403949,0
404098,0
404172,0
404199,0
404266,0
404326,0
404455,0
404461,0
404464,0
404489,0
404505,0
404521,0
404588,0
404631,0
404646,0
404661,0
404704,0
404719,0
404746,0
404872,0
404882,0
404885,0
404913,0
404947,0
404958,0
404979,0
405064,0
405072,0
405120,0
405154,0
405176,0
405183,0
405222,0
405266,0
405342,0
405353,0
405379,0
405420,0
405459,0
405620,0
405688,0
405783,0
405785,0
405876,0
405990,0
406018,0
406054,0
406069,0
406104,0
406164,0
406222,0
406227,0
406233,0
406340,0
406350,0
406351,0
406373,0
406448,0
406518,0
406582,0
406637,0
406643,0
406762,0
406788,0
406792,0
406868,0
406941,0
406972,0
406978,0
406988,0
406997,0
407023,0
407050,0
407071,0
407099,0
407177,0
407199,0
407315,0
407405,0
407500,0
407541,0
407543,0
407569,0
407598,0
407688,0
407703,0
407742,0
407761,0
407773,0
407798,0
407846,0
407892,0
407900,0
407905,0
408024,0
408070,0
408076,0
408100,0
408152,0
408255,0
408344,0
408375,0
408458,0
408469,0
408498,0
408539,0
408549,0
408597,0
408623,0
408664,0
408668,0
408689,0
408693,0
408724,0
408732,0
408767,0
408865,0
408990,0
409033,0
409039,0
409056,0
409218,0
409250,0
409288,0
409364,0
409385,0
409402,0
409427,0
409514,0
409526,0
409530,0
409532,0
409550,0
409621,0
409650,1
409780,0
409867,0
409883,0
409923,0
409931,0
409998,0
410013,0
410015,0
410098,0
410103,0
410179,0
410208,0
410317,0
410449,0
410505,0
410539,0
410556,0
410579,0
410621,0
410671,0
410674,0
410695,0
410734,0
410741,0
410752,0
410777,0
410803,0
410859,0
410894,0
410963,0
410973,0
411043,0
411093,0
411130,0
411193,0
411305,0
411319,0
411362,0
411413,0
411487,0
411502,0
411595,0
411631,0
411639,0
411680,0
411757,0
411768,0
411776,0
411877,0
411934,0
411941,0
411983,0
411990,0
412032,1
412056,0
412072,0
412111,0
412191,1
412222,0
412224,0
412281,0
412330,0
412405,0
412418,0
412464,0
412529,0
412538,0
412550,0
412571,0
412613,1
412712,0
412753,0
413021,0
413067,0
413082,0
413121,0
413136,0
413193,0
413198,0
413429,0
413534,0
413614,0
413720,0
413740,0
413753,0
413888,0
413920,0
413928,0
413951,0
414088,0
414114,0
414241,0
414271,0
414363,0
414696,0
414840,0
414927,0
414959,0
414974,0
414980,0
415121,0
415129,0
415230,0
415276,0
415407,0
415430,0
415579,0
415668,0
415859,0
415927,0
415939,0
415977,0
416017,0
416036,0
416116,0
416245,0
416465,0
416511,0
416514,0
416559,0
416631,0
416638,0
416650,0
416844,0
416932,0
417199,0
417271,0
417284,0
417320,0
417719,0
417760,0
417788,0
417791,0
417857,0
417960,0
418045,0
418242,0
418283,0
418352,0
418357,0
418433,0
418485,0
418582,0
418629,0
418682,0
418831,0
418990,0
419173,0
419379,0
419418,0
419526,0
419561,0
419608,0
419645,0
419696,0
419793,0
419891,0
419973,0
420039,0
420069,0
420073,0
420096,0
420133,0
420185,0
420452,0
420505,0
420556,0
420693,0
420696,0
420769,0
420815,0
420879,0
421070,0
421102,0
421119,0
421212,0
421330,0
421411,0
421691,0
421765,0
421807,0
421832,0
421847,0
421975,0
421977,0
421999,0
422003,0
422097,0
422133,0
422301,0
422365,0
422467,0
422603,0
422626,0
422655,0
422724,0
422822,0
422886,0
422901,0
422971,0
422983,0
423046,0
423088,0
423112,0
423222,0
423245,0
423313,0
423548,0
423586,0
423756,0
424097,0
424105,0
424259,0
424312,0
424459,0
424675,0
424762,0
424765,0
424832,0
424902,0
425063,0
425090,0
425139,0
425214,0
425249,1
425399,0
425577,0
425627,0
425670,0
425733,0
425881,0
425983,0
426120,0
426159,0
426266,0
426281,0
426347,0
426389,0
426436,0
426440,0
426480,0
426556,0
426565,0
426575,0
426587,0
426610,0
426662,0
426663,0
426666,0
426741,0
426761,0
426849,0
426905,0
426948,0
426978,0
427060,0
427097,0
427279,0
427296,0
427309,0
427314,0
427452,0
427535,0
427549,0
427571,0
427659,0
427689,0
427764,0
427776,0
428063,0
428269,1
428299,0
428402,0
428465,0
428696,0
428768,0
428814,1
428891,0
428924,0
428929,0
429053,0
429262,0
429491,0
429524,0
429550,0
429628,0
429858,0
429985,0
430215,0
430323,0
430345,0
430376,0
430421,0
430436,0
430498,0
430708,0
430745,0
430785,0
430803,0
430847,0
430865,0
431027,0
431090,0
431361,1
431470,0
431508,0
431545,0
431604,0
431699,0
431915,0
431980,0
432086,0
432166,0
432201,0
432235,0
432397,0
432411,0
432429,0
432577,0
432593,0
432801,0
432802,0
432815,0
432883,0
432916,0
433004,0
433009,0
433097,0
433169,0
433267,0
433271,0
433454,0
433589,0
433741,0
433743,0
433850,0
433857,0
433877,0
434073,0
434075,0
434170,0
434194,0
434261,0
434314,1
434324,0
434337,0
434339,0
434365,0
434384,0
434512,0
434580,0
434644,0
434693,0
434775,0
434779,0
434858,0
434904,0
434973,0
435016,0
435041,0
435126,0
435313,0
435320,0
435335,0
435350,0
435377,0
435378,1
435416,0
435665,0
435968,0
435992,0
436083,0
436129,0
436267,0
436386,0
436449,0
436466,0
436470,0
436492,0
436499,0
436585,0
436728,0
436789,0
436951,0
437079,0
437184,0
437311,0
437360,0
437406,0
437438,0
437539,0
437553,0
437690,0
437746,0
437993,0
438175,0
438289,0
438316,0
438335,0
438367,0
438377,0
438404,0
438437,0
438569,0
438720,0
438760,0
438901,0
438906,0
438994,0
439074,0
439162,0
439215,0
439354,0
439371,1
439398,0
439496,0
439513,0
439607,0
439746,0
439821,0
439909,0
439978,0
440009,0
440089,0
440353,0
440365,0
440414,0
440438,0
440467,0
440477,0
440548,0
440678,0
440686,0
440752,0
440926,0
440960,0
440968,0
441042,0
441187,0
441245,0
441252,0
441416,0
441692,0
441761,0
441991,0
441994,0
442167,0
442213,0
442214,0
442356,0
442601,0
442754,0
442816,1
442965,0
443008,0
443071,0
443075,0
443081,0
443140,0
443266,0
443310,0
443330,0
443355,0
443387,0
443420,1
443424,0
443511,0
443842,0
443944,0
443949,0
444090,0
444172,0
444391,0
444427,0
444578,0
444638,0
444657,0
444665,0
444679,0
444713,0
444800,0
444886,0
444986,0
445168,0
445247,0
445356,0
445460,0
445466,0
445490,0
445568,0
445865,0
446032,0
446115,0
446168,1
446186,0
446372,0
446378,0
446439,0
446452,0
446481,0
446518,0
446557,0
446596,0
446664,0
446713,0
446770,0
446862,0
446902,0
446903,0
446908,0
446984,0
447028,0
447117,0
447160,0
447185,0
447245,0
447311,0
447340,0
447362,0
447449,0
447452,0
447515,0
447658,0
447679,0
447692,0
447703,0
447959,0
448002,0
448047,0
448082,0
448106,0
448272,0
448300,0
448303,0
448431,0
448442,0
448521,0
448564,0
448588,0
448825,0
448936,0
449134,0
449248,0
449493,0
449536,0
449567,0
449785,0
449847,0
449985,0
450046,0
450115,0
450164,0
450232,0
450264,0
450307,0
450329,0
450378,0
450419,0
450461,0
450469,0
450520,0
450539,0
450706,0
450757,0
451002,0
451009,0
451021,0
451125,0
451153,0
451315,0
451358,0
451419,0
451597,0
451628,0
451636,0
451637,0
451673,0
451729,0
451759,0
451895,0
451951,0
452039,0
452054,0
452103,0
452186,0
452266,0
452316,0
452338,0
452667,0
452849,0
452852,0
452993,0
453076,0
453232,0
453495,0
453530,0
453675,0
453930,0
453943,0
453972,0
453979,0
454223,0
454246,0
454263,0
454500,0
454558,0
454561,0
454599,0
454779,0
454813,0
454883,0
454891,0
454926,0
454954,0
455013,0
455162,0
455234,0
455251,0
455279,0
455306,0
455374,0
455497,0
455507,0
455606,0
455634,0
455647,0
455766,0
455775,0
455860,0
455955,0
455965,0
455987,0
455993,0
456025,0
456055,0
456110,0
456132,0
456154,0
456213,0
456379,0
456411,0
456483,0
456487,0
456515,0
456551,0
456664,1
456810,0
456865,0
456894,0
456926,0
456954,0
457043,0
457134,0
457208,0
457241,0
457260,0
457356,0
457452,0
457498,0
457596,0
457689,0
457691,0
457735,0
457779,0
457783,0
457804,0
457900,0
457934,0
457962,0
458006,0
458016,0
458059,0
458212,0
458215,0
458292,0
458570,0
458634,0
458862,0
458892,0
458943,0
459031,0
459129,0
459157,0
459571,0
459599,0
459614,0
459673,0
459679,0
459712,0
459870,0
459891,0
460012,0
460031,0
460079,0
460151,0
460176,0
460476,0
460490,0
460533,0
460599,0
460676,0
460728,0
460738,1
460867,0
460926,0
460964,0
460984,0
460989,0
461052,0
461123,0
461144,0
461208,0
461242,0
461243,0
461262,0
461269,0
461350,0
461608,0
461657,0
461670,0
461823,0
461888,0
462030,0
462094,0
462106,0
462158,0
462164,0
462204,0
462307,0
462433,0
462457,0
462600,0
462771,0
462809,1
462821,0
462855,0
463032,0
463076,0
463135,0
463141,0
463167,0
463295,0
463403,0
463436,0
463485,0
463486,0
463494,0
463574,0
463704,0
463811,0
463991,0
464001,0
464050,0
464052,0
464057,0
464130,0
464261,0
464445,0
464515,0
464538,0
464556,0
464630,0
464731,0
464741,0
464768,1
464916,0
465022,0
465144,1
465202,0
465227,0
465248,0
465308,0
465369,0
465397,0
465493,0
465523,0
465569,0
465713,0
465714,0
465722,0
465839,0
465871,0
465876,0
465934,0
466038,0
466117,0
466130,0
466239,0
466256,0
466418,0
466447,0
466586,0
466700,0
466724,0
466782,0
466808,0
467022,0
467132,0
467133,1
467141,0
467169,0
467233,0
467254,0
467358,0
467389,0
467547,0
467567,0
467628,0
467632,0
467680,0
467684,0
467704,0
467729,0
467831,0
467914,0
467937,0
467961,0
467963,0
468029,0
468123,0
468166,0
468223,0
468259,0
468292,0
468430,0
468465,0
468506,0
468517,0
468544,0
468732,0
468789,0
468817,0
468823,0
468967,0
469021,0
469158,0
469176,0
469312,0
469478,0
469492,0
469564,0
469708,0
469960,0
470141,0
470360,0
470422,0
470457,0
470464,0
470475,0
470506,0
470620,0
470650,0
470667,0
470800,0
470815,0
470816,0
470847,0
470973,0
471040,0
471093,0
471166,0
471213,1
471215,0
471330,0
471338,0
471434,0
471582,0
471585,1
471628,0
471701,0
471703,0
471762,0
471765,0
472045,0
472092,0
472114,0
472214,0
472296,0
472312,0
472371,0
472376,0
472487,0
472560,0
472607,0
472671,0
472768,0
472855,0
472857,0
473017,0
473292,0
473296,0
473323,0
473346,0
473558,0
473565,0
473686,0
473730,0
473768,0
473792,0
473923,0
473939,0
474014,0
474017,0
474038,0
474063,0
474070,0
474156,0
474214,0
474258,0
474333,0
474402,0
474453,0
474476,0
474626,0
474694,1
474856,0
474873,0
475027,0
475033,0
475066,0
475158,0
475167,0
475178,0
475227,0
475346,0
475412,0
475448,0
475516,0
475697,0
475753,0
475780,0
475862,0
475995,0
476011,0
476021,0
476046,0
476087,0
476173,0
476204,0
476239,0
476317,0
476346,0
476499,0
476542,0
476691,0
476762,0
476858,0
476896,0
477030,0
477155,0
477212,0
477298,0
477310,0
477345,0
477445,0
477457,0
477499,0
477514,0
477534,0
477544,0
477660,0
477682,0
477691,0
477718,0
477739,0
477841,0
477879,0
477918,0
478013,0
478043,0
478058,0
478090,0
478142,0
478151,0
478164,0
478244,0
478333,0
478385,0
478401,0
478490,0
478496,0
478538,0
478541,0
478615,0
478645,0
478778,0
478829,0
478886,0
478970,0
479027,0
479120,0
479148,0
479174,0
479193,0
479206,0
479239,0
479329,1
479346,0
479437,0
479522,0
479572,0
479590,0
479628,0
479630,0
479724,0
479864,0
479886,0
479904,0
479953,0
479969,0
479996,1
480029,0
480087,0
480164,0
480197,0
480267,0
480321,0
480345,0
480442,0
480445,0
480490,0
480588,0
480620,0
480722,0
480940,0
480946,0
480970,0
481021,0
481073,0
481133,0
481355,0
481381,0
481403,0
481451,0
481458,0
481477,0
481582,0
481705,0
481733,0
481807,0
481827,0
481844,0
481865,0
482115,0
482179,1
482314,0
482327,0
482358,0
482402,0
482421,0
482452,0
482468,0
482539,0
482576,0
482617,0
482677,0
482710,0
482791,0
482859,0
482897,0
482937,0
482948,0
483014,0
483058,0
483191,0
483228,0
483230,0
483237,0
483275,0
483345,0
483410,0
483505,0
483527,0
483536,0
483544,0
483675,0
483707,0
483712,0
483900,0
483946,0
484038,0
484085,0
484121,0
484169,0
484346,0
484382,0
484536,0
484548,0
484577,0
484612,0
484667,0
484713,1
484717,0
484797,0
484826,0
484953,0
484999,0
485025,0
485038,1
485049,0
485127,0
485154,0
485206,0
485227,0
485363,0
485383,0
485384,0
485387,0
485589,0
485599,0
485617,0
485621,0
485700,0
485718,0
485757,0
485788,0
486053,0
486135,0
486171,0
486180,0
486270,0
486292,0
486310,0
486323,0
486558,0
486695,0
486794,0
486799,0
486848,0
486859,0
486890,0
486897,0
486979,0
487054,0
487126,0
487179,0
487207,0
487243,0
487274,0
487279,0
487317,0
487405,0
487466,0
487473,0
487503,0
487519,0
487583,0
487602,0
487637,0
487679,0
487720,0
487738,0
487830,0
487903,0
488103,0
488179,0
488217,0
488277,1
488442,0
488504,1
488607,0
488661,0
488669,0
488720,0
488782,0
488840,0
488877,0
488980,0
489028,0
489138,0
489275,0
489295,0
489307,0
489312,0
489352,0
489397,0
489627,0
489719,0
489778,0
489806,0
489813,0
489860,0
489919,0
489963,0
490001,0
490031,0
490091,0
490140,0
490165,0
490296,0
490374,0
490402,0
490490,0
490503,0
490629,0
490750,0
490791,0
490846,0
490871,0
490964,0
491153,0
491193,0
491210,0
491315,0
491421,0
491474,0
491479,0
491866,0
491880,0
491898,0
491935,0
491964,0
492006,0
492020,0
492122,0
492184,0
492216,0
492290,0
492326,0
492447,0
492545,0
492558,0
492598,0
492687,0
492748,0
492756,0
492817,0
492826,0
492837,0
492889,0
492892,0
492979,0
493001,0
493127,0
493211,0
493241,0
493319,0
493350,0
493388,0
493410,0
493601,0
493618,0
493786,0
493793,0
493894,0
494003,0
494127,0
494216,0
494223,0
494289,0
494309,0
494348,0
494368,0
494413,0
494449,0
494564,0
494589,0
494745,0
494778,0
494796,0
494806,0
494861,0
494899,0
494916,0
494951,0
495122,0
495207,0
495240,0
495357,0
495512,0
495593,0
495628,0
495729,0
495774,0
496058,0
496086,0
496221,0
496277,0
496336,0
496387,0
496419,0
496442,0
496471,0
496484,0
496614,0
496641,0
496650,0
496653,0
496708,0
496732,0
496739,0
496766,0
496785,0
496877,0
496881,0
496986,1
497030,0
497192,0
497310,1
497344,0
497387,0
497515,0
497589,0
497597,0
497792,0
497800,0
498004,0
498022,0
498088,0
498117,0
498146,0
498216,0
498234,0
498325,0
498346,0
498362,0
498407,0
498472,0
498474,0
498525,0
498560,1
498603,0
498690,0
498693,0
498727,0
498742,0
498804,0
498940,0
498987,0
499060,0
499094,0
499215,0
499364,0
499381,0
499400,0
499455,0
499492,0
499564,0
499573,0
499652,0
499805,0
499895,0
499913,0
499916,0
500046,0
500065,0
500081,0
500106,0
500166,0
500287,0
500311,0
500414,0
500498,0
500500,0
500503,0
500580,0
500612,0
500641,0
500668,0
500676,0
500705,0
500729,0
500732,0
500828,0
500908,0
500910,0
500916,1
500937,0
500985,0
501028,0
501060,0
501281,0
501432,0
501454,0
501618,0
501707,0
501743,0
501748,0
501826,0
501876,0
501923,0
501934,0
501957,0
501986,0
502040,0
502089,0
502232,0
502247,0
502393,0
502547,0
502565,0
502582,0
502832,0
502903,0
502927,0
502985,0
503255,0
503274,0
503277,0
503288,0
503311,0
503414,0
503461,0
503506,0
503508,0
503523,0
503584,0
503586,0
503777,0
503802,0
503903,1
504055,0
504067,0
504258,0
504268,0
504361,0
504369,0
504447,0
504498,0
504663,0
504706,0
504726,0
504773,0
504962,0
504968,0
505018,0
505046,0
505067,0
505076,0
505237,0
505310,0
505409,0
505536,0
505641,0
505702,0
505759,0
505777,0
506131,0
506464,0
506573,0
506629,0
506716,0
506801,0
506952,0
507230,0
507231,0
507358,0
507513,0
507691,0
507721,0
507806,0
508015,0
508460,0
508469,0
508518,0
508523,0
508613,0
508718,0
508964,0
509082,0
509090,0
509206,0
509242,0
509344,0
509389,0
509420,0
509451,0
509476,0
509491,0
509635,1
509653,0
509717,0
509730,0
509827,0
509844,0
509863,0
509875,0
509902,0
509975,0
510040,0
510080,0
510293,0
510330,0
510353,0
510423,0
510482,0
510685,0
510738,0
510840,0
510894,0
510908,0
511074,0
511114,0
511292,0
511321,0
511381,0
511392,0
511461,0
511479,0
511483,0
511485,0
511650,0
511741,0
511894,0
511909,0
511933,0
512014,0
512077,0
512092,0
512160,0
512169,0
512237,0
512367,0
512368,0
512413,0
512415,0
512473,0
512476,0
512706,0
512835,0
512869,0
512985,0
512987,0
513015,0
513031,0
513231,0
513278,0
513292,0
513300,0
513338,0
513517,0
513651,0
513665,0
513717,0
513718,0
513776,0
513783,0
513831,1
513859,0
513892,0
514228,0
514232,0
514416,0
514426,0
514524,0
514557,0
514563,0
514592,0
514795,0
514826,0
514927,0
515048,0
515097,0
515217,0
515301,0
515330,0
515396,0
515482,0
515549,0
515632,0
515646,0
515696,0
515856,0
515871,0
515920,1
516018,0
516135,0
516139,0
516162,0
516237,0
516319,0
516512,0
516531,0
516543,0
516707,0
516852,0
516911,0
516982,0
517029,0
517064,0
517072,0
517083,0
517094,0
517164,0
517444,0
517525,0
517748,0
517794,0
517837,0
517877,0
517952,0
518062,0
518105,0
518241,0
518308,0
518338,0
518354,0
518638,0
518661,0
518869,0
518885,0
518921,0
518927,0
519094,0
519144,0
519219,0
519240,0
519327,0
519400,0
519440,0
519588,0
519589,0
519605,0
519614,0
519664,0
519904,0
519974,0
520061,0
520075,0
520198,0
520364,0
520525,0
520553,0
520565,0
520760,0
520764,0
520786,0
520934,0
520947,0
520962,0
520967,0
520980,0
521116,0
521193,0
521295,0
521317,0
521349,0
521409,1
521422,0
521494,1
521582,0
521611,0
521646,0
521699,0
521732,0
521866,0
522199,0
522299,0
522315,0
522368,0
522436,0
522546,0
522618,0
522727,0
522904,0
522947,0
522957,0
522967,0
523102,0
523524,0
523590,0
523620,0
523701,0
523724,0
523876,0
523902,0
523922,0
523995,1
524038,0
524088,0
524131,0
524159,0
524308,0
524349,0
524354,0
524412,0
524574,0
524603,0
524646,0
524661,0
524673,0
524678,0
524682,0
524739,0
524877,0
524891,0
524952,0
525065,0
525231,0
525246,0
525410,0
525483,0
525581,0
525655,0
525701,0
525731,0
525784,0
525813,0
525818,0
525922,0
525952,0
526132,0
526155,0
526284,0
526293,0
526408,0
526453,0
526482,0
526649,0
526668,0
527063,0
527398,0
527500,0
527693,0
527786,0
527796,0
527892,0
527893,0
527919,0
527976,0
528104,0
528170,0
528262,0
528314,0
528573,0
528648,1
528693,0
528703,0
528761,0
528870,0
528905,0
528978,0
529048,0
529070,0
529249,0
529414,0
529437,0
529502,0
529551,0
529604,0
529616,0
529687,0
529689,0
529783,0
529917,0
529922,0
529952,0
530017,0
530032,0
530048,0
530080,0
530134,0
530213,0
530307,0
530312,0
530512,0
530670,0
530718,0
530802,0
530808,0
530869,0
530937,0
530993,0
531043,0
531063,0
531106,0
531133,0
531175,0
531407,0
531467,0
531732,0
531762,0
531781,0
531918,0
532156,0
532238,0
532260,0
532338,0
532372,0
532507,0
532528,0
532758,0
532783,0
532908,0
532924,0
532925,0
532945,0
532995,0
533183,0
533373,0
533375,0
533382,0
533448,0
533598,0
533635,0
533646,0
533649,0
533965,0
534053,0
534198,0
534227,0
534296,0
534338,0
534359,0
534421,0
534454,0
534557,0
534750,0
534776,0
535211,0
535253,0
535507,0
535574,0
535712,0
535722,0
536003,0
536248,0
536317,0
536346,0
536387,0
536388,0
536397,0
536548,0
536621,0
536713,0
536771,0
536811,0
536863,0
536882,0
536957,0
537292,0
537310,0
537348,0
537439,0
537540,0
537553,0
537605,0
537776,0
537811,0
537843,0
537890,0
537943,0
537953,0
538000,0
538006,0
538017,0
538123,0
538257,0
538370,0
538393,0
538416,0
538633,0
538679,0
538686,0
538725,0
538781,0
538815,0
538871,0
538877,0
538988,0
539017,0
539035,0
539128,0
539142,0
539198,0
539222,0
539330,0
539333,0
539351,0
539367,0
539381,0
539501,0
539532,0
539540,0
539543,0
539555,0
539633,0
539755,0
539774,0
539799,0
539809,0
539876,0
539919,0
539925,0
539932,0
539944,0
540040,0
540161,0
540181,0
540206,0
540245,0
540317,0
540340,0
540589,0
540658,0
540685,1
540732,0
540796,0
540854,0
540867,0
541061,0
541135,0
541174,0
541199,0
541270,0
541373,0
541394,0
541405,0
541466,0
541695,1
541809,0
541839,0
542006,0
542169,0
542270,0
542369,0
542383,0
542390,0
542434,0
542472,0
542495,0
542530,0
542619,0
542631,0
542664,0
542810,0
542880,0
543109,0
543127,0
543130,0
543230,0
543257,0
543301,0
543304,0
543313,0
543337,0
543446,0
543668,0
543727,0
543764,0
543768,0
543932,0
543945,0
544085,0
544092,0
544223,0
544324,0
544347,0
544375,0
544377,0
544398,0
544561,0
544591,0
544621,0
544643,0
544661,0
544692,0
544727,0
544795,0
544802,0
544804,0
544839,0
544842,0
544854,0
545085,0
545087,0
545134,0
545157,0
545191,0
545218,0
545322,0
545332,0
545340,0
545409,0
545564,0
545699,0
545733,0
545814,0
545821,0
545899,0
546098,0
546104,0
546108,0
546362,0
546584,0
546772,0
546811,0
546902,0
546938,0
546994,0
547095,0
547466,0
547546,0
547639,0
547756,0
547768,0
547796,0
547807,0
547816,0
547823,0
547832,0
547833,0
547926,0
547968,0
548054,0
548161,0
548240,0
548402,0
548407,0
548457,0
548645,0
548733,0
548737,0
548789,0
548820,0
548822,1
548908,0
548926,0
549297,0
549342,0
549559,0
549712,0
549720,0
549824,0
549882,0
549922,0
549980,0
550085,0
550425,0
550574,0
550608,0
550648,0
550675,0
550716,0
550727,0
550768,0
550820,0
550853,0
550876,0
550986,0
551016,0
551045,0
551056,0
551076,0
551185,0
551349,0
551391,0
551484,1
551683,0
551724,0
551897,0
552007,0
552119,0
552159,0
552244,0
552341,0
552517,0
552532,0
552541,0
552596,0
552617,0
552733,0
552737,0
552983,0
553058,0
553256,0
553257,0
553284,0
553426,0
553437,0
553447,0
553575,0
553599,0
553692,0
553791,0
553805,0
553815,0
553858,0
553975,0
553995,0
554160,0
554218,0
554292,0
554294,0
554313,0
554398,1
554457,0
554463,0
554543,0
554609,0
554678,0
554749,0
554917,0
554925,0
554996,0
555023,0
555062,0
555132,0
555167,0
555217,0
555251,0
555267,0
555341,0
555453,0
555504,0
555696,0
555890,0
555955,1
555960,0
556054,0
556153,0
556235,0
556249,0
556290,0
556301,0
556380,0
556663,0
556780,0
556827,0
556842,0
556925,0
556995,0
557235,0
557254,0
557279,0
557295,0
557419,0
557421,0
557718,0
557770,0
557789,0
557910,0
557935,0
557955,0
557973,0
558046,0
558065,0
558111,1
558118,0
558122,0
558428,0
558493,0
558545,0
558612,0
558614,0
558636,0
558702,0
558837,0
558925,0
558984,0
559051,0
559102,0
559117,0
559162,0
559180,0
559244,0
559457,0
559478,0
559586,0
559639,0
559668,0
559704,0
559745,0
559890,0
559906,0
560031,0
560272,0
560368,0
560376,0
560398,0
560438,0
560483,0
560513,0
560742,0
560956,0
561035,0
561286,1
561320,0
561365,0
561490,0
561544,0
561599,0
561692,0
561768,0
561782,0
561821,0
561969,0
561971,0
562024,0
562179,0
562319,0
562336,0
562409,0
562474,0
562475,0
562691,1
562780,0
562971,0
562972,0
563101,0
563146,0
563168,0
563236,0
563410,0
563460,0
563547,0
563567,0
563682,1
563839,0
563855,0
563909,0
563956,0
564065,0
564103,0
564118,0
564146,0
564158,0
564169,0
564380,0
564533,0
564579,0
564581,0
564584,0
564610,0
564652,0
564719,0
564782,0
564866,0
564918,0
564936,0
564947,0
565119,0
565198,0
565310,0
565314,0
565405,0
565506,0
565521,0
565542,0
565565,0
565579,0
565665,0
565670,0
565722,0
565836,0
566026,0
566224,0
566274,0
566412,0
566430,0
566566,0
566573,0
566639,0
566695,0
566697,0
566728,0
566809,0
566816,0
566938,0
566989,0
567009,0
567035,0
567354,0
567396,0
567476,0
567487,0
567708,0
567724,0
567781,0
568072,0
568209,0
568573,0
568633,0
568645,0
568892,0
568991,0
569028,0
569068,0
569164,0
569172,0
569301,0
569470,0
569530,0
569572,0
569598,0
569701,0
569803,0
569880,0
569977,0
570126,0
570198,0
570223,0
570454,0
570532,0
570692,1
570760,0
570787,0
570792,0
571023,0
571072,0
571106,0
571376,0
571420,0
571608,0
571616,0
571650,0
571673,0
571746,0
571888,0
571955,0
572036,0
572057,1
572063,0
572169,0
572199,0
572304,0
572373,1
572573,0
572577,0
572611,0
572671,0
572728,0
572747,0
572783,0
572790,0
572841,0
572859,0
572908,0
572910,0
572943,0
572973,0
573063,0
573078,0
573099,0
573126,0
573173,0
573240,0
573307,0
573321,0
573367,0
573459,0
573539,0
573682,0
573690,0
573783,0
573824,0
573950,0
573958,1
573996,0
574135,0
574141,0
574142,0
574222,0
574235,0
574262,0
574273,0
574381,0
574466,0
574999,0
575061,0
575115,0
575236,0
575270,0
575323,0
575490,0
575767,0
575817,0
575829,0
575946,0
575981,0
576046,0
576050,0
576094,0
576227,0
576281,0
576369,0
576379,0
576389,0
576424,0
576540,0
576608,0
576846,0
576947,0
576953,0
576963,0
577013,0
577015,0
577088,0
577197,0
577216,0
577251,0
577275,0
577308,0
577349,0
577702,1
577848,0
577871,0
578093,0
578102,0
578294,0
578307,0
578500,0
578781,0
578970,0
579156,0
579269,0
579324,0
579461,0
579483,0
579653,0
579736,0
580006,0
580031,0
580087,0
580430,0
580514,0
580592,0
580604,0
580642,0
580817,0
580973,0
581078,0
581118,0
581141,0
581157,0
581691,0
581765,0
581820,0
582028,0
582031,0
582036,0
582137,0
582208,0
582243,0
582270,0
582361,0
582470,0
582482,0
582488,0
582493,0
582539,0
582594,0
582600,0
582609,0
582631,0
582711,0
582728,0
582875,0
582984,0
583122,0
583163,0
583169,0
583198,0
583244,0
583252,0
583330,0
583369,0
583373,0
583402,0
583455,1
583463,0
583505,0
583664,0
583710,0
583764,0
583775,0
583776,0
583836,0
583844,0
583872,0
583933,0
583948,0
584002,0
584020,0
584131,0
584220,0
584223,0
584275,0
584295,0
584305,0
584330,0
584336,0
584349,0
584408,0
584421,0
584469,0
584480,0
584610,0
584638,0
584771,0
584873,0
585031,0
585110,0
585185,0
585219,0
585251,0
585369,0
585373,0
585428,1
585440,0
585455,0
585488,0
585494,0
585615,0
585616,0
585737,0
585754,0
585775,0
585792,0
585886,0
585950,0
586097,0
586115,0
586157,0
586230,0
586292,0
586321,0
586347,0
586351,0
586364,0
586436,0
586608,0
586664,0
586668,0
586786,0
586822,0
586904,0
586912,0
587054,0
587086,0
587106,0
587137,1
587207,0
587261,0
587307,0
587368,0
587392,0
587556,0
587589,0
587642,0
587660,0
587669,0
587686,0
587703,0
587706,0
587781,0
587786,0
587904,0
587955,0
587970,0
587998,0
587999,0
588188,0
588345,0
588373,0
588450,0
588524,0
588539,0
588553,0
588645,0
588681,0
588743,0
588852,0
588886,0
588997,0
589065,0
589146,0
589176,0
589201,0
589262,0
589502,0
589623,0
589667,0
589683,0
589696,0
589717,0
589732,0
589831,0
589859,0
589883,0
589972,0
590007,0
590153,0
590225,0
590243,0
590321,0
590349,0
590425,0
590470,0
590486,0
590518,0
590571,0
590681,0
590727,0
590838,0
590928,0
590976,0
590992,0
591000,0
591043,0
591196,0
591208,0
591315,0
591356,0
591445,0
591488,0
591521,0
591548,0
591555,1
591587,0
591591,0
591671,0
591706,0
591716,0
591748,0
591756,0
591770,0
591783,0
591791,0
591816,0
591900,0
591920,0
591940,0
591957,0
592350,0
592380,0
592387,0
592546,0
592569,0
592694,0
592712,0
592871,0
592873,0
592950,0
593048,0
593098,0
593103,0
593202,0
593239,0
593248,0
593257,0
593260,0
593321,0
593458,0
593508,0
593570,0
593603,0
593633,0
593680,0
593719,0
593761,0
593770,0
593791,0
593906,0
593970,0
594114,0
594157,0
594223,0
594384,0
594529,0
594598,0
594629,0
594704,0
594883,0
595062,0
595197,0
595203,0
595332,0
595366,0
595367,0
595402,0
595403,0
595462,0
595468,0
595498,0
595505,0
595573,0
595625,0
595632,0
595667,0
595730,0
595852,0
596023,0
596034,0
596035,0
596070,0
596125,0
596166,0
596204,0
596230,0
596284,0
596324,0
596356,0
596550,0
596616,0
596634,0
596656,1
596683,0
596744,0
596814,0
596867,0
596886,0
597017,0
597135,0
597183,0
597293,0
597334,0
597444,0
597498,0
597708,0
597740,0
597744,0
597894,0
597963,0
598019,0
598022,0
598145,0
598185,0
598227,0
598248,0
598317,0
598377,0
598470,0
598473,0
598562,0
598622,0
598729,0
598765,0
598818,0
598829,1
598847,0
598934,0
598944,0
598968,0
599021,0
599055,0
599136,0
599160,0
599179,0
599263,0
599474,0
599573,0
599613,0
599718,0
599762,0
599828,0
599834,0
599848,0
599876,0
599906,0
599959,0
600096,0
600226,0
600273,0
600326,0
600366,0
600414,0
600430,0
600520,0
600624,0
600666,0
600762,0
600763,0
600774,0
600810,0
600843,0
600848,0
600871,0
601023,0
601298,0
601337,0
601406,0
601443,0
601528,0
601531,0
601718,0
602004,0
602049,0
602050,0
602158,0
602191,0
602229,0
602248,0
602359,0
602378,0
602395,0
602598,0
602600,0
602632,0
602766,0
602769,1
602784,0
602881,0
602908,0
603062,0
603090,0
603109,0
603204,0
603240,0
603285,0
603356,0
603374,0
603390,0
603407,0
603435,0
603447,0
603451,0
603549,0
603568,0
603587,0
603618,0
603629,0
603640,0
603647,0
603732,0
603764,0
603787,0
603814,0
603890,0
603911,0
603932,0
603935,0
603985,0
604004,0
604023,0
604043,0
604046,0
604092,0
604114,0
604185,0
604189,0
604217,0
604225,0
604360,0
604406,0
604407,1
604627,0
604761,0
604771,0
604788,0
604850,0
604970,0
604993,0
605169,0
605212,0
605325,0
605334,0
605335,0
605364,0
605488,0
605517,0
605549,0
605608,0
605657,0
605669,0
605732,0
605777,0
605786,0
605853,0
605959,0
606032,0
606089,0
606103,0
606227,0
606233,0
606246,0
606278,0
606287,0
606327,0
606358,0
606409,0
606455,0
606517,0
606536,0
606559,0
606578,0
606580,0
606655,0
606700,0
606701,0
606806,0
606855,0
606866,0
606921,0
606984,0
607058,0
607083,0
607143,0
607235,0
607237,0
607246,0
607252,0
607389,0
607425,0
607504,0
607519,0
607572,0
607609,0
607630,0
607632,0
607653,0
607660,0
607746,0
607767,0
607853,0
607882,0
607910,0
607921,0
607952,0
607965,0
607997,0
608114,0
608140,0
608188,0
608222,0
608231,0
608242,0
608308,0
608335,0
608341,0
608365,0
608381,0
608407,0
608445,0
608452,0
608479,0
608521,0
608654,0
608702,0
608748,0
608938,0
609054,0
609134,0
609222,0
609252,0
609360,0
609457,0
609671,0
609707,0
609850,0
609871,0
609882,0
609883,0
609960,0
610072,0
610247,0
610259,0
610399,0
610401,0
610418,0
610432,0
610476,0
610678,0
610715,0
610726,0
610740,0
610838,0
610852,0
610888,0
610902,0
611107,0
611124,0
611282,1
611365,0
611402,0
611461,0
611486,0
611487,0
611574,0
611580,0
611620,0
611662,0
611748,0
611803,1
611954,0
611963,0
612039,0
612115,0
612181,0
612185,0
612186,0
612256,0
612263,0
612290,0
612421,0
612425,0
612639,0
612642,0
612708,1
612715,0
612803,0
612867,0
612886,0
612940,0
613007,0
613109,0
613114,0
613210,0
613281,0
613327,0
613427,0
613460,0
613752,0
613787,0
613913,0
613957,0
613962,0
614009,0
614071,0
614192,0
614261,0
614367,0
614401,0
614534,0
614563,0
614568,0
614620,0
614657,0
614773,0
614787,0
614920,0
615046,0
615111,0
615140,0
615268,0
615318,0
615325,0
615445,0
615498,0
615581,0
615589,0
615591,0
615625,0
615655,0
615660,0
615686,0
615844,0
615930,0
615955,0
615975,0
616121,0
616138,0
616142,0
616157,0
616169,0
616182,0
616326,0
616467,0
616542,0
616547,0
616650,0
616692,0
616696,0
616726,0
616735,0
616792,0
616807,0
616819,0
616854,0
616896,0
616899,0
616927,0
616945,0
617166,0
617248,0
617384,0
617518,0
617536,0
617564,0
617604,0
617692,0
617711,0
617712,0
617787,0
617800,0
617811,0
617865,0
617963,0
618006,0
618115,0
618121,0
618228,0
618231,0
618241,0
618265,0
618301,0
618366,0
618367,0
618381,0
618487,0
618528,0
618613,0
618652,0
618767,0
618838,0
618864,0
618941,0
618981,0
619035,0
619203,0
619316,0
619390,0
619406,0
619452,0
619466,0
619470,0
619499,0
619521,0
619549,0
619635,0
619720,0
619780,0
619824,0
619829,0
619831,0
619841,0
619889,0
619939,0
620064,0
620093,0
620131,0
620181,0
620332,0
620336,0
620339,0
620418,0
620812,0
620861,0
620880,0
620919,0
620927,0
620935,1
621076,0
621120,0
621130,0
621269,0
621296,0
621377,0
621412,0
621553,0
621749,0
621750,0
621791,1
621813,0
621815,0
622088,0
622117,0
622122,0
622253,0
622294,0
622338,0
622383,0
622389,0
622501,0
622582,0
622603,0
622604,0
622630,0
622704,0
622746,0
622856,0
622869,0
623070,0
623124,0
623165,0
623174,0
623202,0
623238,0
623240,0
623298,0
623376,0
623506,0
623551,0
623600,0
623690,0
623886,0
623941,0
623980,0
623985,0
624015,0
624036,0
624091,0
624129,0
624206,0
624212,0
624221,0
624226,0
624243,0
624246,0
624262,0
624280,0
624288,0
624348,0
624418,0
624667,0
624767,0
624823,0
624912,0
624920,0
624937,0
625009,0
625104,0
625114,0
625154,0
625183,0
625222,0
625258,0
625361,0
625405,0
625442,0
625724,0
625726,1
625757,0
625779,0
625788,0
625789,0
625867,0
625982,0
626009,0
626161,0
626269,0
626357,0
626530,0
626610,0
626653,0
626685,0
626713,0
626733,0
626765,0
626832,0
626934,0
627007,0
627073,0
627086,0
627165,0
627181,0
627197,0
627367,0
627442,0
627466,0
627492,0
627508,0
627616,0
627663,0
627707,0
627771,0
627891,0
627912,0
627950,0
628014,0
628086,0
628110,0
628114,0
628287,0
628346,0
628369,0
628376,0
628452,0
628475,0
628553,0
628612,0
628665,0
628783,1
628885,0
628906,0
628981,0
629124,0
629158,0
629164,0
629277,0
629293,0
629300,0
629323,0
629389,0
629390,0
629438,0
629462,0
629652,0
629664,0
629689,0
629743,0
629791,0
629823,0
629832,0
629845,0
629907,0
629935,0
630001,0
630014,0
630053,0
630064,0
630070,0
630126,0
630134,0
630140,0
630265,0
630557,0
630580,0
630631,0
630764,0
630788,0
630803,0
630825,0
630869,0
630909,0
631000,0
631076,0
631095,0
631134,0
631184,0
631221,0
631315,0
631515,1
631647,0
631669,0
631677,0
631774,0
631793,0
631926,0
631931,0
632196,0
632264,0
632414,0
632425,0
632463,0
632502,0
632545,0
632580,0
632644,0
632720,0
632781,0
632827,0
632888,0
632921,0
633008,0
633014,0
633015,0
633038,0
633052,0
633057,0
633086,0
633419,0
633442,0
633530,0
633763,0
633849,0
633953,0
634015,0
634143,0
634173,0
634214,0
634282,0
634293,0
634364,0
634370,0
634440,0
634445,0
634452,0
634558,0
634559,0
634586,0
634626,0
634631,0
634640,0
634724,0
634771,0
634876,0
634984,0
635018,0
635063,0
635113,0
635224,0
635238,0
635260,0
635285,0
635352,0
635361,0
635431,0
635483,0
635500,0
635615,0
635634,0
635668,0
635779,0
635860,0
635909,0
635950,0
635986,0
636006,0
636031,0
636032,0
636090,0
636154,0
636180,0
636182,0
636380,0
636393,0
636426,0
636449,0
636473,0
636506,0
636596,0
636658,0
636693,0
636696,0
636704,0
636968,0
636976,0
636994,0
637158,0
637341,0
637466,0
637505,0
637615,0
637645,0
637751,0
637938,0
638095,0
638145,0
638186,0
638384,0
638414,0
638510,0
638533,0
638554,0
638590,0
638625,0
638665,0
638697,0
638770,0
638775,0
638794,0
638813,0
638842,0
638878,0
638880,0
638890,0
638924,0
638928,0
638991,0
638992,0
639006,0
639052,0
639247,0
639420,0
639434,0
639496,0
639605,0
639620,0
639747,0
639758,0
639786,0
639839,0
639962,0
640042,0
640078,0
640083,0
640100,0
640109,0
640115,0
640486,0
640497,0
640521,0
640531,0
640535,0
640634,0
640667,0
640753,0
640759,0
640841,0
640890,0
640894,0
640907,0
640946,0
641034,0
641097,0
641109,0
641124,0
641177,0
641192,0
641203,0
641241,0
641286,0
641371,0
641462,0
641636,0
641638,0
641691,0
641711,1
641774,0
641776,0
641797,0
641965,0
642009,0
642024,0
642162,0
642163,0
642234,0
642302,0
642303,0
642321,0
642330,0
642345,0
642379,0
642475,0
642529,0
642544,0
642684,0
642712,0
642727,0
642877,0
642907,0
642917,0
642966,0
642974,0
643026,1
643185,0
643211,0
643235,0
643243,0
643252,0
643308,0
643530,0
643565,0
643584,1
643596,0
643652,0
643675,0
643744,0
643792,0
643806,0
643811,0
643824,0
643846,0
643984,0
644018,0
644019,0
644070,0
644271,0
644307,0
644418,0
644486,0
644643,0
644679,0
644791,0
644826,0
644854,0
645064,0
645104,0
645165,0
645259,0
645264,0
645334,0
645355,0
645372,0
645375,0
645492,0
645498,0
645518,0
645571,0
645677,0
645759,0
645776,0
645830,0
645848,0
645869,1
645979,0
646002,0
646068,0
646087,0
646095,0
646242,0
646276,0
646296,0
646307,0
646325,0
646395,0
646430,0
646556,0
646619,0
646623,0
646642,1
646745,0
646785,0
646805,0
646968,0
647040,0
647078,0
647168,0
647314,0
647394,0
647448,0
647580,0
647590,0
647603,0
647666,0
647723,0
647752,0
647908,0
647910,0
647935,0
648282,0
648287,0
648327,0
648399,0
648431,0
648440,0
648457,0
648533,0
648671,0
648749,0
648792,0
648798,0
648917,0
648962,0
648974,0
649027,0
649050,0
649060,0
649061,0
649158,0
649213,0
649218,0
649264,0
649462,0
649466,0
649499,0
649511,0
649563,0
649574,0
649579,0
649582,0
649643,0
649668,0
649673,0
649692,0
649719,0
649791,0
649964,0
649995,0
650019,0
650021,0
650040,0
650121,0
650136,0
650186,0
650219,0
650248,0
650252,0
650395,0
650397,0
650447,0
650479,0
650483,0
650500,0
650565,0
650685,0
650767,0
650783,0
650785,0
650857,0
650902,0
650903,0
651028,0
651032,0
651052,0
651101,0
651104,0
651241,0
651263,0
651269,0
651375,0
651474,0
651515,0
651535,0
651664,0
651711,0
651803,0
651819,0
651883,0
651936,0
651942,0
651963,0
651967,0
652010,0
652012,0
652015,0
652086,0
652103,0
652181,0
652192,0
652195,0
652218,0
652233,0
652255,0
652303,0
652320,0
652335,0
652343,0
652357,0
652386,0
652463,0
652536,0
652663,0
652673,0
652680,1
652698,0
652707,0
652814,0
652887,0
652938,0
653008,0
653027,0
653041,0
653111,0
653164,0
653198,0
653227,0
653235,0
653461,0
653485,0
653510,0
653562,0
653656,0
653658,0
653786,0
653801,0
653857,0
653897,0
653948,0
653958,0
653989,0
654211,0
654217,0
654326,0
654358,0
654398,0
654417,0
654551,0
654566,0
654607,0
654610,0
654707,0
654966,0
655070,0
655122,0
655140,0
655147,0
655153,0
655176,0
655206,0
655323,0
655464,0
655674,0
655750,0
655915,0
655929,0
655949,0
656000,0
656147,0
656264,0
656333,0
656357,0
656378,0
656454,0
656463,0
656491,0
656539,0
656575,0
656628,0
656684,0
656738,0
656874,0
656883,0
656966,0
656986,0
657019,0
657022,0
657139,0
657187,0
657238,0
657310,0
657347,0
657397,0
657407,0
657409,0
657423,0
657466,0
657476,0
657511,0
657558,0
657577,0
657597,0
657603,0
657616,0
657680,0
657710,0
657715,0
657764,1
657837,0
657951,0
658027,0
658070,0
658084,0
658202,0
658222,0
658330,0
658366,0
658437,0
658467,0
658496,0
658560,0
658676,0
658778,0
658785,0
658795,0
658807,0
658819,0
658938,0
658993,0
659020,0
659145,0
659302,0
659314,0
659327,0
659391,0
659451,0
659496,0
659607,0
659613,0
659616,0
659869,0
659946,0
660094,0
660150,0
660233,0
660261,0
660307,0
660310,0
660318,0
660447,0
660471,0
660596,0
660603,0
660658,1
660836,0
660840,0
660843,0
660891,0
660928,0
661015,0
661104,1
661111,0
661140,0
661169,0
661187,0
661250,0
661275,0
661299,0
661346,0
661524,0
661538,0
661579,0
661632,0
661659,0
661788,0
661797,0
661829,0
661837,0
661847,0
661848,0
661913,0
661928,0
661974,0
661980,0
662051,0
662160,0
662270,0
662274,0
662308,0
662445,0
662472,1
662558,0
662563,0
662726,0
662784,0
662810,0
662819,0
662899,0
662943,0
662954,0
663023,0
663044,0
663147,0
663339,0
663389,0
663436,0
663539,0
663758,0
664017,0
664189,0
664263,0
664424,0
664437,0
664439,0
664513,0
664595,0
664600,0
664608,0
664624,0
664642,0
664788,0
664815,0
664821,0
664840,0
664918,0
664936,0
664998,0
665157,0
665181,0
665228,0
665258,0
665261,0
665286,0
665323,0
665361,0
665448,0
665566,0
665626,0
665676,0
665732,0
665819,0
665839,0
665962,0
666032,0
666042,0
666196,0
666208,0
666224,0
666228,0
666235,0
666270,0
666341,0
666422,0
666450,0
666460,0
666480,0
666581,0
666622,0
666687,0
666700,0
666731,0
666748,0
666798,0
666810,0
666833,0
666945,0
667006,1
667020,0
667039,0
667138,0
667151,0
667187,0
667203,0
667296,0
667350,1
667391,0
667560,0
667600,0
667660,0
667746,0
667785,0
667801,0
667974,0
668042,0
668051,0
668211,0
668353,0
668359,0
668405,0
668600,0
668605,0
668640,0
668681,0
668728,0
668830,0
668924,0
669385,0
669388,0
669425,0
669543,0
669635,0
669736,0
669743,0
669827,0
669859,0
669922,0
669931,0
669941,0
670399,0
670407,0
670465,0
670494,0
670495,0
670497,0
670660,0
670692,0
670735,0
670758,0
671008,0
671023,0
671212,0
671220,0
671229,0
671348,0
671388,0
671415,0
671692,0
671744,0
671798,0
671881,0
671888,0
671898,0
672060,0
672084,0
672108,0
672211,0
672212,0
672259,0
672441,0
672452,0
672478,0
672517,0
672563,0
672657,0
672844,0
672879,0
672908,0
672960,0
673023,0
673194,0
673312,0
673326,0
673327,0
673343,0
673357,0
673361,1
673382,0
673385,0
673636,0
673743,0
673748,0
673908,0
673938,0
673988,0
674006,0
674119,0
674284,0
674312,0
674360,0
674387,0
674402,0
674500,1
674572,0
674579,0
674597,0
674618,0
674659,0
674895,0
674927,0
674974,0
674991,0
675207,0
675260,0
675336,0
675382,0
675441,0
675494,0
675668,0
675768,0
675916,0
676011,0
676088,0
676110,0
676183,0
676230,0
676235,0
676314,0
676331,0
676399,0
676574,0
676673,0
676839,0
676876,0
676904,0
676944,0
676995,0
677007,0
677055,0
677058,0
677194,0
677238,0
677250,0
677406,0
677439,0
677499,0
677599,0
677732,0
677844,0
677893,0
677955,0
677962,0
678078,0
678084,0
678249,0
678254,0
678347,0
678401,0
678429,0
678552,0
678682,0
678701,0
678922,0
678945,0
678950,0
679080,0
679082,0
679202,0
679212,0
679230,0
679256,0
679303,0
679371,0
679376,0
679378,0
679391,0
679478,0
679511,0
679585,0
679689,0
679901,0
680193,0
680253,0
680362,0
680447,0
680535,0
680553,0
680676,0
680681,0
680725,0
680730,0
680746,0
680928,0
680951,0
681104,0
681215,0
681311,0
681448,0
681516,0
681588,0
681764,0
681978,0
682011,0
682015,1
682021,0
682059,0
682097,0
682231,0
682339,0
682390,0
682502,0
682572,0
682702,0
682723,0
682824,0
682921,0
682932,0
683119,0
683151,0
683386,0
683483,0
683496,0
683545,0
683642,1
683740,0
683785,0
683840,0
683901,0
684281,0
684293,0
684568,0
684632,1
684667,0
684729,0
684765,0
684847,0
684924,0
684944,0
684954,0
684972,0
684986,0
685033,0
685366,0
685413,0
685446,0
685456,0
685459,0
685480,0
685508,0
685623,0
685627,0
685723,0
685803,0
685980,0
685994,0
686020,0
686337,0
686368,0
686522,0
686824,0
686841,0
687000,0
687070,0
687092,0
687186,0
687439,0
687568,0
687669,0
687764,0
687809,0
687834,0
687838,0
687937,0
688126,0
688132,0
688157,0
688254,0
688273,0
688363,0
688461,0
688530,0
688655,0
688903,0
688908,0
688918,0
689029,0
689053,0
689073,0
689224,0
689318,0
689363,0
689391,0
689395,0
689614,0
689708,0
689779,0
689800,0
689973,0
689984,0
690040,0
690082,0
690179,0
690212,0
690239,0
690366,0
690443,0
690472,0
690644,0
690983,0
691041,0
691134,0
691179,0
691274,0
691512,0
691580,0
691725,0
691828,0
692020,0
692186,0
692228,0
692234,0
692261,0
692417,0
692643,0
692837,0
693032,0
693060,0
693123,0
693179,0
693481,0
693707,0
693830,0
693852,0
693869,0
693966,0
693977,0
694376,0
694420,0
694461,0
694482,0
694583,0
694661,0
694730,0
694793,0
694808,0
694817,0
695028,0
695147,0
695222,0
695246,1
695355,0
695472,0
695674,0
695729,0
695824,0
696008,0
696025,0
696062,0
696147,0
696265,0
696560,0
696571,0
696937,0
696996,0
697128,0
697253,0
697274,0
697449,0
697529,0
697559,0
697595,0
697619,0
697678,0
697814,0
697901,0
697909,0
698039,0
698063,0
698067,0
698164,0
698325,0
698378,0
698482,0
698609,0
698872,0
698937,0
698981,0
699074,0
699363,0
699369,0
699439,0
699523,0
699541,0
699643,0
699691,0
699697,0
699889,0
699936,0
700072,0
700148,0
700149,0
700275,0
700482,0
700611,0
700648,0
700832,0
700838,0
700841,0
700867,0
700893,0
700921,0
701092,0
701107,0
701229,0
701298,0
701374,0
701413,0
701616,0
701639,0
701647,0
701910,0
702015,0
702162,0
702349,0
702384,0
702525,0
702559,0
702692,0
702729,0
702805,0
702806,0
702897,0
703043,0
703064,0
703116,0
703422,0
703444,0
703496,0
703539,0
703574,0
703623,0
703659,0
703802,0
703829,0
703885,0
704062,0
704086,0
704175,0
704249,0
704298,0
704301,0
704388,0
704431,0
704443,0
704472,0
704578,0
704869,0
704894,0
704904,0
704988,0
704994,0
705094,0
705184,0
705212,0
705411,0
705430,0
705464,0
705655,0
705836,0
705850,0
705875,0
705931,0
706017,0
706079,0
706128,0
706194,0
706261,0
706344,0
706396,0
706408,0
706607,0
706613,0
706755,0
706769,0
706787,0
706790,0
707011,0
707108,0
707163,0
707189,0
707245,0
707283,0
707287,0
707292,0
707416,0
707540,0
707627,0
707728,0
707759,0
707763,0
707767,0
707829,0
707983,0
708111,0
708115,0
708338,0
708354,0
708457,0
708518,0
708604,0
708682,0
708726,0
709057,0
709063,0
709206,0
709227,0
709498,0
709715,0
709730,0
709770,0
710040,0
710062,0
710233,0
710306,0
710616,0
710651,0
710756,0
710846,0
710913,0
711034,0
711114,0
711440,0
711487,0
711583,0
711825,0
711851,0
711856,0
711884,0
711904,0
711946,0
711985,0
712147,0
712161,0
712253,0
712497,0
712505,0
712563,0
712607,0
712644,0
712687,0
712705,0
712904,0
712916,0
712979,0
712992,0
713049,0
713053,0
713077,0
713249,0
713475,0
713602,0
713626,1
713640,0
713733,0
713753,0
713969,0
714062,0
714097,1
714160,0
714170,0
714204,0
714333,0
714376,0
714479,0
714516,0
714607,0
714647,0
714776,0
714801,0
714815,0
715065,0
715129,0
715135,0
715211,0
715301,0
715507,0
715550,0
715600,0
715668,0
715783,0
715784,0
715793,0
715798,0
715823,0
715959,0
715969,0
716026,0
716029,0
716332,0
716472,0
716518,0
716572,0
716595,0
716668,0
716669,0
716742,0
716832,0
716900,0
716965,0
717015,0
717156,0
717193,0
717230,0
717286,0
717287,0
717352,0
717630,0
717761,0
717799,0
717985,0
717993,0
717994,0
718096,0
718216,0
718217,0
718538,0
718621,0
718626,0
718678,1
718778,0
718796,0
718937,0
719003,0
719055,0
719079,0
719092,0
719122,0
719199,0
719244,0
719275,0
719313,0
719318,0
719519,0
719569,0
719688,0
719867,0
719887,0
719889,0
719938,0
719945,0
719958,0
720010,0
720237,0
720641,0
720936,0
721048,0
721118,0
721150,0
721178,0
721280,0
721281,0
721443,0
721483,0
721600,0
721689,0
721744,0
721897,0
721908,0
721968,0
722024,1
722061,0
722064,0
722255,0
722317,0
722371,0
722475,0
722722,0
722842,0
722857,0
723011,0
723247,0
723257,0
723341,0
723591,0
723702,0
723884,0
723942,0
723969,0
724020,0
724097,0
724125,0
724213,0
724217,0
724273,0
724285,0
724434,0
724554,0
724725,0
724802,0
724834,1
724848,0
724884,0
724888,0
725004,0
725071,0
725136,0
725146,0
725247,0
725320,0
725467,0
725495,1
725525,0
725591,0
725651,0
725806,0
725838,0
725921,0
725926,0
725963,0
726083,0
726195,0
726263,0
726381,0
726502,0
726545,0
726637,0
726696,0
726738,0
726795,0
727451,1
727509,0
727603,0
727676,0
727745,0
727803,0
727822,0
727949,0
728149,0
728247,0
728291,0
728295,0
728349,0
728436,0
728567,0
728625,0
728660,0
728699,1
728775,0
728791,0
728802,0
728848,0
728869,0
728978,0
728993,0
729022,0
729074,0
729121,0
729408,0
729451,0
729496,0
729521,0
729775,0
729816,0
729856,0
730000,0
730054,0
730120,0
730165,0
730324,0
730328,0
730369,0
730629,0
730636,0
730668,0
730670,0
730709,0
730720,0
730792,1
730976,0
731009,0
731059,0
731155,0
731191,0
731293,0
731375,0
731383,0
731472,0
731644,0
731779,0
731941,0
731980,0
731989,0
732090,0
732091,0
732094,0
732433,0
732776,0
732790,0
732871,0
732881,0
732911,0
732928,0
732985,0
733038,0
733114,0
733119,0
733346,0
733399,0
733430,0
733761,0
733948,0
734226,0
734228,0
734287,0
734331,0
734337,0
734564,0
734609,0
734612,0
734640,0
734654,0
734806,0
735028,0
735032,0
735180,0
735226,0
735401,0
735551,0
735572,0
735588,0
735592,0
735686,0
735704,0
735926,0
736007,0
736008,0
736037,0
736100,0
736413,0
736485,0
736495,0
736517,0
736709,0
736815,0
736875,0
736912,0
736946,0
737038,0
737099,0
737139,0
737229,0
737342,0
737586,0
737600,0
737681,0
737800,0
737843,0
737882,0
737928,0
738059,0
738156,0
738420,0
738453,0
738532,0
738579,0
738624,0
738809,0
738926,0
739102,0
739222,0
739339,0
739412,0
739425,0
739548,0
739570,0
739659,0
739675,0
739704,0
739713,0
739776,0
739854,0
739938,0
740023,0
740197,0
740276,1
740317,0
740399,0
740481,0
740512,0
740521,0
740527,0
740688,0
740761,0
740833,0
740974,0
741209,0
741211,0
741307,0
741635,0
741757,0
741763,0
741784,0
741888,0
741997,0
742374,0
742383,0
742440,0
742490,0
742667,0
742723,0
742779,1
742787,0
742836,0
743091,0
743141,0
743173,0
743517,0
743573,0
743626,0
743652,0
743737,0
743824,0
743826,0
743993,0
744240,0
744262,0
744320,0
744541,0
744604,0
744731,0
744781,0
744805,0
744837,0
745060,1
745111,0
745382,0
745713,0
745866,0
745876,0
746053,1
746157,0
746162,0
746207,0
746210,0
746521,0
746568,0
746655,0
746788,0
746815,0
746856,0
746862,0
746917,0
747048,0
747089,0
747263,0
747295,0
747301,0
747335,0
747360,0
747683,0
747940,0
748025,0
748194,0
748206,0
748211,0
748277,0
748402,0
748424,0
748459,0
748534,0
748623,0
748660,0
748689,0
748927,0
748945,0
749075,0
749191,0
749433,0
749468,0
749496,0
749713,0
749816,0
749975,0
750104,0
750137,0
750168,0
750255,0
750330,0
750462,0
750489,0
750739,0
750915,0
750926,0
751133,0
751185,0
751253,0
751643,0
751823,0
751846,0
751957,0
752082,0
752208,0
752702,0
752847,0
752863,0
752894,0
752949,0
752973,0
753005,0
753091,0
753206,0
753243,0
753244,0
753248,0
753365,0
753709,0
753784,0
753868,0
753885,0
754065,0
754083,0
754085,0
754178,0
754553,0
754691,0
754790,0
754946,0
755105,0
755133,0
755178,0
755244,0
755295,0
755307,0
755643,0
755655,0
755657,0
755687,0
755765,0
755776,0
755944,0
755977,0
756156,0
756271,0
756323,0
756368,0
756372,0
756472,0
756644,0
756664,1
756671,0
756695,0
756724,0
756746,0
756747,0
756959,0
757034,0
757148,0
757307,0
757308,0
757329,0
757452,0
757464,0
757530,0
757559,0
757624,0
757660,0
757702,0
757703,0
757980,0
758025,0
758052,0
758439,0
758641,0
758698,0
758712,0
758743,0
758955,1
758971,0
759042,0
759237,0
759362,0
759387,0
759413,0
759421,0
759468,0
759659,0
759663,0
759725,0
759771,0
759881,0
759974,0
760196,0
760200,0
760279,0
760504,0
760513,0
760555,0
760616,0
760683,0
760743,0
760781,0
761032,0
761071,0
761099,0
761142,0
761223,0
761265,0
761365,0
761370,0
761666,0
761765,0
761771,0
761836,0
761850,0
761916,0
761940,0
762044,0
762129,0
762430,0
762455,0
762555,0
762586,0
762591,0
762657,0
762743,0
762796,0
762820,0
762832,0
762896,0
762944,0
762967,0
763257,0
763378,0
763500,0
763522,0
763667,0
763674,0
763733,0
763823,0
763826,0
764090,0
764127,0
764162,0
764168,0
764236,0
764549,0
764623,0
764671,0
764700,0
764731,0
764739,0
765008,0
765019,0
765091,0
765225,0
765243,0
765262,0
765265,0
765312,0
765507,0
765509,0
765588,0
765596,0
765651,0
765678,0
765718,0
765745,0
765773,0
765920,0
765936,0
765991,0
766011,0
766041,0
766329,0
766377,0
766384,0
766443,0
766566,0
766621,0
766864,0
766894,1
766918,0
766968,0
767140,0
767251,0
767409,0
767461,0
767493,0
767512,0
767534,0
767590,0
767637,0
767922,0
767924,0
767966,0
767970,0
768037,0
768085,0
768152,0
768192,0
768246,0
768342,0
768356,0
768387,0
768513,0
768751,0
768830,0
769066,0
769067,0
769091,0
769151,0
769200,0
769565,0
769571,0
769628,0
769663,0
769824,0
769872,0
770003,0
770095,0
770127,0
770156,0
770231,0
770242,0
770381,0
770429,0
770549,0
770629,0
770735,0
770808,0
770835,0
770871,0
770973,0
770989,1
770999,0
771042,0
771054,0
771062,0
771088,0
771186,0
771225,0
771279,0
771349,0
771365,0
771511,0
771550,0
771584,0
771588,0
771637,0
771652,0
771663,0
771832,0
771949,0
772006,0
772007,0
772023,0
772072,0
772117,0
772174,0
772179,0
772210,0
772264,0
772398,0
772409,0
772697,0
772699,0
772808,0
772908,0
772942,0
772956,0
773029,0
773102,0
773327,0
773404,0
773448,0
773534,0
773571,0
773612,0
773703,0
773771,0
773823,0
773825,0
773855,0
773991,0
774143,0
774548,0
774746,0
774812,0
775111,0
775269,0
775278,0
775302,0
775355,0
775425,0
775504,0
775578,0
775618,0
775737,0
775864,0
775996,0
776014,0
776308,0
776318,0
776496,0
776570,1
776587,0
776590,0
776608,0
776674,0
777075,0
777130,0
777290,0
777397,0
777412,0
777517,0
777567,0
777574,1
777741,0
777935,0
777983,0
778160,0
778312,0
778346,0
778612,0
778654,0
778914,0
778972,0
778978,0
779197,0
779265,0
779273,0
779305,0
779311,0
779573,0
779703,0
779732,0
779759,0
779827,0
779925,0
780042,0
780194,0
780267,0
780313,0
780330,0
780361,1
780392,0
780491,0
780650,0
780676,0
780929,0
780948,0
781001,0
781072,0
781104,0
781258,0
781431,0
781448,0
781502,0
781536,0
781758,0
781958,0
781971,0
782000,0
782223,0
782247,0
782396,0
782468,0
782543,0
782632,0
782686,0
782802,0
782873,0
782878,0
782948,1
783043,0
783088,0
783118,0
783120,0
783234,0
783259,0
783335,0
783411,0
783488,0
783600,0
783756,0
783780,1
783784,0
783798,0
783837,0
783841,0
784029,0
784091,0
784133,0
784204,0
784244,0
784267,0
784287,0
784417,0
784462,0
784504,0
784507,0
784597,0
784641,0
784666,0
784743,0
784850,0
785174,0
785285,0
785325,0
785344,0
785382,0
785482,0
785555,0
785598,0
785635,0
785681,0
785718,0
785961,0
785975,0
786049,0
786068,0
786083,0
786151,0
786159,0
786162,0
786304,0
786429,0
786431,0
786457,0
786562,0
786565,0
786593,0
786607,0
786706,0
786751,0
786805,0
786845,0
786881,0
787165,0
787239,0
787398,0
787454,0
787534,0
787545,0
787602,0
787619,0
787647,0
787655,0
787743,0
787963,0
788020,0
788214,0
788358,0
788364,0
788508,0
788509,0
788686,0
788806,0
788926,0
788988,0
789079,0
789379,0
789399,0
789441,0
789517,0
789700,0
789885,0
789908,0
789959,0
789961,0
790227,0
790425,0
790463,0
790512,0
790640,0
790647,0
790757,0
790814,1
790840,0
791111,0
791143,0
791163,1
791501,0
791701,0
791741,0
791747,0
791891,0
792309,0
792440,1
792538,0
792569,0
792635,0
792735,0
792787,0
792790,0
792896,0
792994,0
793007,0
793019,0
793023,0
793027,0
793073,0
793219,0
793237,0
793246,0
793254,0
793268,0
793281,0
793383,0
793387,0
793504,0
793582,0
793594,0
793648,0
793767,0
793947,0
794042,0
794101,0
794202,0
794234,0
794294,0
794312,0
794492,0
794513,0
794657,0
794734,0
794812,0
794815,0
794863,0
794891,0
795086,0
795183,0
795217,0
795292,0
795298,0
795299,0
795319,0
795537,0
795724,0
795789,0
795792,0
795815,0
795828,0
795866,0
795947,0
796131,0
796252,0
796358,0
796394,0
796458,0
796521,0
796524,0
796572,0
796578,0
796826,0
796838,0
796849,0
796998,0
797304,0
797353,0
797367,0
797568,0
797574,0
797671,0
797699,0
797775,0
797792,0
797823,1
798026,0
798065,0
798083,0
798106,0
798124,0
798129,0
798473,0
798659,0
798694,0
798751,0
798807,0
798914,0
799010,0
799091,0
799107,0
799112,0
799119,0
799244,0
799250,0
799322,1
799434,0
799451,0
799529,0
799537,0
799669,0
799705,0
799920,0
799983,0
800008,0
800131,0
800145,0
800171,0
800437,0
800448,0
800479,0
800543,0
800724,0
800737,0
800742,0
800827,0
801055,0
801086,0
801282,0
801319,0
801334,0
801356,0
801470,0
801512,0
801602,0
801811,0
801919,0
801924,0
801960,0
802013,0
802048,0
802071,0
802209,0
802289,0
802420,0
802598,0
802644,0
802705,0
802786,0
802816,0
802831,0
802839,0
802908,0
802912,0
802924,0
802963,0
802972,0
803013,0
803146,0
803422,0
803609,0
803656,0
803980,0
804004,0
804062,0
804204,0
804348,0
804427,0
804701,0
804860,0
804879,0
805076,0
805091,0
805144,0
805199,0
805309,0
805404,0
805459,0
805461,0
805462,0
805708,0
805713,0
805767,0
805772,0
805823,0
805900,0
805920,0
805965,0
806041,0
806210,0
806249,0
806286,0
806375,1
806699,0
806793,0
806808,0
807027,0
807068,0
807214,0
807257,0
807351,0
807368,0
807380,0
807420,0
807532,0
807560,0
807652,0
807709,0
807733,0
807737,0
807873,0
807882,0
807944,0
808188,0
808372,0
808472,0
808698,0
808737,0
808940,0
809024,0
809229,0
809336,0
809351,0
809393,0
809498,0
809508,0
809624,0
809690,1
810052,0
810078,0
810093,0
810135,0
810352,0
810366,0
810717,0
810759,0
810764,0
810958,0
810969,0
810972,0
811124,0
811296,0
811310,0
811319,0
811417,0
811504,0
811625,0
811684,0
811715,0
811809,0
811996,0
812020,0
812059,0
812088,0
812114,0
812249,0
812300,0
812307,0
812342,0
812401,0
812427,0
812455,0
812468,0
812724,1
812771,0
812965,0
813641,0
813749,0
813791,1
814043,0
814083,0
814088,0
814169,0
814233,0
814275,0
814361,0
814416,0
814497,0
814519,0
814654,0
814723,0
814800,0
814836,0
814873,0
814897,0
814945,0
815156,0
815195,0
815222,0
815328,0
815382,0
815403,0
815505,0
815508,0
815509,1
815601,0
815667,0
815721,0
815732,0
815749,0
815817,0
815830,0
815856,0
815884,0
815890,0
815967,0
816068,0
816078,0
816097,0
816220,0
816341,0
816463,0
816525,0
816717,0
816767,0
816774,0
816847,0
816971,0
817129,0
817277,0
817297,0
817316,0
817511,0
817512,0
817667,0
817707,0
817799,0
817917,0
818057,0
818074,0
818077,0
818225,0
818348,0
818366,0
818603,0
818651,0
818661,0
818674,0
818854,0
818948,0
819011,0
819019,0
819279,0
819336,0
819342,0
819373,0
819431,0
819537,0
819602,0
819630,0
819723,0
819738,0
819801,0
820087,0
820136,0
820211,0
820232,0
820496,0
820524,0
820573,0
820742,0
821013,0
821125,0
821139,0
821197,0
821381,0
821389,0
821406,0
821749,0
821802,0
821878,0
821984,0
822060,0
822191,0
822480,0
822481,0
822498,0
822528,0
822650,0
822665,0
822689,0
822691,0
822889,0
823030,0
823049,0
823050,0
823082,0
823140,0
823169,0
823194,0
823281,0
823375,0
823377,0
823379,0
823380,0
823408,0
823468,0
823603,0
823915,0
823994,0
824123,0
824130,0
824193,0
824259,0
824328,0
824404,0
824440,0
824525,0
824650,0
824664,0
824797,0
824881,0
824937,0
825252,0
825367,0
825570,0
825602,0
825661,0
825670,0
825693,0
825744,0
825764,0
825809,0
825841,0
826144,0
826177,0
826349,0
826418,0
826430,0
826469,0
826491,0
826533,0
826544,0
826601,0
826693,0
826785,0
826814,0
826901,0
826924,0
827044,0
827054,0
827087,0
827150,0
827182,0
827215,0
827267,0
827319,0
827396,0
827433,0
827459,0
827645,0
827670,0
827714,0
827826,0
827957,0
828008,1
828118,0
828125,1
828142,0
828343,0
828382,0
828452,0
828462,0
828509,0
828524,0
828535,0
828573,0
828633,0
828736,0
828742,0
828866,0
828897,0
828920,0
828926,0
828931,0
828940,0
829110,0
829160,0
829182,0
829213,0
829302,0
829465,0
829471,0
829498,0
829572,0
829701,0
829771,0
829831,0
829832,0
829905,0
830047,0
830181,0
830299,0
830306,0
830344,0
830372,0
830387,0
830457,0
830489,0
830532,0
830540,0
830743,0
830943,0
830954,0
831007,0
831208,0
831211,0
831218,0
831322,0
831338,0
831388,0
831473,0
831506,0
831512,0
831583,0
831597,0
831633,0
831706,0
831852,0
831909,0
831980,0
832102,0
832119,0
832125,0
832136,0
832161,0
832274,1
832415,0
832475,0
832588,0
832632,0
832646,0
832648,0
832677,0
832699,0
832848,0
832879,0
833083,0
833157,0
833184,0
833307,0
833326,0
833406,1
833422,0
833434,0
833481,0
833534,0
833658,0
833747,0
833790,0
833827,0
833856,0
833871,0
833915,0
833964,0
834028,0
834158,0
834327,0
834399,0
834434,0
834450,0
834604,0
834610,0
834686,0
834783,0
834804,0
834823,0
834839,0
834867,0
835008,0
835062,0
835069,0
835095,0
835098,0
835143,0
835171,0
835198,0
835219,0
835239,0
835528,0
835606,0
835607,0
835610,0
835667,0
835683,0
835721,0
835730,0
835752,0
835842,0
835879,0
835934,0
835951,0
835973,0
836025,0
836097,0
836110,0
836145,0
836200,0
836279,0
836283,0
836469,0
836597,0
836598,0
836822,0
836865,0
836903,0
836927,0
836952,0
836972,0
836984,0
836989,0
837044,0
837093,0
837131,1
837133,0
837158,0
837198,0
837211,0
837225,0
837242,0
837358,0
837401,0
837462,0
837523,1
837562,0
837597,0
837636,0
837651,0
837735,0
837775,1
837813,0
837913,0
837937,0
838007,0
838017,0
838075,0
838224,0
838298,0
838323,0
838355,0
838662,0
838857,0
839079,0
839112,0
839117,0
839130,0
839157,0
839179,0
839200,0
839207,0
839574,0
839645,0
839730,0
839737,0
839750,0
839813,0
839849,0
839857,0
840031,0
840085,0
840116,0
840202,0
840375,0
840388,0
840419,0
840435,0
840490,0
840526,0
840560,0
840732,0
840819,0
840834,0
840866,0
840903,0
841014,0
841036,0
841108,0
841130,0
841192,0
841324,0
841437,0
841532,0
841563,0
841729,0
841818,0
841890,1
841903,0
841920,1
842043,1
842056,0
842065,0
842081,0
842086,0
842146,0
842273,0
842314,0
842349,0
842376,0
842407,0
842431,0
842472,1
842505,0
842518,0
842563,0
842618,1
842627,0
842681,0
842718,0
842799,0
842822,0
842915,0
842956,0
843021,0
843115,0
843151,0
843201,0
843355,0
843371,0
843416,0
843646,0
843689,0
843739,0
843848,0
843966,0
844022,1
844024,0
844093,0
844124,0
844134,0
844181,0
844220,0
844261,0
844273,0
844282,0
844330,0
844467,0
844477,0
844514,0
844551,0
844561,0
844586,0
844687,0
844707,0
844838,0
844840,0
844940,0
845052,0
845153,1
845160,0
845174,0
845178,0
845188,0
845203,0
845285,0
845395,0
845435,0
845478,0
845528,0
845572,0
845686,0
845733,0
845778,0
845823,0
845831,0
845856,0
846075,0
846147,0
846209,0
846408,0
846425,0
846430,0
846579,0
846657,0
846659,0
846660,0
846691,0
846694,0
846709,0
846783,0
846828,0
846830,0
846867,0
846957,0
847013,0
847014,0
847207,0
847452,0
847519,0
847564,0
847680,1
847808,0
847824,0
847872,0
848004,0
848055,0
848075,0
848109,0
848153,0
848155,0
848213,0
848262,0
848304,0
848368,0
848409,0
848429,0
848478,0
848554,0
848561,0
848565,0
848569,0
848576,0
848760,0
848804,0
848913,0
849032,0
849039,0
849139,0
849145,0
849322,0
849327,0
849328,0
849334,0
849378,0
849385,0
849459,0
849478,0
849484,0
849532,0
849564,0
849593,0
849600,0
849669,0
849706,0
849763,0
849775,0
849776,0
849902,0
850062,0
850074,0
850085,1
850200,0
850217,0
850278,0
850337,0
850393,0
850400,0
850405,0
850414,0
850511,0
850571,0
850653,0
850733,0
850748,0
850754,0
850842,0
851006,0
851037,0
851161,0
851193,0
851395,1
851413,0
851601,1
851657,0
851686,0
851821,0
851856,0
851926,0
851934,0
851994,0
852120,0
852175,0
852294,0
852308,0
852339,0
852351,0
852418,1
852445,0
852449,0
852545,0
852554,0
852571,0
852631,0
852687,0
852757,0
852881,0
852914,0
852931,0
852964,0
852981,0
852997,0
853029,0
853045,0
853074,0
853125,0
853133,0
853387,0
853587,0
853690,0
853717,0
853762,0
853831,0
853855,1
854019,0
854189,0
854229,0
854282,0
854286,0
854335,0
854348,0
854533,0
854550,0
854683,0
854698,0
854701,0
854832,0
854849,0
854870,0
854875,0
854879,0
855048,0
855052,1
855082,0
855088,0
855210,0
855219,0
855249,0
855257,0
855260,0
855319,0
855384,0
855400,0
855556,0
855596,0
855644,0
855710,0
855798,0
855912,0
855946,0
855998,0
856037,0
856092,0
856146,1
856182,0
856195,1
856237,0
856242,0
856283,0
856392,0
856410,0
856496,0
856560,0
856569,0
856590,0
856609,0
856614,0
856622,0
856647,0
856667,0
856669,0
856794,0
856837,0
856989,0
857059,0
857168,0
857188,0
857195,0
857244,0
857285,0
857314,0
857395,0
857793,0
857997,0
858001,0
858137,0
858145,0
858400,0
858420,0
858443,0
858478,0
858479,0
858491,0
858550,0
858587,0
858642,0
858669,0
858706,0
858742,0
858748,0
859071,0
859082,0
859092,0
859298,0
859633,0
859665,0
859790,0
860059,0
860090,0
860188,1
860195,0
860297,0
860403,0
860439,0
860539,0
860685,0
860717,0
860754,0
860772,0
860950,0
861068,0
861074,0
861243,0
861259,0
861422,0
861500,0
861529,0
861663,0
861692,0
861763,0
861776,0
861793,0
861879,0
862003,0
862249,0
862271,0
862481,1
862520,0
862551,0
862627,0
862782,0
862842,0
862971,0
863099,0
863227,0
863259,0
863299,0
863356,0
863387,0
863581,0
863714,0
863840,0
863881,0
863904,0
863953,0
864076,0
864184,0
864190,0
864269,0
864338,0
864353,0
864479,0
864498,0
864502,0
864573,0
864582,0
864600,0
864606,0
864612,0
864655,0
864679,0
864708,0
864712,0
864872,0
864909,0
864954,0
865066,0
865072,0
865092,0
865151,0
865160,0
865177,0
865185,0
865198,0
865281,0
865381,0
865565,0
865597,0
865696,0
865715,0
865718,0
865786,0
866162,0
866182,0
866276,0
866358,0
866457,0
866539,0
866564,0
866648,0
866652,0
866700,0
866704,0
866706,0
866746,0
866775,0
866781,0
866814,0
866833,0
866848,0
866852,0
866925,0
866979,0
867216,0
867257,0
867298,0
867332,0
867363,0
867503,0
867540,0
867587,0
867588,0
867683,0
867741,0
867835,0
867884,0
867901,0
867943,0
867955,0
868047,0
868393,0
868394,0
868468,0
868492,0
868495,0
868567,0
868659,0
868697,0
868790,0
868919,0
869096,0
869102,0
869143,0
869260,0
869272,0
869278,0
869311,0
869405,0
869518,0
869756,0
869775,0
869812,0
869868,0
869974,0
870059,0
870123,1
870179,0
870299,0
870380,1
870450,0
870463,0
870517,0
870616,0
870654,0
870655,0
870668,0
870679,0
870689,0
870774,0
870816,0
870884,0
870985,0
871148,0
871226,0
871276,0
871384,0
871388,0
871432,0
871511,0
871572,0
871732,1
871742,0
871827,0
871955,0
871963,0
871983,0
872014,0
872016,0
872079,0
872132,0
872167,0
872250,0
872252,0
872266,0
872336,0
872372,0
872394,0
872431,0
872486,0
872514,0
872602,0
872605,0
872625,0
872679,0
872835,0
872878,0
872884,0
872914,0
872960,0
873000,0
873071,0
873103,0
873107,0
873149,0
873296,0
873381,0
873479,0
873760,0
873766,0
873897,0
873946,0
874100,0
874134,0
874209,0
874283,0
874288,0
874349,0
874352,0
874487,0
874507,0
874555,0
874729,0
874764,0
874782,0
874872,0
874921,0
874927,0
874965,0
875131,0
875159,0
875213,0
875389,0
875621,0
875677,0
875713,0
875800,0
875863,0
875895,0
875934,0
875966,0
875977,0
876024,0
876087,0
876134,0
876164,0
876174,0
876221,0
876469,0
876476,0
876480,0
876543,0
876549,0
876598,0
876620,0
876628,0
876687,0
876778,0
876837,0
876864,0
876887,0
877084,0
877088,0
877162,0
877204,0
877222,0
877233,0
877239,0
877247,0
877261,0
877322,0
877428,0
877600,0
877694,0
877727,0
877737,0
877778,0
877842,0
877873,0
877999,0
878022,0
878074,0
878101,0
878120,0
878163,0
878218,0
878229,0
878358,0
878450,0
878511,0
878664,0
878822,0
878887,0
878899,0
878915,0
878964,1
878990,0
879016,0
879037,0
879193,0
879260,0
879321,0
879335,0
879371,0
879430,0
879446,0
879462,0
879480,0
879647,0
879670,0
879712,0
879785,0
879873,0
879928,0
879944,0
879953,0
879992,0
880092,0
880121,0
880287,0
880307,0
880310,0
880402,0
880410,0
880466,0
880498,0
880530,0
880592,0
880633,0
880682,0
880789,0
880799,0
880805,0
880826,0
880862,0
880900,0
880908,0
880930,0
880963,0
881003,0
881067,0
881096,0
881155,0
881235,0
881277,0
881379,0
881423,0
881478,0
881484,0
881493,0
881605,0
881622,0
881720,0
881812,0
881924,0
881926,0
882103,0
882105,0
882211,0
882282,0
882283,1
882294,0
882317,0
882373,0
882374,0
882426,0
882683,0
882752,0
882766,0
882847,0
882947,0
882979,0
883056,0
883060,0
883122,0
883128,0
883226,0
883369,0
883403,0
883429,0
883467,0
883484,0
883496,0
883642,0
883674,1
883703,0
883745,0
883770,0
883790,0
883850,0
883973,0
884008,0
884109,0
884142,0
884164,0
884236,0
884240,0
884420,0
884501,0
884517,0
884582,0
884593,0
884624,0
884670,0
884674,0
884726,1
884754,0
884792,0
884873,0
884925,0
884952,0
884992,0
885015,0
885246,0
885314,0
885335,0
885451,0
885511,0
885527,0
885554,0
885648,0
885678,0
885741,1
885750,0
885791,0
885860,0
885912,0
885915,0
885971,0
886023,0
886073,0
886113,0
886254,0
886259,0
886318,0
886412,0
886423,0
886484,0
886528,0
886820,0
886826,0
886851,0
886857,0
887004,0
887170,0
887216,0
887231,0
887278,0
887327,0
887334,0
887433,0
887558,0
887852,0
887867,0
887915,0
888010,1
888014,0
888075,0
888144,0
888263,0
888343,0
888379,0
888412,0
888446,0
888505,0
888599,0
888636,0
888659,0
888683,0
888734,0
888743,0
888852,0
888922,0
888946,0
888963,0
888970,0
888991,0
889049,1
889062,0
889065,0
889097,0
889148,0
889149,0
889205,0
889286,0
889311,0
889316,0
889360,0
889436,0
889571,0
889638,0
889678,0
889822,0
889888,0
889917,0
890052,0
890057,0
890074,0
890099,0
890192,0
890284,0
890492,0
890548,0
890557,0
890896,0
890897,0
890935,0
891096,0
891138,0
891160,0
891206,0
891231,0
891278,0
891416,0
891471,0
891495,0
891528,0
891607,0
891634,0
891775,0
891890,0
891941,0
891968,0
892024,0
892093,0
892139,0
892142,0
892320,0
892372,0
892375,0
892597,0
892626,0
892652,0
892743,0
892754,0
892777,0
892887,0
892892,0
892969,0
893036,0
893046,0
893049,0
893068,0
893100,0
893122,0
893180,0
893210,0
893310,0
893319,0
893373,0
893504,0
893507,1
893522,0
893641,0
893663,0
893732,0
893826,0
893837,0
893904,0
893907,0
894089,0
894261,0
894267,1
894338,0
894524,0
894566,0
894618,0
894687,0
894736,0
894839,0
894895,0
894914,0
894990,0
895075,0
895085,0
895100,0
895126,0
895143,0
895157,0
895168,0
895199,0
895341,0
895395,0
895432,0
895434,0
895507,0
895523,0
895581,0
895718,1
895764,0
895808,0
895882,0
895993,0
896113,0
896222,0
896270,0
896330,0
896340,0
896452,0
896464,0
896477,1
896485,0
896532,0
896556,0
896564,0
896619,0
896621,0
896643,0
896675,0
896710,0
896881,0
896906,0
896989,0
897063,1
897117,0
897147,0
897236,0
897256,0
897260,0
897269,0
897290,0
897332,0
897500,0
897531,0
897572,0
897582,0
897682,0
897772,0
897826,0
897839,0
897965,0
898014,0
898213,0
898251,0
898252,0
898296,0
898319,0
898636,0
898673,0
898690,0
898709,0
898712,0
898892,0
898921,0
898958,0
899077,0
899078,0
899138,0
899200,0
899292,0
899299,0
899360,0
899373,0
899556,0
899572,0
899594,0
899605,0
899904,0
899969,0
900008,0
900009,0
900042,0
900221,0
900269,0
900272,0
900418,0
900427,0
900509,0
900530,0
900627,0
900665,0
900684,0
900711,0
900792,0
900831,0
900916,0
901074,0
901095,1
901189,0
901241,0
901338,0
901427,0
901429,0
901440,0
901481,0
901507,0
901604,0
901622,0
901626,0
901641,0
901693,0
901787,0
901866,0
901876,0
901903,0
902007,0
902308,0
902356,0
902374,0
902389,0
902439,0
902709,0
902853,0
902881,0
902901,0
902947,0
903006,0
903014,0
903178,0
903233,0
903581,0
903625,0
903669,0
903741,0
903747,0
903767,0
903771,0
903866,0
903872,0
903904,0
904053,0
904107,0
904146,0
904358,0
904490,0
904550,0
904654,0
904663,0
904696,0
904755,0
904867,0
904873,1
904917,0
904934,0
904942,0
904943,0
904953,0
905057,0
905065,0
905112,0
905145,0
905147,0
905178,0
905217,1
905225,0
905345,0
905347,0
905381,0
905446,0
905563,0
905598,0
905662,0
905702,0
905723,0
905810,0
905938,0
905945,0
905990,0
905997,0
906045,0
906111,0
906182,0
906187,0
906333,0
906363,0
906505,0
906515,0
906516,0
906530,0
906563,0
906604,0
906613,0
906627,0
906655,0
906695,0
906973,0
906999,0
907003,0
907018,0
907044,0
907062,0
907103,0
907110,0
907116,0
907242,0
907330,0
907466,0
907493,0
907572,0
907722,0
907804,0
907813,0
907830,0
907832,0
907841,0
907917,0
907970,0
908150,0
908215,0
908216,0
908226,0
908351,0
908378,0
908418,0
908430,0
908441,0
908538,0
908562,0
908733,0
908773,0
908774,0
908817,0
908922,0
908965,0
908997,0
909064,1
909084,0
909260,0
909262,0
909311,0
909318,0
909379,0
909409,0
909415,0
909425,0
909476,0
909503,0
909522,0
909573,0
909603,1
909655,0
909836,0
909904,0
909976,0
909994,0
910301,0
910322,0
910368,0
910508,0
910511,0
910567,1
910685,0
910730,0
910734,0
910801,0
910813,0
910816,0
910823,0
910952,0
911052,0
911065,0
911105,0
911157,0
911238,0
911287,0
911321,0
911392,0
911420,0
911433,0
911600,0
911648,0
911777,0
911790,0
911796,0
911821,0
911892,0
911998,0
912081,0
912133,0
912440,0
912503,0
912669,0
912710,0
912737,0
912741,0
912784,0
912916,0
912932,0
912943,0
912964,0
913006,0
913159,0
913185,0
913222,0
913256,0
913258,0
913348,0
913399,0
913448,0
913462,0
913510,0
913523,0
913604,0
913878,0
913948,0
913983,0
914006,0
914116,0
914149,0
914363,0
914403,0
914411,0
914433,0
914450,0
914463,0
914497,0
914503,0
914585,0
914600,0
914636,0
914643,0
914656,0
914750,0
914885,0
914888,0
914934,0
914950,0
914976,0
914977,0
915032,0
915046,0
915063,0
915075,0
915082,0
915089,0
915131,0
915148,0
915194,0
915260,0
915324,0
915363,0
915390,0
915426,0
915459,0
915502,0
915585,0
915595,0
915615,0
915768,0
915775,0
915793,0
915895,0
916052,0
916090,0
916172,0
916222,0
916297,1
916397,0
916427,0
916449,0
916515,0
916557,0
916769,0
916786,0
916850,0
916902,0
917145,0
917288,0
917292,0
917304,0
917442,0
917444,0
917606,0
917815,0
917825,0
917921,0
918030,0
918077,0
918167,0
918177,0
918199,0
918253,0
918386,0
918590,0
918616,0
918723,0
918766,0
918782,0
918812,0
918821,0
918843,0
918929,0
918943,0
918966,0
919001,0
919050,0
919053,0
919055,0
919090,0
919128,0
919176,0
919181,0
919209,0
919243,0
919311,0
919390,0
919440,0
919450,0
919479,0
919512,0
919617,0
919642,0
919662,0
919698,0
919843,0
919921,0
919978,0
920036,0
920188,0
920322,0
920364,0
920373,0
920413,0
920477,0
920577,0
920586,0
920592,0
920738,0
920876,0
920926,0
920974,0
920984,0
921002,0
921005,0
921006,0
921135,0
921251,0
921275,0
921302,0
921352,0
921383,0
921507,0
921561,0
921732,1
921762,0
921867,0
921923,0
921956,0
922022,0
922079,0
922260,0
922283,0
922284,0
922424,0
922474,0
922543,0
922632,0
922672,0
922721,0
922735,0
922738,0
922771,0
922804,0
922816,0
922826,0
922902,0
922915,0
922959,0
923036,0
923042,0
923151,0
923243,0
923283,0
923321,0
923365,0
923406,0
923420,0
923428,1
923659,0
923820,0
923845,0
923956,0
924049,1
924083,0
924152,0
924219,0
924237,0
924271,0
924358,0
924368,0
924499,0
924586,1
924630,0
924640,0
924700,0
924705,0
924773,0
924891,0
924908,0
924921,0
925013,0
925098,0
925153,0
925213,0
925251,0
925316,0
925407,1
925425,0
925470,0
925578,0
925595,0
925621,0
925746,1
925797,0
925915,0
925954,0
926009,0
926050,0
926149,0
926166,0
926220,0
926243,0
926257,0
926283,0
926292,0
926337,0
926438,0
926494,0
926527,0
926531,0
926548,0
926551,0
926578,0
926718,0
926916,0
926971,0
926988,0
927007,0
927028,0
927077,0
927145,0
927154,0
927156,0
927244,0
927316,0
927325,0
927371,0
927384,0
927402,0
927499,0
927770,0
927839,0
927878,0
927889,1
927946,0
928043,0
928079,0
928160,0
928221,0
928383,0
928392,0
928529,0
928683,0
928748,0
928932,0
929051,0
929078,0
929131,0
929273,0
929325,0
929357,0
929369,0
929454,0
929460,0
929639,0
929686,0
929783,0
929807,0
929809,0
929838,1
929876,0
929959,0
929974,0
930008,0
930132,0
930167,0
930169,0
930234,0
930239,0
930466,0
930467,0
930637,0
930672,0
930757,0
930786,0
930812,0
930862,0
930948,0
931004,0
931013,0
931033,0
931056,0
931074,0
931106,0
931174,0
931186,0
931279,0
931300,0
931312,0
931393,0
931508,0
931594,0
931632,0
931654,0
931664,0
931718,0
931734,0
931737,0
931770,0
931775,0
931833,0
931879,0
931912,0
931937,0
931990,0
932000,0
932135,1
932174,0
932231,0
932234,0
932272,0
932372,0
932528,0
932540,0
932618,0
932647,0
932804,0
932930,0
933000,1
933002,0
933034,0
933113,0
933171,0
933217,0
933235,0
933271,0
933355,0
933405,0
933554,0
933591,0
933645,0
933674,0
933731,0
933734,0
933737,0
933743,0
933768,0
933771,0
933806,0
933921,0
933959,0
933963,0
934034,0
934052,0
934113,0
934119,0
934230,0
934300,0
934396,0
934416,0
934452,0
934477,0
934479,0
934573,0
934640,0
934661,0
934737,0
934778,0
934847,0
934936,0
935036,0
935076,0
935126,0
935213,0
935242,0
935437,0
935504,0
935510,0
935537,0
935583,0
935680,0
935806,0
935813,0
935855,0
935947,0
936051,0
936071,0
936081,0
936088,0
936297,0
936311,0
936360,0
936505,0
936647,0
936689,0
936827,0
936916,0
936931,0
936982,0
937009,0
937063,0
937120,0
937125,0
937237,0
937252,0
937286,0
937322,0
937351,0
937377,0
937382,0
937393,0
937419,0
937487,0
937534,0
937539,0
937595,0
937655,0
937719,0
937720,0
937800,0
937840,0
938150,0
938174,0
938196,0
938206,0
938249,0
938351,0
938360,0
938370,0
938371,0
938436,0
938490,0
938491,0
938503,0
938511,0
938629,1
938668,0
938678,0
938757,0
938827,0
938838,0
938870,0
938924,0
938958,0
939297,0
939313,0
939385,0
939388,0
939433,0
939454,0
939516,0
939610,0
939704,0
939712,1
939834,0
939856,0
939875,0
939954,0
940052,0
940067,0
940248,0
940312,0
940352,0
940725,0
940801,1
940824,0
940875,0
940898,0
940988,0
941099,0
941118,0
941138,0
941173,0
941178,0
941235,0
941319,0
941440,0
941549,0
941559,0
941634,0
941637,0
941654,0
941819,0
941826,0
941838,0
941846,0
941871,0
941892,0
941981,0
942002,0
942238,0
942384,0
942467,0
942606,0
942643,0
942691,0
942719,0
942757,0
942793,0
942839,0
942876,0
942978,0
943028,0
943050,0
943076,0
943324,0
943489,0
943693,0
943739,0
943786,0
943826,0
944014,0
944045,0
944094,0
944100,0
944118,1
944129,0
944183,0
944212,0
944218,0
944315,0
944396,0
944472,0
944494,0
944612,0
944699,0
944774,0
944846,0
944848,0
944903,0
944921,0
944998,0
945079,0
945083,0
945211,0
945245,0
945251,0
945271,0
945287,0
945468,0
945482,0
945483,0
945501,0
945617,0
945621,0
945813,0
945877,0
945918,0
945931,0
945932,0
945968,0
946020,0
946076,0
946252,0
946398,0
946415,0
946501,0
946614,0
946813,0
946923,0
946943,0
947100,0
947129,0
947130,0
947239,0
947254,0
947260,0
947405,0
947473,0
947476,0
947504,0
947815,0
947875,0
947889,0
947908,0
947985,0
948254,0
948353,0
948510,0
948547,0
948659,0
948668,0
948700,0
948702,0
948763,0
948850,0
948893,0
948918,0
948977,1
949121,0
949152,0
949210,0
949315,0
949327,0
949332,0
949352,0
949353,0
949423,0
949466,0
949549,0
949763,0
949889,0
949901,0
949941,0
949990,0
950043,0
950107,0
950186,0
950193,0
950215,0
950261,0
950342,0
950350,0
950445,0
950480,0
950540,0
950573,0
950600,0
950636,0
950706,0
950779,0
950826,0
950946,0
950997,0
951042,0
951083,0
951164,0
951181,0
951233,0
951345,0
951369,0
951381,0
951389,0
951428,0
951572,0
951639,0
952038,0
952113,0
952153,0
952169,0
952228,0
952241,0
952361,0
952372,0
952436,0
952606,0
952707,0
952717,0
952798,0
952838,0
952844,0
952867,0
952903,0
953036,0
953063,1
953141,0
953145,0
953201,0
953249,0
953303,0
953306,0
953342,0
953511,0
953693,0
953706,0
953739,0
953832,0
953868,0
953963,0
954067,0
954094,0
954199,0
954303,0
954360,0
954369,0
954441,0
954795,0
954925,0
955040,0
955065,0
955191,0
955264,0
955355,0
955376,0
955416,0
955457,0
955686,0
955715,0
955832,0
955921,0
956102,0
956153,0
956229,0
956247,0
956294,0
956320,0
956332,0
956538,0
956558,0
956572,0
956674,0
956688,0
956783,0
956834,0
956987,0
957133,0
957302,0
957313,0
957364,0
957375,0
957406,0
957407,0
957417,0
957449,0
957503,0
957574,0
957698,0
957848,0
957883,0
957897,0
957936,0
958102,0
958161,0
958180,0
958211,0
958255,0
958256,0
958266,0
958291,0
958326,0
958562,0
958571,0
958648,0
958770,0
958851,0
958863,0
958952,0
959020,0
959045,0
959066,0
959070,0
959104,0
959193,0
959227,0
959296,1
959317,0
959334,0
959394,0
959425,0
959450,0
959455,0
959514,0
959752,0
959821,0
959899,0
959917,0
959942,0
959976,0
960039,0
960074,0
960162,0
960260,0
960375,0
960379,0
960422,0
960427,0
960554,0
960572,0
960617,0
960684,0
960703,0
960762,0
960791,0
960836,0
960901,0
960997,0
961033,0
961040,0
961067,0
961096,0
961116,0
961157,0
961193,0
961213,0
961239,0
961317,0
961348,0
961398,0
961454,0
961464,0
961604,0
961783,0
961802,0
961922,0
961993,0
962000,0
962095,0
962216,0
962257,0
962345,1
962538,0
962639,0
962650,0
962768,0
963001,0
963040,0
963061,0
963085,0
963113,0
963115,0
963121,0
963175,0
963180,0
963188,0
963249,0
963253,0
963305,0
963315,0
963416,0
963438,0
963455,0
963510,0
963577,0
963667,0
963674,0
963704,0
963711,0
963778,1
963821,0
963834,1
963845,0
963850,0
963858,0
963959,0
964071,0
964126,0
964226,0
964235,0
964251,0
964262,0
964491,0
964517,0
964633,0
964662,0
964674,0
964750,0
964767,0
964775,0
964875,0
965064,0
965283,0
965405,0
965451,0
965471,0
965482,0
965639,0
965713,0
965739,0
965770,0
965821,0
965906,0
965926,0
965958,0
966030,0
966093,0
966195,0
966250,0
966283,0
966373,0
966374,0
966434,0
966497,0
966605,0
966634,0
966682,0
966803,0
966840,0
966864,0
966873,0
966902,0
966927,0
967064,0
967114,0
967242,0
967244,0
967257,0
967288,0
967357,0
967480,0
967488,0
967499,0
967543,0
967617,0
967641,0
967642,0
967663,0
967687,0
967800,0
967806,0
967829,0
967883,0
967920,0
967964,0
968050,0
968289,0
968377,0
968418,0
968665,0
968724,0
968760,0
968866,1
968963,0
968993,0
969036,0
969121,0
969286,0
969373,0
969423,0
969434,0
969458,0
969522,0
969523,0
969637,0
969728,0
969912,0
969914,0
969921,0
969973,0
969984,0
970015,0
970046,0
970214,0
970248,0
970354,0
970378,0
970483,0
970518,0
970575,0
970662,0
970694,0
970721,0
970866,0
970869,0
970892,0
970950,0
971005,0
971047,0
971083,0
971254,0
971320,0
971391,0
971508,0
971629,0
971704,0
971728,0
971906,0
971927,0
971946,0
971961,0
972078,0
972082,0
972139,0
972228,0
972279,0
972371,0
972472,0
972480,0
972707,0
972710,0
972826,0
972886,0
972890,0
972932,0
972964,0
973106,0
973116,0
973134,0
973149,0
973232,0
973324,0
973359,0
973394,0
973503,0
973574,0
973682,0
973706,0
973752,0
973779,0
973785,0
973903,0
973986,0
974047,0
974111,0
974242,0
974292,0
974322,0
974325,0
974327,1
974429,1
974454,0
974471,0
974476,0
974522,0
974653,0
974721,0
974736,0
974760,0
974778,0
974788,0
974877,0
974945,0
975062,0
975113,0
975219,0
975222,0
975278,0
975341,0
975430,0
975550,0
975797,0
975852,0
975956,0
975975,0
976037,0
976116,0
976139,0
976232,0
976258,0
976327,0
976335,0
976395,0
976451,0
976473,0
976483,0
976506,0
976508,0
976524,0
976551,0
976571,0
976602,0
976677,0
976747,0
976827,0
976878,0
976902,0
976949,1
976963,0
977021,0
977032,0
977133,0
977137,0
977152,0
977246,1
977247,0
977283,0
977379,0
977410,0
977448,0
977467,0
977548,0
977653,0
977673,0
977721,0
977821,0
977823,0
977917,0
978022,0
978036,0
978084,0
978170,0
978259,0
978290,0
978378,0
978442,0
978474,0
978490,1
978496,0
978528,0
978549,0
978599,0
978738,0
978740,0
978767,0
978802,0
978806,1
978814,0
979062,0
979083,0
979204,0
979223,0
979232,0
979243,0
979250,0
979269,0
979318,0
979322,0
979407,0
979468,0
979519,0
979536,0
979756,0
979800,0
979821,0
979857,0
979995,0
980014,0
980022,0
980131,0
980146,0
980167,0
980292,0
980306,0
980543,0
980667,0
980737,0
980849,0
980925,0
981121,0
981176,0
981229,0
981246,0
981344,0
981351,0
981403,0
981417,0
981543,0
981556,0
981566,0
981679,0
981686,0
981788,0
981806,0
981876,0
981924,0
981945,0
982018,0
982043,0
982051,0
982064,0
982193,1
982244,0
982299,0
982326,0
982337,0
982343,0
982535,0
982614,0
982659,0
982663,0
982666,0
982753,0
982767,0
982777,0
982842,0
982923,0
982929,0
982932,0
983116,0
983126,0
983136,0
983146,0
983279,0
983289,0
983305,0
983398,0
983485,0
983565,0
983689,0
983692,0
983833,0
983883,0
983907,0
983919,0
983932,0
984059,0
984061,0
984083,0
984101,0
984157,0
984325,0
984326,0
984398,0
984441,0
984497,0
984555,0
984632,0
984634,1
984635,0
984682,0
984702,0
984703,0
984776,0
984814,0
984906,0
984971,0
985059,0
985074,0
985246,0
985276,0
985343,0
985355,1
985391,0
985421,0
985698,0
985737,0
985768,1
985857,0
985860,0
985989,0
986202,0
986337,0
986516,0
986669,0
986681,0
986724,0
986734,0
986807,0
986816,0
986851,0
986994,0
987019,0
987029,0
987098,0
987193,0
987195,1
987241,0
987527,0
987710,0
987873,0
988003,0
988045,0
988068,0
988099,0
988153,0
988165,0
988225,0
988233,0
988325,0
988339,0
988433,0
988451,1
988483,0
988489,0
988515,0
988571,0
988602,0
988679,0
988706,0
988721,0
988816,0
988834,0
988905,0
989008,0
989030,0
989174,0
989200,0
989243,0
989293,0
989392,0
989556,0
989577,0
989612,0
989648,0
989867,0
989963,0
989967,0
989986,0
990145,0
990215,0
990223,0
990240,0
990294,0
990355,0
990448,0
990469,0
990471,0
990478,0
990584,0
990592,0
990750,0
990769,0
990863,1
990993,0
991183,0
991224,0
991346,0
991504,0
991530,1
991541,0
991543,0
991686,0
991730,0
991790,0
991823,0
991836,0
991864,0
991921,0
991932,0
991973,0
991976,1
992006,0
992016,0
992143,0
992144,0
992176,0
992197,0
992236,0
992270,0
992356,0
992414,0
992512,0
992561,0
992570,0
992715,0
992761,0
992903,0
992966,0
992983,0
993004,0
993066,0
993138,0
993241,0
993506,0
993514,0
993555,0
993586,0
993622,0
993680,0
993801,0
993858,1
993877,0
993897,0
993943,0
993945,0
993968,0
993995,0
993999,0
994093,1
994221,0
994277,0
994354,0
994358,0
994406,0
994477,0
994479,0
994577,0
994598,0
994671,0
994776,0
994870,0
994881,0
994945,0
995006,0
995012,0
995071,0
995098,0
995142,0
995172,0
995203,0
995257,0
995274,0
995357,0
995391,0
995409,0
995444,0
995471,0
995526,0
995529,0
995563,0
995589,0
995606,0
995689,0
995739,0
995821,0
995921,0
995926,0
995961,0
996088,0
996096,0
996161,0
996191,0
996230,1
996279,0
996445,0
996480,0
996489,0
996530,0
996533,0
996629,0
996676,0
996682,1
996744,0
996792,0
996799,0
996822,0
996827,0
996954,0
996972,0
997001,0
997100,0
997128,0
997191,0
997272,0
997285,0
997323,0
997337,0
997348,0
997376,0
997403,0
997461,0
997462,0
997595,0
997663,0
997769,0
997772,0
997805,0
997908,0
997945,0
997955,0
997986,0
998081,0
998136,0
998157,0
998168,0
998244,0
998288,0
998328,0
998342,0
998357,0
998390,0
998407,0
998614,0
998700,0
998724,0
998762,0
998865,0
998902,0
998970,0
999004,0
999243,0
999419,0
999452,0
999512,0
999537,0
999585,0
999609,0
999657,0
999673,0
999830,0
999900,0
999903,0
999935,0
999979,0
999988,0
1000112,0
1000136,0
1000184,0
1000221,0
1000356,0
1000478,0
1000534,0
1000568,0
1000669,0
1000711,0
1000720,0
1000746,0
1000832,0
1000851,0
1000859,0
1000950,0
1000986,0
1000992,0
1001021,0
1001068,0
1001101,0
1001200,0
1001223,0
1001275,0
1001337,0
1001453,0
1001541,0
1001548,0
1003001,0
1003013,0
1003018,0
1003070,0
1003134,0
1003169,0
1003187,1
1003226,0
1003228,0
1003242,0
1003280,0
1003342,0
1003366,0
1003373,0
1003622,0
1003650,0
1003693,0
1003844,0
1003848,0
1003895,0
1003930,0
1003958,0
1004033,0
1004078,0
1004116,0
1004117,0
1004150,0
1004153,0
1004265,0
1004305,0
1004411,0
1004449,0
1004462,0
1004516,0
1004619,0
1004649,0
1004663,0
1004708,0
1004928,0
1004930,0
1004948,0
1005104,0
1005135,0
1005151,0
1005303,0
1005310,0
1005340,0
1005541,0
1005567,0
1005580,0
1005597,0
1005621,0
1005780,0
1005945,0
1005965,0
1005976,0
1005979,0
1006094,0
1006155,0
1006251,0
1006404,0
1006480,0
1006517,0
1006694,0
1006772,0
1006929,0
1007183,0
1007210,0
1007231,0
1007367,0
1007414,0
1007467,0
1007619,0
1007741,0
1007786,0
1008024,0
1008168,0
1008203,0
1008275,0
1008367,0
1008394,0
1008470,0
1008494,0
1008570,0
1008642,0
1008693,0
1008740,0
1009026,0
1009081,0
1009086,0
1009118,0
1009167,0
1009202,0
1009236,0
1009250,0
1009387,0
1009397,0
1009411,0
1009503,0
1009505,0
1009522,0
1009545,1
1009546,0
1009580,0
1009593,0
1009648,0
1009684,0
1009803,0
1009853,0
1009874,0
1009922,0
1009949,0
1009958,0
1010009,0
1010013,0
1010033,0
1010085,0
1010090,0
1010134,0
1010218,0
1010256,0
1010258,0
1010291,0
1010326,0
1010383,0
1010436,0
1010438,0
1010561,0
1010634,0
1010635,0
1010688,0
1010876,0
1010898,0
1010981,0
1011126,0
1011154,0
1011157,0
1011258,0
1011299,0
1011330,0
1011406,0
1011462,0
1011713,0
1011719,0
1011736,0
1011780,0
1011817,0
1011885,0
1011988,0
1012001,0
1012090,0
1012147,0
1012210,0
1012212,0
1012227,0
1012312,0
1012328,0
1012388,1
1012470,0
1012493,0
1012647,0
1012653,0
1012884,0
1012943,0
1012954,0
1013002,0
1013031,0
1013095,0
1013102,0
1013192,0
1013263,0
1013278,0
1013295,0
1013326,0
1013426,0
1013453,0
1013487,0
1013571,0
1013714,0
1013723,0
1013728,0
1013773,0
1013793,0
1014009,0
1014107,0
1014126,0
1014275,0
1014291,0
1014325,0
1014469,0
1014549,0
1014607,0
1014628,0
1014637,1
1014680,0
1014763,0
1014827,0
1014889,0
1015023,0
1015272,0
1015304,0
1015379,0
1015393,0
1015449,0
1015539,0
1015579,0
1015647,0
1015791,0
1015860,0
1015894,0
1015989,0
1016003,0
1016059,0
1016073,0
1016179,0
1016180,0
1016188,0
1016218,0
1016236,0
1016244,0
1016255,0
1016431,0
1016530,0
1016593,0
1016659,0
1016681,0
1016720,0
1016738,0
1016770,0
1016918,0
1017034,0
1017102,0
1017112,0
1017114,0
1017211,0
1017261,0
1017395,0
1017491,0
1017559,0
1017708,0
1017779,0
1017859,0
1017913,0
1017924,0
1018065,0
1018278,0
1018329,0
1018357,0
1018801,0
1018844,0
1018953,0
1018955,0
1019028,0
1019043,0
1019117,0
1019192,0
1019261,0
1019278,0
1019381,0
1019448,0
1019466,0
1019677,0
1019768,0
1019930,0
1019937,0
1020021,0
1020109,0
1020343,0
1020370,0
1020394,0
1020424,0
1020711,0
1020808,0
1020875,0
1020945,0
1021044,0
1021173,0
1021177,0
1021211,0
1021215,0
1021363,0
1021531,0
1021583,0
1021595,0
1021688,0
1021843,0
1021893,0
1022034,0
1022390,0
1022437,0
1022502,0
1022625,0
1022689,0
1022855,0
1022908,0
1022946,0
1022953,0
1023030,0
1023321,0
1023334,0
1023348,0
1023486,0
1023570,0
1023625,0
1023692,0
1023738,0
1023749,0
1023754,0
1023760,0
1023871,0
1024037,0
1024073,0
1024113,0
1024184,0
1024204,0
1024315,0
1024349,0
1024483,0
1024504,0
1024513,0
1024597,0
1024655,0
1024739,0
1024781,0
1024806,0
1024923,0
1025141,0
1025195,0
1025286,0
1025303,0
1025388,0
1025430,0
1025595,0
1025641,0
1025828,0
1025849,0
1025855,0
1025856,0
1025865,0
1025878,0
1026023,0
1026403,0
1026603,0
1026606,0
1026796,0
1026862,0
1026953,0
1027018,0
1027072,0
1027147,0
1027160,0
1027196,0
1027198,0
1027341,0
1027344,0
1027355,0
1027555,0
1027560,0
1027630,0
1027649,0
1027672,0
1027783,0
1027792,0
1027824,0
1028001,0
1028051,0
1028104,0
1028261,0
1028399,0
1028421,0
1028425,0
1028446,0
1028555,0
1028567,0
1028575,0
1028628,0
1028719,0
1028732,0
1028746,0
1028858,0
1028932,0
1028933,0
1029009,0
1029016,0
1029087,0
1029333,0
1029380,0
1029434,0
1029557,0
1029594,0
1029766,0
1029804,0
1029820,0
1029848,0
1029853,0
1029942,0
1029962,0
1030048,0
1030075,0
1030120,0
1030149,0
1030268,0
1030317,0
1030523,0
1030553,0
1030566,0
1030586,0
1030768,0
1030901,0
1031007,0
1031282,0
1031292,1
1031366,0
1031519,0
1031555,0
1031583,0
1031610,0
1031706,0
1031738,0
1031755,0
1031758,0
1031776,0
1031861,0
1031865,0
1031912,0
1032021,0
1032084,0
1032170,0
1032172,1
1032218,0
1032234,0
1032253,0
1032266,0
1032291,0
1032377,0
1032384,0
1032450,0
1032469,0
1032471,0
1032490,0
1032724,0
1032726,0
1032869,0
1032875,0
1032961,0
1033031,0
1033067,0
1033111,0
1033210,0
1033368,0
1033421,0
1033470,0
1033485,0
1033598,0
1033605,0
1033615,0
1033675,0
1033714,0
1033727,0
1033730,0
1033948,0
1033967,0
1034006,0
1034012,0
1034036,0
1034231,0
1034244,0
1034248,0
1034261,0
1034396,0
1034404,0
1034426,0
1034449,0
1034652,0
1034666,0
1034734,0
1034796,0
1034877,0
1034902,0
1034911,0
1034933,0
1035128,0
1035239,1
1035296,0
1035311,0
1035319,0
1035323,0
1035340,0
1035371,0
1035400,0
1035403,0
1035445,1
1035472,0
1035541,0
1035592,0
1035615,0
1035616,0
1035664,0
1035718,0
1035743,0
1035808,0
1035941,0
1035987,0
1036032,0
1036035,0
1036120,0
1036126,1
1036159,0
1036234,0
1036294,0
1036360,0
1036526,0
1036661,0
1036750,0
1036825,0
1036826,0
1036837,0
1036881,1
1036882,0
1036893,0
1036910,0
1037056,0
1037271,0
1037412,0
1037448,0
1037525,0
1037559,0
1037630,0
1037681,0
1037752,0
1037797,0
1037840,0
1037858,0
1037897,0
1037915,0
1037938,0
1038040,0
1038213,1
1038217,0
1038277,0
1038357,0
1038395,0
1038423,0
1038427,1
1038440,0
1038450,0
1038510,0
1038654,0
1038669,0
1038878,0
1038918,0
1038982,0
1039001,0
1039100,0
1039148,0
1039296,0
1039381,0
1039393,0
1039438,0
1039594,0
1039622,0
1039665,0
1039745,0
1039806,0
1039865,0
1039943,0
1039963,0
1039987,0
1040063,0
1040068,0
1040069,0
1040096,0
1040234,0
1040323,0
1040353,0
1040358,0
1040552,0
1040570,0
1040740,0
1040762,0
1040798,0
1041024,0
1041211,0
1041351,0
1041658,0
1041752,0
1041821,0
1041876,0
1041888,0
1041905,0
1041953,0
1041958,0
1042067,0
1042078,0
1042089,0
1042097,0
1042135,0
1042206,0
1042288,0
1042353,0
1042490,0
1042510,0
1042521,0
1042550,0
1042617,0
1042630,0
1042646,0
1042698,0
1042796,0
1042852,0
1042879,0
1042882,0
1042905,0
1042927,0
1042952,0
1042992,0
1043010,0
1043091,0
1043092,0
1043124,0
1043142,0
1043167,0
1043234,0
1043316,0
1043326,0
1043422,0
1043423,0
1043519,0
1043521,0
1043543,0
1043554,0
1043588,0
1043629,0
1043703,0
1043720,0
1043728,0
1043735,0
1043737,0
1043754,0
1043780,0
1043787,0
1043800,0
1043908,0
1044071,0
1044102,0
1044148,0
1044182,0
1044216,0
1044259,1
1044443,0
1044453,0
1044507,0
1044511,0
1044518,0
1044533,0
1044546,0
1044555,0
1044641,0
1044648,0
1044660,0
1044678,0
1044719,0
1044769,0
1044828,0
1044829,0
1044898,0
1044902,0
1044929,1
1044958,0
1044976,0
1045052,0
1045062,0
1045153,0
1045242,0
1045256,0
1045258,0
1045328,0
1045353,0
1045370,0
1045533,0
1045563,0
1045630,0
1045631,0
1045649,0
1045714,0
1045752,0
1045785,0
1045824,0
1045859,0
1045989,0
1046014,0
1046032,0
1046066,0
1046097,0
1046283,0
1046296,0
1046319,0
1046388,0
1046451,0
1046483,0
1046525,0
1046569,0
1046609,0
1046619,0
1046644,0
1046645,0
1046685,0
1046726,0
1046765,0
1046880,0
1046881,0
1046899,1
1046933,0
1047067,0
1047082,0
1047113,0
1047209,0
1047210,0
1047259,0
1047329,0
1047361,0
1047414,0
1047483,0
1047507,0
1047522,0
1047530,0
1047546,0
1047699,0
1047701,0
1047769,0
1047792,0
1047800,0
1047959,1
1048003,0
1048009,0
1048031,0
1048046,0
1048053,0
1048146,0
1048282,0
1048329,0
1048402,0
1048600,0
1048614,0
1048717,0
1048755,0
1048798,0
1049043,0
1049382,0
1049385,0
1049403,0
1049423,0
1049451,0
1049461,0
1049524,0
1049630,0
1049682,0
1049722,0
1049751,0
1049849,1
1049876,0
1049900,0
1049902,0
1049953,0
1050182,0
1050195,0
1050254,0
1050277,0
1050359,0
1050430,0
1050461,0
1050532,0
1050614,0
1050634,0
1050637,0
1050652,0
1050730,0
1050769,0
1050845,0
1050846,0
1050940,0
1050944,0
1050977,0
1051016,0
1051078,0
1051082,0
1051145,0
1051214,0
1051313,0
1051322,0
1051400,0
1051407,1
1051450,0
1051503,0
1051567,0
1051604,0
1051630,0
1051688,0
1051698,0
1051720,0
1051733,0
1051761,0
1051848,0
1051853,0
1051909,0
1051932,0
1051943,0
1051954,0
1052075,0
1052125,0
1052153,0
1052175,0
1052315,0
1052371,1
1052412,0
1052432,0
1052436,0
1052554,0
1052587,0
1052628,0
1052683,0
1052765,0
1052850,0
1052903,0
1053111,0
1053114,0
1053211,0
1053222,0
1053270,0
1053309,0
1053328,0
1053425,0
1053481,0
1053535,0
1053547,0
1053555,1
1053560,0
1053582,0
1053614,0
1053734,0
1053772,0
1053862,0
1053864,0
1053916,0
1053921,0
1054011,0
1054072,0
1054093,0
1054157,0
1054171,0
1054388,0
1054393,1
1054397,0
1054491,0
1054562,0
1054575,0
1054588,0
1054766,0
1054782,0
1054794,0
1054915,0
1054933,0
1054973,0
1054976,0
1055117,0
1055249,0
1055306,0
1055376,0
1055386,0
1055404,0
1055453,0
1055494,0
1055499,0
1055531,0
1055578,0
1055720,0
1055831,1
1055979,0
1055986,0
1055988,0
1056088,0
1056106,0
1056141,1
1056170,0
1056221,0
1056232,0
1056248,0
1056271,0
1056312,0
1056314,0
1056349,0
1056376,0
1056395,0
1056447,0
1056452,0
1056479,0
1056599,0
1056602,0
1056662,0
1056696,0
1056754,0
1056759,0
1056773,0
1056879,0
1056932,0
1056945,0
1057061,0
1057152,0
1057153,0
1057223,0
1057276,0
1057297,0
1057332,0
1057382,0
1057430,0
1057492,0
1057514,0
1057533,0
1057642,0
1057643,0
1057744,0
1057749,0
1057760,0
1057903,0
1057911,0
1058151,0
1058232,0
1058256,0
1058337,0
1058358,0
1058536,0
1058553,0
1058575,1
1058588,0
1058621,0
1058653,0
1058702,0
1058721,0
1058897,0
1058928,0
1059082,0
1059121,0
1059201,0
1059363,0
1059431,0
1059436,0
1059437,0
1059459,0
1059544,0
1059678,0
1059695,0
1059705,0
1059741,0
1059747,0
1059910,0
1059913,0
1060084,0
1060109,0
1060141,0
1060184,0
1060254,0
1060288,0
1060318,0
1060373,0
1060457,0
1060495,0
1060652,0
1060660,0
1060683,0
1060689,0
1060793,0
1060922,0
1060997,0
1061072,0
1061082,0
1061095,0
1061116,0
1061194,0
1061240,0
1061250,0
1061267,0
1061306,1
1061415,0
1061421,0
1061449,0
1061546,0
1061571,0
1061573,0
1061635,0
1061718,0
1061754,0
1061776,0
1061789,0
1061802,0
1061846,0
1061849,0
1061851,0
1061964,0
1062009,0
1062015,0
1062050,0
1062096,0
1062097,0
1062178,0
1062248,0
1062293,0
1062311,0
1062447,0
1062491,0
1062494,0
1062507,0
1062586,0
1062681,0
1062695,1
1062737,0
1062752,1
1062762,0
1062852,0
1063023,0
1063056,0
1063066,0
1063076,0
1063092,0
1063162,0
1063182,0
1063245,0
1063253,0
1063432,0
1063437,0
1063489,0
1063535,0
1063638,0
1063645,0
1063648,0
1063660,0
1063731,0
1063808,0
1063953,0
1064017,0
1064028,0
1064040,0
1064349,0
1064377,0
1064415,0
1064457,0
1064459,0
1064506,0
1064521,0
1064541,0
1064542,0
1064681,0
1064779,0
1064786,0
1064835,0
1064866,0
1064943,0
1065009,0
1065041,0
1065271,0
1065278,0
1065324,0
1065393,0
1065427,0
1065463,0
1065484,0
1065504,0
1065540,0
1065650,0
1065698,0
1065711,0
1065740,0
1065845,0
1065861,0
1065871,0
1066033,0
1066051,0
1066057,0
1066091,0
1066098,0
1066420,0
1066513,0
1066606,0
1066619,0
1067062,0
1067166,0
1067314,0
1067364,0
1067505,0
1067547,0
1067591,0
1067648,0
1067742,0
1067766,0
1067835,0
1067849,0
1067855,0
1067894,0
1067912,0
1067958,0
1068017,0
1068123,0
1068130,0
1068239,0
1068308,1
1068338,0
1068372,0
1068445,0
1068484,0
1068678,0
1068930,0
1068958,0
1069000,0
1069148,0
1069665,0
1069740,0
1069791,0
1069792,0
1069975,0
1070084,0
1070256,0
1070296,0
1070307,0
1070429,0
1070440,0
1070683,0
1070751,1
1071097,0
1071112,1
1071165,0
1071206,0
1071227,0
1071410,0
1071434,0
1071471,0
1071565,0
1071601,0
1071752,0
1071937,0
1072024,0
1072053,0
1072194,0
1072295,0
1072301,0
1072332,0
1072493,1
1072566,0
1072568,0
1072652,0
1072840,0
1072889,0
1072993,0
1072999,0
1073062,0
1073107,0
1073149,0
1073503,0
1073521,0
1073580,0
1073850,0
1073886,0
1074127,0
1074164,0
1074169,0
1074299,0
1074314,0
1074335,0
1074400,0
1074775,0
1074822,0
1074999,0
1075062,0
1075571,0
1075693,1
1075730,0
1075798,0
1075820,0
1075847,0
1075934,0
1075939,0
1076034,0
1076299,0
1076485,0
1076530,0
1076591,1
1076661,0
1076758,0
1076857,0
1076890,0
1076945,0
1077118,0
1077178,0
1077283,0
1077312,0
1077321,0
1077332,0
1077345,0
1077346,0
1077404,0
1077407,0
1077412,0
1077642,0
1077739,0
1077797,0
1077899,0
1077923,0
1078046,0
1078087,0
1078115,0
1078326,0
1078378,0
1078458,0
1078571,0
1078793,0
1078844,0
1079013,0
1079294,0
1079319,0
1079414,0
1079664,0
1079669,0
1079674,0
1079767,0
1079808,0
1079935,0
1080042,0
1080078,0
1080207,0
1080258,0
1080692,0
1080868,0
1080987,0
1080998,0
1081056,0
1081095,0
1081126,0
1081143,0
1081224,0
1081472,0
1081483,0
1081494,0
1081561,0
1081570,0
1081622,0
1081632,0
1081961,0
1082121,0
1082294,0
1082398,0
1082501,0
1082626,0
1082691,0
1082724,0
1082903,0
1082948,0
1083024,0
1083026,0
1083172,0
1083195,0
1083274,0
1083405,0
1083482,0
1083696,0
1083781,0
1083948,0
1083969,0
1084394,0
1084403,0
1084453,0
1084542,0
1084681,0
1084728,0
1084979,1
1085012,0
1085065,0
1085126,0
1085188,0
1085288,0
1085375,0
1085575,0
1085706,0
1085737,0
1085765,0
1085880,0
1085926,0
1085965,0
1085972,0
1085986,0
1086001,0
1086003,0
1086009,0
1086039,0
1086171,0
1086248,0
1086289,0
1086323,0
1086519,0
1086535,0
1086536,0
1086550,0
1086579,0
1086759,0
1086885,0
1086945,0
1086973,0
1086997,0
1087014,0
1087207,0
1087215,0
1087237,0
1087248,0
1087294,0
1087468,0
1087572,0
1087628,0
1087729,0
1087779,0
1087910,0
1088022,0
1088174,0
1088241,0
1088327,0
1088372,0
1088581,0
1088636,0
1088644,0
1088753,1
1088804,0
1088958,0
1088977,0
1089106,0
1089680,0
1089719,0
1089795,0
1089900,0
1089920,0
1089981,0
1090004,0
1090055,0
1090154,0
1090158,1
1090199,0
1090326,0
1090367,0
1090552,0
1090571,0
1090636,0
1090700,0
1090821,0
1090828,0
1091080,0
1091223,0
1091240,0
1091241,0
1091252,0
1091397,0
1091759,1
1091825,0
1091852,0
1091896,0
1092055,0
1092070,0
1092083,0
1092186,0
1092235,0
1092391,0
1092493,0
1092553,0
1092645,0
1092837,0
1092876,0
1092888,0
1092947,0
1093113,0
1093127,0
1093167,0
1093264,0
1093269,0
1093353,0
1093387,0
1093406,0
1093423,0
1093469,0
1093524,0
1093787,0
1093814,0
1093822,0
1094168,0
1094223,0
1094262,0
1094665,0
1094802,0
1094866,0
1094941,0
1094947,0
1095032,0
1095049,0
1095160,0
1095311,0
1095734,0
1095812,0
1095873,0
1095933,0
1095981,0
1096229,0
1096476,0
1096530,0
1096606,0
1096675,0
1096679,0
1096928,0
1096957,0
1097074,0
1097092,0
1097212,0
1097354,0
1097458,0
1097816,0
1097847,0
1098002,0
1098125,0
1098198,0
1098439,0
1098582,0
1098599,0
1098683,0
1098690,0
1098874,0
1098906,0
1098978,0
1099396,0
1099410,0
1099568,0
1099599,0
1099612,0
1099741,0
1099821,0
1099854,0
1099868,0
1099888,0
1099972,0
1100316,0
1100491,0
1100622,0
1100641,0
1100727,0
1100986,1
1101003,0
1101063,0
1101148,0
1101159,0
1101238,0
1101462,0
1101592,0
1101603,0
1101628,0
1102080,0
1102130,0
1102145,0
1102352,0
1102419,0
1102475,0
1102518,0
1102594,0
1102618,0
1102815,0
1103033,0
1103094,0
1103154,0
1103253,0
1103254,0
1103422,0
1103612,0
1103665,0
1103726,0
1103913,0
1103945,0
1104016,0
1104019,0
1104039,0
1104056,0
1104084,0
1104134,0
1104239,0
1104332,0
1104355,0
1104444,1
1104493,0
1104514,0
1104622,0
1104835,0
1105012,0
1105039,0
1105216,0
1105281,0
1105324,0
1105643,0
1105713,0
1105726,0
1105748,0
1105972,0
1105980,0
1106007,0
1106183,0
1106260,0
1106318,0
1106415,0
1106517,0
1106944,0
1106945,0
1107042,0
1107051,0
1107080,0
1107142,0
1107208,0
1107293,0
1107438,0
1107492,0
1107646,0
1107662,1
1107804,0
1107870,0
1107917,0
1107963,0
1108025,0
1108044,0
1108097,0
1108188,0
1108314,0
1108358,0
1108410,0
1108453,0
1108716,0
1108720,0
1108721,0
1108746,0
1108782,0
1108805,0
1108857,0
1108933,0
1108971,0
1108996,0
1109012,0
1109104,0
1109185,0
1109205,1
1109255,0
1109298,0
1109318,0
1109428,0
1109429,0
1109484,0
1109587,0
1109709,0
1109850,0
1109871,0
1109903,0
1110011,0
1110035,0
1110057,0
1110089,0
1110195,0
1110409,0
1110420,0
1110751,0
1110801,0
1110814,0
1110890,0
1110956,0
1110992,0
1111062,0
1111115,0
1111163,0
1111168,0
1111296,0
1111390,0
1111510,0
1111718,0
1111950,0
1112288,0
1112414,0
1112439,0
1112508,0
1112583,0
1112664,0
1112733,0
1112822,0
1112835,0
1112863,0
1112955,0
1112957,0
1112966,0
1113014,0
1113183,0
1113397,0
1113501,0
1113577,0
1113785,0
1113923,0
1114122,0
1114129,0
1114138,0
1114157,0
1114170,0
1114518,0
1114551,0
1114624,0
1114633,0
1114738,0
1114829,0
1114883,0
1114952,0
1114982,0
1114999,0
1115037,0
1115177,0
1115507,0
1115524,0
1115572,0
1115614,0
1115656,0
1115721,0
1115746,0
1115961,0
1116073,0
1116109,0
1116231,0
1116240,0
1116264,0
1116265,0
1116324,0
1116384,0
1116470,0
1116686,0
1116800,0
1116813,0
1116834,0
1117058,0
1117186,1
1117438,0
1117445,0
1117477,0
1117689,0
1117760,0
1117812,0
1117868,0
1117889,0
1117996,0
1117998,0
1118104,0
1118139,0
1118142,0
1118359,0
1118786,0
1118806,0
1118929,0
1118974,0
1119065,0
1119097,0
1119132,0
1119189,1
1119192,0
1119237,0
1119326,0
1119358,0
1119400,0
1119463,0
1119650,0
1119886,0
1120151,0
1120156,0
1120199,0
1120321,0
1120353,0
1120479,0
1120514,0
1120593,0
1120766,0
1120903,0
1120945,0
1121002,0
1121019,0
1121031,0
1121099,0
1121191,0
1121215,0
1121235,0
1121539,0
1121563,0
1121726,0
1121977,0
1122007,0
1122039,0
1122123,0
1122140,0
1122152,0
1122166,0
1122183,0
1122218,0
1122268,0
1122355,0
1122573,0
1122688,0
1122703,0
1122952,0
1122985,1
1123194,0
1123476,0
1123683,0
1123947,0
1123972,0
1124000,0
1124120,0
1124292,0
1124416,0
1124585,0
1124689,0
1124735,0
1124753,1
1124754,0
1124802,0
1124962,0
1125021,0
1125145,0
1125188,0
1125296,0
1125309,0
1125316,0
1125387,0
1125723,0
1125918,0
1125997,0
1126040,0
1126111,0
1126135,0
1126194,0
1126204,0
1126221,0
1126370,0
1126578,0
1126648,0
1126658,0
1126751,0
1126831,0
1126890,0
1126891,0
1126901,0
1127157,0
1127161,0
1127181,0
1127273,0
1127353,0
1127373,0
1127415,0
1127517,0
1127519,0
1127601,0
1127729,0
1127764,0
1127806,0
1127826,0
1127901,0
1127951,0
1128190,0
1128260,0
1128262,0
1128523,0
1128641,0
1128823,0
1128885,0
1129060,0
1129089,1
1129134,0
1129323,0
1129416,0
1129417,0
1129712,0
1129794,0
1129862,0
1129889,0
1130010,0
1130180,0
1130452,0
1130837,0
1131014,0
1131034,0
1131145,0
1131213,0
1131353,0
1131424,0
1131511,0
1131607,0
1131633,0
1131841,0
1131914,0
1132347,0
1132512,0
1132535,0
1132576,0
1132617,0
1132671,0
1132733,1
1133138,0
1133195,0
1133279,0
1133424,0
1133444,0
1133691,0
1133795,1
1133807,0
1133862,0
1133893,0
1133919,0
1133970,0
1134074,0
1134146,0
1134199,0
1134203,0
1134215,0
1134538,0
1134601,0
1134847,0
1134904,0
1134938,0
1135248,0
1135347,0
1135413,0
1135808,0
1135836,0
1135846,0
1135956,0
1136006,0
1136016,0
1136075,0
1136113,0
1136223,0
1136265,0
1136417,0
1136431,0
1136441,0
1136609,0
1136611,0
1136828,0
1136873,0
1137032,0
1137063,0
1137089,0
1137155,0
1137197,0
1137201,0
1137420,0
1137531,0
1137578,0
1137748,0
1137800,0
1137851,0
1138046,0
1138127,0
1138156,0
1138170,0
1138227,0
1138253,0
1138277,0
1138329,0
1138428,0
1138651,0
1138734,0
1138876,0
1138954,0
1139052,0
1139188,0
1139219,0
1139288,0
1139409,0
1139464,0
1139517,0
1139520,0
1139624,0
1139952,0
1140072,0
1140247,0
1140310,0
1140346,0
1140425,0
1140766,0
1140937,0
1141186,0
1141278,0
1141308,0
1141645,0
1141692,0
1141891,0
1141943,0
1142026,0
1142167,0
1142239,0
1142312,0
1142409,0
1142484,0
1142491,0
1142560,0
1142668,1
1142682,0
1142717,0
1142770,0
1142993,0
1143189,0
1143248,0
1143261,0
1143386,0
1143450,0
1143464,0
1143624,0
1143648,0
1143651,0
1143661,0
1143669,0
1143770,0
1143884,0
1143896,0
1144031,0
1144053,0
1144200,0
1144267,0
1144277,0
1144288,0
1144344,0
1144372,0
1144426,0
1144579,0
1144618,0
1144669,0
1144709,0
1144720,0
1144783,0
1144792,0
1144857,0
1144885,0
1144909,0
1144962,0
1145015,0
1145053,0
1145116,0
1145178,0
1145207,0
1145283,0
1145317,0
1145347,0
1145571,0
1145632,0
1145683,0
1145725,0
1145992,0
1146150,0
1146248,0
1146303,0
1146309,0
1146391,0
1146673,0
1146766,0
1146928,0
1147004,0
1147244,0
1147414,0
1147623,0
1147751,0
1148021,0
1148198,0
1148222,0
1148350,0
1148400,0
1148486,0
1148576,0
1148759,0
1148965,0
1148969,0
1149042,0
1149167,0
1149341,0
1149417,0
1149504,0
1149720,0
1149755,0
1149788,0
1149791,0
1149801,0
1150024,0
1150119,0
1150228,0
1150238,0
1150281,0
1150493,0
1150507,0
1150667,0
1150840,0
1150932,0
1151067,0
1151164,0
1151182,0
1151250,0
1151324,0
1151402,0
1151456,0
1151580,1
1151587,0
1151600,0
1151616,0
1151677,0
1151869,0
1151936,0
1151941,0
1151971,0
1152039,0
1152067,0
1152080,0
1152381,0
1152400,0
1152720,0
1152841,0
1152882,0
1153022,0
1153118,0
1153194,0
1153214,0
1153247,0
1153393,0
1153551,0
1153664,0
1153679,0
1153699,0
1153705,0
1153729,0
1153782,0
1153845,0
1153894,0
1153897,0
1154052,0
1154053,0
1154129,0
1154136,0
1154164,0
1154219,0
1154271,0
1154284,0
1154389,0
1154443,0
1154482,0
1154532,0
1154534,0
1154538,0
1154590,0
1154623,1
1154848,0
1155066,0
1155228,0
1155494,0
1155612,0
1155616,0
1155667,0
1155887,0
1155926,0
1156049,0
1156113,0
1156195,0
1156198,0
1156595,0
1156638,0
1156640,0
1156689,0
1156842,0
1156871,0
1156928,0
1157102,0
1157144,0
1157274,0
1157556,0
1157563,0
1157648,0
1157781,0
1157884,0
1157951,0
1158084,0
1158288,0
1158355,0
1158401,0
1158502,0
1158504,0
1158531,0
1158578,0
1158667,0
1158709,0
1158853,0
1158857,0
1158886,0
1158899,0
1159176,0
1159261,0
1159299,0
1159318,0
1159371,0
1159518,0
1159693,0
1159708,0
1159710,0
1159815,0
1159940,0
1159974,0
1160020,0
1160115,0
1160130,0
1160185,0
1160242,0
1160243,0
1160261,0
1160286,0
1160293,0
1160423,0
1160581,0
1160642,0
1160643,0
1160668,0
1160683,0
1160810,0
1160830,0
1160850,0
1160855,0
1160933,0
1160977,0
1161127,0
1161260,0
1161302,0
1161470,0
1161548,0
1161598,0
1161623,0
1161630,0
1161679,0
1161717,0
1161805,0
1161819,0
1161829,0
1161867,0
1161882,0
1161889,0
1161892,0
1161908,0
1161987,0
1162153,0
1162209,0
1162224,0
1162231,0
1162275,0
1162367,0
1162497,0
1162578,0
1162605,0
1162745,0
1162915,0
1163004,0
1163051,0
1163094,0
1163110,0
1163125,0
1163161,0
1163225,0
1163316,0
1163347,0
1163358,0
1163367,0
1163405,0
1163423,0
1163528,0
1163575,0
1163684,0
1163785,0
1163845,0
1163908,0
1163938,0
1163939,0
1163975,0
1164059,0
1164074,0
1164243,0
1164264,0
1164282,0
1164323,0
1164343,0
1164404,0
1164486,1
1164703,0
1164933,0
1165045,0
1165060,0
1165118,0
1165220,0
1165272,0
1165310,0
1165316,0
1165327,0
1165419,0
1165434,0
1165447,0
1165448,0
1165453,0
1165492,0
1165539,0
1165977,0
1166046,0
1166104,0
1166129,1
1166190,0
1166266,0
1166296,0
1166307,0
1166354,0
1166396,0
1166407,0
1166493,0
1166579,0
1166626,0
1166702,0
1166747,0
1166762,0
1166888,0
1167025,0
1167031,0
1167072,0
1167155,0
1167160,0
1167232,0
1167239,0
1167262,0
1167284,0
1167289,0
1167333,0
1167390,0
1167433,0
1167465,0
1167521,1
1167550,1
1167709,0
1167723,0
1167737,0
1167793,0
1167862,0
1167924,0
1167937,0
1168002,0
1168007,0
1168141,0
1168172,0
1168190,0
1168192,0
1168232,0
1168260,0
1168305,0
1168355,0
1168374,0
1168403,0
1168540,0
1168617,0
1168692,0
1168760,0
1168853,0
1168896,0
1168910,0
1168950,0
1168964,0
1169045,0
1169102,0
1169241,0
1169417,0
1169512,0
1169553,0
1169605,0
1169628,0
1169707,0
1169722,0
1169742,0
1169796,0
1169817,0
1169834,0
1169843,0
1169866,0
1169969,0
1169974,0
1169989,0
1169992,0
1170016,0
1170097,0
1170183,0
1170234,0
1170265,0
1170432,0
1170475,1
1170511,0
1170563,0
1170658,0
1170702,0
1170883,0
1170998,0
1171048,0
1171070,0
1171111,0
1171125,0
1171300,0
1171335,0
1171338,0
1171409,0
1171822,0
1171939,0
1171990,0
1172009,0
1172010,0
1172036,0
1172059,0
1172064,0
1172114,0
1172119,0
1172188,0
1172328,0
1172334,0
1172511,0
1172572,0
1172600,0
1172806,0
1172807,0
1172817,0
1172837,1
1172928,0
1172947,0
1172977,0
1172984,0
1172990,0
1173025,0
1173073,0
1173126,0
1173235,0
1173245,0
1173281,0
1173316,0
1173374,0
1173400,0
1173415,0
1173432,0
1173666,0
1173674,0
1173714,0
1173769,0
1173826,0
1173870,0
1174021,0
1174079,0
1174224,0
1174250,0
1174276,0
1174327,0
1174389,0
1174411,0
1174583,0
1174718,0
1174803,0
1174811,0
1174904,0
1174961,0
1174971,0
1175009,0
1175037,0
1175096,0
1175110,0
1175151,0
1175173,0
1175206,0
1175231,0
1175291,0
1175312,0
1175352,0
1175388,1
1175449,0
1175484,0
1175545,0
1175649,0
1175660,0
1175717,0
1175777,0
1175859,0
1175937,0
1175953,0
1176143,0
1176148,0
1176244,0
1176255,1
1176285,0
1176331,0
1176511,0
1176519,0
1176578,0
1176617,0
1176619,0
1176721,0
1176935,0
1176944,0
1176945,0
1176962,0
1177046,0
1177158,0
1177201,0
1177221,0
1177235,0
1177300,0
1177340,0
1177355,0
1177360,0
1177393,0
1177409,0
1177452,0
1177464,0
1177723,0
1177734,0
1177792,0
1177825,0
1177901,0
1177956,1
1178110,0
1178189,0
1178196,0
1178260,0
1178385,0
1178396,0
1178455,0
1178717,0
1178780,0
1178835,0
1178861,0
1178946,0
1178962,0
1179057,0
1179077,0
1179146,0
1179306,0
1179344,0
1179522,0
1179524,0
1179570,0
1179573,0
1179699,1
1179719,0
1179827,0
1179835,0
1179985,0
1180119,0
1180163,0
1180195,0
1180247,0
1180259,0
1180524,0
1180663,0
1180874,0
1180882,0
1180924,0
1180952,0
1181039,0
1181088,0
1181138,0
1181265,0
1181344,0
1181390,0
1181421,0
1181472,0
1181638,0
1181763,0
1181812,0
1181821,0
1181828,0
1181958,0
1181996,0
1182020,0
1182036,0
1182186,0
1182211,0
1182223,0
1182326,0
1182393,0
1182464,0
1182495,0
1182572,0
1182600,0
1182750,0
1182830,0
1182859,0
1182868,0
1182965,0
1183027,0
1183071,0
1183088,0
1183106,0
1183157,0
1183207,0
1183234,0
1183339,0
1183365,0
1183452,0
1183480,0
1183507,0
1183509,0
1183515,0
1183616,0
1183708,0
1183821,0
1183829,0
1183945,0
1184012,0
1184153,0
1184161,0
1184170,0
1184379,0
1184468,1
1184469,0
1184504,0
1184695,0
1184764,0
1184793,0
1184831,0
1184850,0
1184855,0
1184870,0
1184914,0
1185005,0
1185020,0
1185098,0
1185101,0
1185207,0
1185247,0
1185272,0
1185396,0
1185421,0
1185580,0
1185588,0
1185656,0
1185712,0
1185771,0
1185798,0
1185803,0
1185868,0
1185911,0
1186099,0
1186170,0
1186205,1
1186278,0
1186322,0
1186355,0
1186390,0
1186405,0
1186433,0
1186477,0
1186503,0
1186560,0
1186572,0
1186586,0
1186596,0
1186720,0
1186739,0
1186757,0
1186758,1
1186807,0
1186888,0
1186911,0
1186915,0
1186961,0
1186976,0
1187028,0
1187074,0
1187079,0
1187083,0
1187220,0
1187223,0
1187240,0
1187332,0
1187540,0
1187573,0
1187575,0
1187587,0
1187750,0
1187754,0
1187948,0
1187949,0
1187989,0
1188018,0
1188085,0
1188086,0
1188157,0
1188167,0
1188185,0
1188401,0
1188457,0
1188483,0
1188488,0
1188555,0
1188573,0
1188619,0
1188639,0
1188712,1
1189025,0
1189144,0
1189217,0
1189244,0
1189308,0
1189394,0
1189487,0
1189544,0
1189654,0
1189659,0
1189684,0
1189735,0
1189790,0
1189811,1
1189823,0
1189834,0
1189849,0
1189925,0
1189979,0
1190115,0
1190264,0
1190267,0
1190330,0
1190393,0
1190445,0
1190536,0
1190610,0
1190731,0
1190736,0
1190747,0
1190754,0
1190757,1
1190816,0
1190817,0
1190839,0
1190853,0
1190867,0
1190880,0
1190945,0
1191029,0
1191045,0
1191052,0
1191127,0
1191253,0
1191321,0
1191565,0
1191693,0
1191709,0
1191753,0
1191854,0
1191862,0
1191893,0
1191903,0
1191917,0
1192115,0
1192154,1
1192194,0
1192213,0
1192216,0
1192279,1
1192387,0
1192416,0
1192584,0
1192599,0
1192662,0
1192721,0
1192782,0
1192874,0
1192950,0
1193002,0
1193007,0
1193010,0
1193130,0
1193201,0
1193223,0
1193316,0
1193330,0
1193337,0
1193375,0
1193405,0
1193427,0
1193465,0
1193566,0
1193576,0
1193654,0
1193796,0
1193817,0
1194080,0
1194118,0
1194192,0
1194206,0
1194226,0
1194278,0
1194293,0
1194349,0
1194367,0
1194414,0
1194466,0
1194539,0
1194587,0
1194654,0
1194674,0
1194688,0
1194728,0
1194747,0
1194753,0
1195007,0
1195034,0
1195103,0
1195184,0
1195218,0
1195251,0
1195255,0
1195318,0
1195402,0
1195404,0
1195442,0
1195460,0
1195580,0
1195617,0
1195635,0
1195758,0
1195893,0
1195932,0
1196213,0
1196224,0
1196399,0
1196514,0
1196531,0
1196666,0
1196691,0
1196790,0
1196889,0
1196905,0
1196986,0
1197098,0
1197176,0
1197227,0
1197301,0
1197351,0
1197579,0
1197616,0
1197711,0
1197737,0
1197855,0
1197902,0
1197918,0
1197960,0
1198044,0
1198052,0
1198077,1
1198144,0
1198256,0
1198425,0
1198456,0
1198628,0
1198670,0
1198701,0
1198927,0
1199298,0
1199359,0
1199420,0
1199484,0
1199578,0
1199597,0
1199797,0
1199878,0
1199908,0
1199938,0
1199980,0
1200000,0
1200019,0
1200203,0
1200237,0
1200324,0
1200472,0
1200478,0
1200686,0
1200689,0
1200750,0
1200835,0
1200900,0
1201041,0
1201051,0
1201061,0
1201145,0
1201165,0
1201193,0
1201307,0
1201377,0
1201426,0
1201460,0
1201563,0
1201584,0
1201635,0
1201644,0
1201675,0
1201852,0
1201950,0
1202023,0
1202024,0
1202065,0
1202149,0
1202155,0
1202194,0
1202261,0
1202403,0
1202449,0
1202479,0
1202490,0
1202492,0
1202537,0
1202603,0
1202757,1
1202829,0
1202849,0
1202858,0
1202945,0
1203007,0
1203089,0
1203166,0
1203336,0
1203397,0
1203419,0
1203459,0
1203498,0
1203544,0
1203580,0
1203632,0
1203719,0
1203735,0
1203764,0
1203812,0
1203828,0
1203859,0
1203911,0
1203933,0
1203934,0
1203964,0
1203973,0
1204002,0
1204015,0
1204029,0
1204051,0
1204082,0
1204083,0
1204229,0
1204302,0
1204393,0
1204395,0
1204477,0
1204536,0
1204630,0
1204702,0
1204799,0
1204826,0
1204835,0
1204847,0
1204857,0
1204881,0
1204919,0
1204961,0
1205008,0
1205089,0
1205204,0
1205282,0
1205354,0
1205421,0
1205472,0
1205536,0
1205566,0
1205623,0
1205667,0
1205708,0
1205730,0
1205897,0
1205970,0
1206086,0
1206226,0
1206272,0
1206312,0
1206387,0
1206434,0
1206465,0
1206687,0
1206765,0
1206768,0
1206781,0
1206999,0
1207081,0
1207127,0
1207153,0
1207279,0
1207282,0
1207465,0
1207494,0
1207513,0
1207612,0
1207655,0
1207656,0
1207754,0
1207811,0
1207812,0
1207815,0
1207835,0
1207889,0
1207974,0
1208038,0
1208112,0
1208172,0
1208198,0
1208243,0
1208261,0
1208263,0
1208355,0
1208500,0
1208563,0
1208688,0
1208689,0
1208697,0
1208700,0
1208720,0
1208738,0
1208814,0
1208867,0
1208880,0
1208910,0
1209170,0
1209195,0
1209197,0
1209298,0
1209338,0
1209344,0
1209363,0
1209394,0
1209400,0
1209433,0
1209662,0
1209681,0
1209691,0
1209804,0
1209834,0
1209916,0
1210101,0
1210210,0
1210238,0
1210269,0
1210322,0
1210372,0
1210439,0
1210483,1
1210550,0
1210560,0
1210594,0
1210641,0
1210656,0
1210733,0
1210806,0
1210866,0
1211114,0
1211138,0
1211147,0
1211164,0
1211245,0
1211357,0
1211399,0
1211499,0
1211856,0
1211863,0
1212186,1
1212313,0
1212365,0
1212434,0
1212462,0
1212482,0
1212496,0
1212562,0
1212672,0
1212724,0
1212761,0
1212785,0
1212790,0
1212939,0
1212956,0
1212958,0
1213026,0
1213028,0
1213209,0
1213284,0
1213399,0
1213417,0
1213474,0
1213489,0
1213617,0
1213675,0
1213758,0
1213885,0
1213940,0
1213958,0
1213977,0
1214062,0
1214071,0
1214105,0
1214169,0
1214187,0
1214230,0
1214271,0
1214368,0
1214386,0
1214435,0
1214494,0
1214544,0
1214594,0
1214613,0
1214936,0
1215007,0
1215011,0
1215138,0
1215217,0
1215224,0
1215434,0
1215454,0
1215459,0
1215464,0
1215515,0
1215574,0
1215670,0
1215858,0
1215862,0
1215897,0
1215941,0
1215944,0
1215976,0
1216030,0
1216033,0
1216053,0
1216104,0
1216126,0
1216161,0
1216275,0
1216306,0
1216330,0
1216334,0
1216424,0
1216447,0
1216452,0
1216467,0
1216477,0
1216517,0
1216563,0
1216750,0
1216757,0
1216794,0
1216886,0
1216901,0
1217119,0
1217186,0
1217210,0
1217257,0
1217278,0
1217282,0
1217290,0
1217305,0
1217378,0
1217388,0
1217389,0
1217425,0
1217482,0
1217602,0
1217645,0
1217738,0
1217799,0
1217918,0
1217951,0
1217959,0
1218332,0
1218375,0
1218643,0
1218698,0
1218709,0
1218726,0
1218736,0
1218961,0
1219092,0
1219189,0
1219301,0
1219303,0
1219325,0
1219431,0
1219480,0
1219481,0
1219640,0
1219648,0
1219684,0
1219905,0
1219923,0
1219936,0
1220085,0
1220278,0
1220352,0
1220522,0
1220552,0
1220590,0
1220695,0
1220784,0
1220790,0
1220806,0
1220813,0
1220828,0
1220917,0
1220980,0
1220986,0
1221084,0
1221098,0
1221149,0
1221301,0
1221404,0
1221508,0
1221516,0
1221520,0
1221573,0
1221651,0
1221735,0
1221749,0
1221808,0
1221913,0
1221929,0
1221979,0
1222002,0
1222004,0
1222017,0
1222046,0
1222125,0
1222132,0
1222240,0
1222422,0
1222485,0
1222507,0
1222622,0
1222646,0
1222681,0
1222866,0
1222932,0
1223048,0
1223113,0
1223216,0
1223657,0
1223763,0
1223860,0
1223889,0
1223957,0
1224013,0
1224023,0
1224097,0
1224135,0
1224170,0
1224207,0
1224391,0
1224482,0
1224505,0
1224624,0
1224735,0
1224773,0
1224848,0
1225059,0
1225071,0
1225127,0
1225388,0
1225400,0
1225443,0
1225458,0
1225469,0
1225528,0
1225617,0
1225786,0
1225833,0
1225974,0
1226009,0
1226193,0
1226254,0
1226268,0
1226351,0
1226521,0
1226526,0
1226718,0
1226800,0
1226809,0
1226922,0
1227006,0
1227085,0
1227108,0
1227359,0
1227375,0
1227376,0
1227391,0
1227422,0
1227470,0
1227656,0
1227681,0
1227733,0
1227817,0
1227971,0
1227979,0
1228086,0
1228218,0
1228303,0
1228433,0
1228541,1
1228601,0
1228701,0
1228715,0
1228840,0
1228945,0
1228957,0
1228963,0
1228968,0
1229066,0
1229262,0
1229344,0
1229377,0
1229411,1
1229486,0
1229544,0
1229611,0
1229747,0
1229767,0
1229780,0
1229794,0
1229893,0
1229911,0
1229945,0
1229966,0
1230087,0
1230091,0
1230263,0
1230393,0
1230488,0
1230563,0
1230688,0
1230694,0
1230717,0
1230723,0
1230846,0
1230918,0
1230936,0
1231044,0
1231059,0
1231229,0
1231364,0
1231378,0
1231588,0
1231596,0
1231650,0
1231732,0
1231820,0
1231830,0
1231845,0
1231881,0
1231892,0
1232059,0
1232066,0
1232088,0
1232096,0
1232238,0
1232299,0
1232313,0
1232353,0
1232369,0
1232381,0
1232505,0
1232530,0
1232539,0
1232540,0
1232559,0
1232639,0
1232683,0
1232732,0
1232748,0
1232791,0
1232816,0
1232951,0
1232962,0
1232974,0
1233101,0
1233139,0
1233195,0
1233267,0
1233319,0
1233324,0
1233517,0
1233527,0
1233607,0
1233621,0
1233682,0
1233736,0
1233740,0
1233844,0
1233885,0
1233896,0
1233900,0
1233939,0
1233952,0
1234002,0
1234037,0
1234050,0
1234100,0
1234184,0
1234258,0
1234260,0
1234264,0
1234335,0
1234338,0
1234376,0
1234453,0
1234541,0
1234582,0
1234661,0
1234678,0
1234728,0
1234765,0
1234777,0
1234845,0
1234915,0
1235005,0
1235043,0
1235103,0
1235134,0
1235202,0
1235210,0
1235224,0
1235225,0
1235244,0
1235260,0
1235301,0
1235321,0
1235383,0
1235459,0
1235567,0
1235604,0
1235694,0
1235759,0
1235766,0
1235799,0
1235850,0
1235870,0
1236069,0
1236106,0
1236281,0
1236306,0
1236337,0
1236383,0
1236405,0
1236468,0
1236479,0
1236490,0
1236495,0
1236643,0
1236657,0
1236666,0
1236748,0
1236842,0
1236961,0
1237159,0
1237182,0
1237184,0
1237215,0
1237401,0
1237428,0
1237504,0
1237506,0
1237510,0
1237516,0
1237519,0
1237701,0
1237720,0
1237729,0
1237749,0
1237788,0
1237807,0
1237873,0
1237925,0
1237945,0
1237965,0
1237990,0
1238119,0
1238139,0
1238220,0
1238267,0
1238289,0
1238307,0
1238349,0
1238370,0
1238506,0
1238514,1
1238526,0
1238648,0
1238692,0
1238745,0
1238880,0
1238935,0
1238940,0
1238951,0
1239032,0
1239043,0
1239071,0
1239103,0
1239192,0
1239195,0
1239209,0
1239212,0
1239231,0
1239257,0
1239287,0
1239454,0
1239475,0
1239565,0
1239623,0
1239654,0
1239712,0
1239741,0
1239782,0
1239794,0
1239840,0
1239976,0
1240022,1
1240115,0
1240118,0
1240132,0
1240185,0
1240209,0
1240366,0
1240538,0
1240544,0
1240571,0
1240794,0
1241145,0
1241187,0
1241490,0
1241568,0
1241663,0
1241701,0
1241754,0
1241886,0
1241908,0
1241917,0
1242032,0
1242102,0
1242125,0
1242158,0
1242208,0
1242255,0
1242339,0
1242361,0
1242438,0
1242454,0
1242534,0
1242573,0
1242602,0
1242708,0
1242726,0
1242732,0
1242964,0
1242993,0
1243104,0
1243122,0
1243168,0
1243215,0
1243258,0
1243259,0
1243317,0
1243421,0
1243460,0
1243471,0
1243486,0
1243763,0
1243813,0
1243863,0
1243952,0
1243953,0
1244155,0
1244233,0
1244252,0
1244310,0
1244559,0
1244632,0
1244702,0
1244743,0
1244799,0
1244810,0
1244898,0
1244978,0
1245005,0
1245060,0
1245158,0
1245217,0
1245225,0
1245247,0
1245439,0
1245558,0
1245592,0
1245636,0
1245670,0
1245695,0
1245777,0
1245910,0
1245912,0
1246099,0
1246135,0
1246176,0
1246178,0
1246202,0
1246263,1
1246353,0
1246448,0
1246454,0
1246477,0
1246520,0
1246522,0
1246552,0
1246558,0
1246593,0
1246677,0
1246729,0
1246922,0
1246926,0
1247056,0
1247124,0
1247243,0
1247292,0
1247301,0
1247374,0
1247389,0
1247568,0
1247577,0
1247656,0
1247772,0
1247851,0
1247937,0
1247962,0
1247983,0
1248043,0
1248096,0
1248179,0
1248187,0
1248352,0
1248373,0
1248420,0
1248588,0
1248630,0
1248897,0
1248921,0
1248983,0
1249023,0
1249111,0
1249124,0
1249151,0
1249215,0
1249243,0
1249250,0
1249324,0
1249428,0
1249462,0
1249541,0
1249582,0
1249622,0
1249658,0
1249666,0
1249805,0
1249820,0
1249825,0
1249896,0
1249900,0
1249925,0
1249989,0
1250080,0
1250152,0
1250267,0
1250357,1
1250431,0
1250466,0
1250501,0
1250565,0
1250577,0
1250613,0
1250616,0
1250619,0
1250651,0
1250654,0
1250717,0
1250756,0
1250847,0
1250863,0
1250864,0
1250903,0
1251094,0
1251119,0
1251288,0
1251360,0
1251392,0
1251435,0
1251576,0
1251735,0
1251821,0
1251908,0
1252152,1
1252211,0
1252239,0
1252356,0
1252366,1
1252444,0
1252447,0
1252463,0
1252593,0
1252596,0
1252724,0
1252754,0
1252794,0
1252815,0
1252977,0
1253032,0
1253126,0
1253145,0
1253164,0
1253203,0
1253258,0
1253366,0
1253390,0
1253441,0
1253515,0
1253631,0
1253727,0
1253879,0
1253889,0
1253973,0
1254019,0
1254140,0
1254183,0
1254218,0
1254301,0
1254304,0
1254549,0
1254580,0
1254729,0
1254757,0
1254783,0
1254792,0
1254941,0
1254982,0
1255127,0
1255249,0
1255499,0
1255523,0
1255576,0
1255634,0
1255636,0
1255674,0
1255749,0
1255847,0
1255871,0
1255880,0
1256006,0
1256017,1
1256024,0
1256069,0
1256168,0
1256217,0
1256232,0
1256237,0
1256396,0
1256399,0
1256431,0
1256448,0
1256487,0
1256544,0
1256551,0
1256664,0
1256695,0
1256698,0
1256744,0
1256756,0
1256808,0
1256843,0
1256850,0
1256878,0
1256958,0
1257029,0
1257087,0
1257124,0
1257126,0
1257148,0
1257178,0
1257331,0
1257405,0
1257413,0
1257421,0
1257478,0
1257547,0
1257558,0
1257590,0
1257662,0
1257665,0
1257683,0
1257722,0
1257740,0
1257797,0
1257805,0
1257863,0
1257882,0
1257887,0
1258085,0
1258110,0
1258140,0
1258153,0
1258165,0
1258249,0
1258351,0
1258572,0
1258587,0
1258605,0
1258747,0
1258775,0
1258806,0
1258957,1
1259027,0
1259029,0
1259193,0
1259201,0
1259249,0
1259274,0
1259302,1
1259303,0
1259342,0
1259418,0
1259469,0
1259482,0
1259610,0
1259642,0
1259672,0
1259682,0
1259726,0
1259898,0
1260011,0
1260021,0
1260156,0
1260501,0
1260726,0
1260878,0
1260942,0
1261046,0
1261121,0
1261126,0
1261165,0
1261182,0
1261208,0
1261354,0
1261400,0
1261403,0
1261409,0
1261452,0
1261501,0
1261686,0
1261693,1
1261696,0
1261727,0
1261732,0
1261841,0
1261860,0
1261905,0
1261924,0
1262025,0
1262217,0
1262248,0
1262425,0
1262663,0
1262676,0
1262714,0
1262718,0
1262763,0
1262808,0
1262868,0
1262872,0
1263005,0
1263212,0
1263296,0
1263388,0
1263396,0
1263434,0
1263620,0
1263639,0
1263650,0
1263673,0
1263690,0
1263901,0
1264027,0
1264087,0
1264091,1
1264170,0
1264198,1
1264210,0
1264231,0
1264341,0
1264380,0
1264435,0
1264555,0
1264607,0
1264705,0
1264708,0
1264742,0
1264802,0
1264807,0
1267274,0
1268189,0
1268507,0
1270428,0
1270787,0
1272596,0
1273541,0
1274102,0
1274165,0
1275147,0
1275506,0
1276165,0
1276453,0
1276549,1
1277099,0
1277487,0
1277522,0
1278206,0
1278364,0
1278454,0
1278528,0
1278531,0
1278601,0
1279004,0
1279922,0
1280131,0
1280718,0
1280791,0
1280958,0
1281501,0
1281682,1
1281763,0
1281783,0
1282048,0
1282078,0
1282440,0
1282471,0
1282472,0
1282553,0
1282569,0
1282610,0
1282612,0
1282635,0
1282705,0
1282714,0
1282868,0
1282899,0
1282919,0
1283003,0
1283081,0
1283106,0
1283165,0
1283180,0
1283194,0
1283211,0
1283218,0
1283277,0
1283338,1
1283360,0
1283365,0
1283392,0
1283411,0
1283420,0
1283422,0
1283440,0
1283441,0
1283479,0
1283507,0
1283545,0
1283690,0
1283729,0
1283749,0
1283871,0
1283922,0
1283984,0
1283995,0
1284012,0
1284059,0
1284097,0
1284117,0
1284392,0
1284415,0
1284456,0
1284597,0
1284679,0
1284797,0
1284838,0
1284948,0
1284951,0
1285043,0
1285058,0
1285074,0
1285097,0
1285195,0
1285273,0
1285408,0
1285516,0
1285520,0
1285565,0
1285599,0
1285622,0
1285673,0
1285783,0
1285849,0
1285870,0
1285882,0
1285904,0
1285953,0
1285965,0
1286023,0
1286139,0
1286317,0
1286489,1
1286543,0
1286572,0
1286608,0
1286646,0
1286843,0
1286897,0
1287070,0
1287101,0
1287142,0
1287143,0
1287247,0
1287492,0
1287798,0
1287828,0
1287855,0
1287875,0
1288097,0
1288101,0
1288132,0
1288138,0
1288179,0
1288205,0
1288229,0
1288242,0
1288412,0
1288448,0
1288601,0
1288728,0
1288752,0
1288806,0
1288810,0
1288848,0
1288867,0
1288900,0
1289014,0
1289024,0
1289025,0
1289081,0
1289203,0
1289346,0
1289364,0
1289430,0
1289481,0
1289536,0
1289560,0
1289630,1
1289674,0
1289739,0
1289761,0
1289784,0
1289801,0
1289859,0
1289908,0
1289912,0
1289935,0
1289961,0
1289981,0
1290134,0
1290205,0
1290425,0
1290471,0
1290485,0
1290554,0
1290555,0
1290627,1
1290645,0
1290655,0
1290666,0
1290708,0
1290819,0
1290897,0
1290911,0
1291032,0
1291326,0
1291332,0
1291416,0
1291568,0
1291696,0
1291713,0
1291946,0
1291956,0
1292011,0
1292183,0
1292210,0
1292260,0
1292382,0
1292464,0
1292487,0
1292531,0
1292642,0
1292656,0
1292750,1
1292851,0
1293030,0
1293072,0
1293110,0
1293115,0
1293215,0
1293250,0
1293301,0
1293361,0
1293373,0
1293377,0
1293474,0
1293530,0
1293623,0
1293634,0
1293670,1
1293736,0
1293769,0
1293815,0
1293875,0
1293881,0
1293941,0
1294040,0
1294086,0
1294095,0
1294241,0
1294269,0
1294362,0
1294400,0
1294437,0
1294632,0
1294868,0
1294950,0
1294972,0
1295030,0
1295061,0
1295127,0
1295171,0
1295180,0
1295276,0
1295313,0
1295337,0
1295399,0
1295444,0
1295469,0
1295476,0
1295506,0
1295507,0
1295566,0
1295668,0
1295716,0
1295887,0
1295970,0
1296015,0
1296047,0
1296091,0
1296108,0
1296154,0
1296159,0
1296169,0
1296264,0
1296271,0
1296301,0
1296363,0
1296452,0
1296454,0
1296497,0
1296509,0
1296582,0
1296905,0
1296906,0
1297006,0
1297087,0
1297188,0
1297225,0
1297254,0
1297577,0
1297589,0
1297597,0
1297620,0
1297634,0
1297669,0
1297680,0
1297711,0
1297746,0
1297756,0
1297785,0
1297916,0
1297953,0
1297991,0
1298036,0
1298063,0
1298085,0
1298213,0
1298223,0
1298245,0
1298256,0
1298281,0
1298479,0
1298491,0
1298522,0
1298537,0
1298555,0
1298631,0
1298647,0
1298677,0
1298681,0
1298939,0
1298986,0
1299082,0
1299094,0
1299100,0
1299208,0
1299224,0
1299233,0
1299247,0
1299260,0
1299272,0
1299278,0
1299308,0
1299355,0
1299357,0
1299511,0
1299513,0
1299560,0
1299577,0
1299621,0
1299671,0
1299711,1
1299728,0
1299743,0
1299894,0
1299925,0
1300008,0
1300049,0
1300054,0
1300174,0
1300194,0
1300293,0
1300313,0
1300327,0
1300447,0
1300541,0
1300663,0
1300767,0
1300792,0
1300806,0
1300831,0
1300860,0
1300876,0
1300984,0
1300991,0
1301016,0
1301042,0
1301080,0
1301110,0
1301207,0
1301237,0
1301242,0
1301399,0
1301484,0
1301586,0
1301651,0
1301658,0
1301707,0
1301770,0
1301879,0
1301882,0
1301965,0
1302017,0
1302026,0
1302106,0
1302163,0
1302206,1
1302234,0
1302238,0
1302296,0
1302311,0
1302357,0
1302372,0
1302388,0
1302414,0
1302440,0
1302528,0
1302564,0
1302599,0
1302616,0
1302621,0
1302665,0
1302771,0
1302808,0
1302818,0
1302866,0
1302869,0
1302876,1
1302906,0
1302963,0
1302976,0
1303014,0
1303016,0
1303086,0
1303093,0
1303142,0
1303300,0
1303332,0
1303358,0
1303494,0
1303534,0
1303576,0
1303634,0
1303637,0
1303641,0
1303782,0
1303855,0
1303858,0
1303877,0
1303976,0
1304042,0
1304144,0
1304210,0
1304332,0
1304435,0
1304524,1
1304526,0
1304585,0
1304590,0
1304621,0
1304624,0
1304696,0
1304768,0
1304847,0
1304913,0
1304995,0
1305010,0
1305163,0
1305167,0
1305219,0
1305279,0
1305304,0
1305372,0
1305436,0
1305438,0
1305529,0
1305596,0
1305657,0
1305695,0
1305720,0
1305735,0
1305762,0
1305835,0
1305924,0
1305972,0
1306018,0
1306120,0
1306155,0
1306158,0
1306174,0
1306241,0
1306248,0
1306287,0
1306479,0
1306521,0
1306570,0
1306594,0
1306600,1
1306611,0
1306633,0
1306686,0
1306720,0
1306830,0
1306840,0
1306876,0
1306940,0
1307002,0
1307033,0
1307204,0
1307247,0
1307314,0
1307528,0
1307724,0
1307802,0
1307848,0
1307867,0
1307969,0
1307986,0
1308074,0
1308193,0
1308243,0
1308294,0
1308389,0
1308476,0
1308496,0
1308557,0
1308561,0
1308582,0
1308650,0
1308761,0
1308784,0
1308802,0
1308813,0
1308857,0
1308889,0
1308920,0
1308961,0
1308986,0
1309014,0
1309344,0
1309419,0
1309482,0
1309522,0
1309553,0
1309665,0
1309817,0
1309859,0
1309893,0
1310005,0
1310056,0
1310207,0
1310290,0
1310366,0
1310425,0
1310631,0
1310703,0
1310722,0
1310733,0
1310755,0
1310811,0
1310822,0
1310872,0
1310903,1
1311025,0
1311028,0
1311101,0
1311216,0
1311244,0
1311382,0
1311443,0
1311462,0
1311464,0
1311595,0
1311612,0
1311660,0
1311691,0
1311700,0
1311729,0
1311844,0
1312005,0
1312020,0
1312111,0
1312167,0
1312192,0
1312343,0
1312363,0
1312463,0
1312464,0
1312509,0
1312552,0
1312606,0
1312623,0
1312660,0
1312664,0
1312700,0
1312702,0
1312796,0
1312842,0
1312960,0
1313082,0
1313209,0
1313240,0
1313323,0
1313380,0
1313383,0
1313394,0
1313507,0
1313725,0
1313782,0
1313820,0
1313859,0
1313896,0
1313898,0
1313932,0
1313999,0
1314032,0
1314034,0
1314091,0
1314198,0
1314347,0
1314404,0
1314600,0
1314616,0
1314630,0
1314731,0
1314837,0
1314908,0
1315008,0
1315015,0
1315037,0
1315074,0
1315219,1
1315300,0
1315379,0
1315388,0
1315492,0
1315552,0
1315676,0
1315703,1
1315778,0
1315923,0
1315988,0
1316000,0
1316044,0
1316179,0
1316197,0
1316261,0
1316276,0
1316308,0
1316440,1
1316464,0
1316474,0
1316505,0
1316516,0
1316537,0
1316617,0
1316649,0
1316650,0
1316736,0
1316787,0
1316810,0
1317107,0
1317177,0
1317199,0
1317226,0
1317324,0
1317521,0
1317543,0
1317556,0
1317597,0
1317798,0
1317823,0
1317829,0
1317947,0
1317978,0
1318164,0
1318179,0
1318220,0
1318231,0
1318333,0
1318407,1
1318498,0
1318502,0
1318508,0
1318536,0
1318592,0
1318636,0
1318641,0
1318658,0
1318689,0
1318797,0
1318864,0
1318894,0
1318915,1
1318952,0
1318974,0
1319064,0
1319079,0
1319216,0
1319245,0
1319282,0
1319306,0
1319352,0
1319422,0
1319462,0
1319472,0
1319493,0
1319506,0
1319539,0
1319573,0
1319700,0
1319770,0
1319851,0
1319957,1
1319974,1
1320047,0
1320228,0
1320244,0
1320277,0
1320286,0
1320291,0
1320310,0
1320319,0
1320366,0
1320370,0
1320473,0
1320585,0
1320602,0
1320647,0
1320678,0
1320718,0
1320766,0
1320919,0
1320923,0
1320935,0
1320965,0
1320996,0
1321002,0
1321014,0
1321052,0
1321088,0
1321182,0
1321333,0
1321337,0
1321349,0
1321351,0
1321472,1
1321518,0
1321537,0
1321622,0
1321683,0
1321721,0
1321834,0
1321882,0
1321956,0
1322093,0
1322105,0
1322210,0
1322224,0
1322227,0
1322306,0
1322313,0
1322349,0
1322508,1
1322549,0
1322600,0
1322684,0
1322716,0
1322770,0
1322786,0
1322814,0
1322879,0
1322995,0
1323001,0
1323007,0
1323010,0
1323014,0
1323023,0
1323026,0
1323030,0
1323044,0
1323058,0
1323101,0
1323141,0
1323143,0
1323151,0
1323176,0
1323273,0
1323476,0
1323485,0
1323560,0
1323655,0
1323687,0
1323744,0
1323815,0
1323821,0
1323822,0
1323896,0
1323940,0
1323952,0
1323980,0
1323983,0
1323988,0
1324038,0
1324050,0
1324106,0
1324189,1
1324226,0
1324280,0
1324352,0
1324357,0
1324395,0
1324439,0
1324512,0
1324524,0
1324565,0
1324581,0
1324606,0
1324609,0
1324699,0
1324733,0
1324813,0
1324815,0
1324914,0
1324968,0
1325019,0
1325060,0
1325122,0
1325168,0
1325178,0
1325286,0
1325390,0
1325426,0
1325431,0
1325486,0
1325495,0
1325554,0
1325615,0
1325646,0
1325661,0
1325717,0
1325747,0
1325791,0
1325801,0
1325830,0
1325833,0
1325840,0
1325878,0
1325910,0
1326063,0
1326096,0
1326131,0
1326147,0
1326194,0
1326196,0
1326234,0
1326244,0
1326251,0
1326266,0
1326375,0
1326417,0
1326447,0
1326551,0
1326573,0
1326614,0
1326698,0
1326757,0
1326911,0
1326914,0
1326941,0
1326955,0
1326957,0
1327003,0
1327039,0
1327043,0
1327243,0
1327289,0
1327339,0
1327347,0
1327424,0
1327453,0
1327562,0
1327588,0
1327620,0
1327692,0
1327717,0
1327719,1
1327730,0
1327731,0
1327772,0
1327777,0
1327781,0
1327816,0
1327863,0
1327906,0
1327914,0
1327993,0
1328052,0
1328112,0
1328174,0
1328187,0
1328245,0
1328291,0
1328296,0
1328314,0
1328378,0
1328383,1
1328417,0
1328529,0
1328533,0
1328567,0
1328592,0
1328643,0
1328674,0
1328677,0
1328693,0
1328696,0
1328702,0
1328715,0
1328720,0
1328738,0
1328891,0
1328944,0
1328972,0
1328978,0
1329013,0
1329055,0
1329119,0
1329149,0
1329159,0
1329216,0
1329238,0
1329258,0
1329265,0
1329449,0
1329481,0
1329571,0
1329604,0
1329667,0
1329700,0
1329790,0
1329821,0
1329826,0
1329912,0
1329962,0
1329998,0
1330026,0
1330032,0
1330111,0
1330117,0
1330118,0
1330204,0
1330217,0
1330228,0
1330258,0
1330267,0
1330301,0
1330305,0
1330368,0
1330416,1
1330425,0
1330480,0
1330537,0
1330563,0
1330564,0
1330608,0
1330647,0
1330695,0
1330745,0
1330847,0
1330881,0
1330992,0
1330998,0
1331110,0
1331176,0
1331180,0
1331187,0
1331215,0
1331219,0
1331242,0
1331258,0
1331267,0
1331283,1
1331285,0
1331294,0
1331301,0
1331344,0
1331349,0
1331365,0
1331389,0
1331391,0
1331409,0
1331417,0
1331524,0
1331551,0
1331564,0
1331589,0
1331630,0
1331658,0
1331666,0
1331676,0
1331683,0
1331885,0
1331948,0
1331951,0
1331957,0
1332057,0
1332085,0
1332117,0
1332126,0
1332135,0
1332140,0
1332172,1
1332235,0
1332280,0
1332294,0
1332323,0
1332400,0
1332422,0
1332426,0
1332604,0
1332613,0
1332616,0
1332671,0
1332751,0
1332916,0
1332984,0
1332985,0
1333003,0
1333022,0
1333040,0
1333107,0
1333136,0
1333198,0
1333200,0
1333202,0
1333211,0
1333245,0
1333263,0
1333304,0
1333399,0
1333467,0
1333492,0
1333595,0
1333623,0
1333660,0
1333705,0
1333706,0
1333793,0
1333843,0
1333860,0
1333887,0
1333930,0
1333933,0
1333939,0
1333991,0
1333993,0
1334007,0
1334014,0
1334026,0
1334033,0
1334093,0
1334100,0
1334139,0
1334148,0
1334160,0
1334187,0
1334236,0
1334304,0
1334333,0
1334362,0
1334636,0
1334667,0
1334698,0
1334734,0
1334845,0
1334909,0
1334910,0
1334951,0
1334960,0
1334970,0
1334997,0
1335002,0
1335031,0
1335201,0
1335207,0
1335234,0
1335260,0
1335266,0
1335295,0
1335303,0
1335336,0
1335374,0
1335425,0
1335429,0
1335440,0
1335500,0
1335577,0
1335598,1
1335610,0
1335693,0
1335703,0
1335729,0
1335765,0
1335779,0
1335857,0
1335870,0
1335877,0
1335936,0
1335950,0
1335968,0
1336204,0
1336223,0
1336261,0
1336287,0
1336379,0
1336452,0
1336501,0
1336541,0
1336547,0
1336579,0
1336721,0
1336758,0
1336794,0
1336814,0
1336826,0
1336881,0
1337072,0
1337077,0
1337144,0
1337258,0
1337325,0
1337345,0
1337401,0
1337461,0
1337471,0
1337476,0
1337480,0
1337518,0
1337557,0
1337564,0
1337594,0
1337642,0
1337696,0
1337713,0
1337863,0
1337865,0
1337899,0
1337920,0
1338070,0
1338128,0
1338147,0
1338176,0
1338259,0
1338286,0
1338300,0
1338313,0
1338367,0
1338369,0
1338410,0
1338428,0
1338471,0
1338472,0
1338493,0
1338537,0
1338563,0
1338609,0
1338618,0
1338733,0
1338798,0
1338915,0
1338933,0
1339014,0
1339023,0
1339220,0
1339256,0
1339331,0
1339347,0
1339412,0
1339441,0
1339466,0
1339477,0
1339534,0
1339551,0
1339690,0
1339726,0
1339787,0
1339788,0
1339831,0
1339854,0
1339862,0
1339966,0
1339977,0
1339992,0
1340021,0
1340108,0
1340127,0
1340154,0
1340181,0
1340195,0
1340210,0
1340214,0
1340223,0
1340225,0
1340250,0
1340317,0
1340324,0
1340349,0
1340355,0
1340379,0
1340395,0
1340441,0
1340485,1
1340569,0
1340603,0
1340605,0
1340641,0
1340667,0
1340681,0
1340713,0
1340757,0
1340787,0
1340840,0
1340885,0
1341036,0
1341081,0
1341143,0
1341255,0
1341330,0
1341335,0
1341358,0
1341373,0
1341422,1
1341479,1
1341642,0
1341787,0
1341794,0
1341822,0
1341838,0
1342093,0
1342134,0
1342177,0
1342182,0
1342215,0
1342270,0
1342286,0
1342394,0
1342461,0
1342463,0
1342512,0
1342536,0
1342550,0
1342638,0
1342673,0
1342682,0
1342695,0
1342702,0
1342729,0
1342824,0
1342857,0
1342996,0
1343115,0
1343245,0
1343272,0
1343277,0
1343380,0
1343407,0
1343445,0
1343451,0
1343455,0
1343456,0
1343532,0
1343563,0
1343611,0
1343621,0
1343665,0
1343732,0
1343805,0
1343852,0
1343930,0
1343934,0
1343951,0
1343986,0
1344001,0
1344012,0
1344065,1
1344114,0
1344143,0
1344158,0
1344173,0
1344199,1
1344242,0
1344280,0
1344422,0
1344426,0
1344459,0
1344463,0
1344490,0
1344507,0
1344570,0
1344700,0
1344749,0
1344755,0
1344800,0
1344853,0
1344992,0
1345115,0
1345175,0
1345200,0
1345283,0
1345311,0
1345343,0
1345452,0
1345473,0
1345587,0
1345614,0
1345627,0
1345651,0
1345669,0
1345681,0
1345704,0
1345747,0
1345820,0
1345832,0
1345887,0
1345890,0
1345900,0
1345938,0
1345951,0
1345961,0
1346022,0
1346060,0
1346066,0
1346072,0
1346074,0
1346149,0
1346184,1
1346209,0
1346227,0
1346245,0
1346252,0
1346281,0
1346285,1
1346290,0
1346344,0
1346464,0
1346495,0
1346515,0
1346534,0
1346648,0
1346670,0
1346713,0
1346727,0
1346741,0
1346742,0
1346808,0
1346813,0
1346842,0
1346894,0
1346926,0
1346947,0
1347020,0
1347043,0
1347072,0
1347206,0
1347296,0
1347310,0
1347343,0
1347344,0
1347448,0
1347511,0
1347548,0
1347613,0
1347615,0
1347622,0
1347727,0
1347759,0
1347761,0
1347804,0
1347805,0
1347830,0
1347900,0
1347903,0
1348003,0
1348010,0
1348086,0
1348217,0
1348222,0
1348274,0
1348314,0
1348519,0
1348526,0
1348626,0
1348636,0
1348670,0
1348732,0
1348755,0
1348795,0
1348813,0
1348852,0
1348879,0
1348889,0
1348931,0
1348988,0
1349017,0
1349033,0
1349074,0
1349095,0
1349108,0
1349116,0
1349191,0
1349237,0
1349344,0
1349506,0
1349529,0
1349561,0
1349605,0
1349622,0
1349747,0
1349751,0
1349771,0
1349852,0
1349901,0
1349960,0
1349968,0
1350009,0
1350064,0
1350077,0
1350121,0
1350262,0
1350269,0
1350365,0
1350466,0
1350643,0
1350650,0
1350793,0
1350833,0
1350884,0
1350886,0
1350902,0
1350914,0
1350963,0
1350990,0
1351007,0
1351071,0
1351091,0
1351099,0
1351131,1
1351171,0
1351183,0
1351274,0
1351319,0
1351389,0
1351493,0
1351507,0
1351510,0
1351531,0
1351611,0
1351653,0
1351665,0
1351682,0
1351690,0
1351832,0
1351890,0
1351959,0
1351998,0
1352003,0
1352035,0
1352085,0
1352104,0
1352190,0
1352232,0
1352250,0
1352286,0
1352322,0
1352329,0
1352335,0
1352338,0
1352441,0
1352514,0
1352536,0
1352601,1
1352613,0
1352631,0
1352652,0
1352698,0
1352721,0
1352751,0
1352804,0
1352816,0
1352823,0
1352827,0
1352857,0
1352905,0
1352921,0
1353007,0
1353069,0
1353106,0
1353133,0
1353300,0
1353373,0
1353421,0
1353427,0
1353436,0
1353555,0
1353656,0
1353737,0
1353760,0
1353796,0
1353830,0
1353919,0
1353922,0
1353986,0
1354053,0
1354111,0
1354157,0
1354172,0
1354180,0
1354192,0
1354256,0
1354293,0
1354463,0
1354470,0
1354507,0
1354570,0
1354638,0
1354752,0
1354759,0
1354871,0
1354879,0
1354881,1
1354902,0
1354942,0
1355006,0
1355058,0
1355061,0
1355097,0
1355166,0
1355217,0
1355241,0
1355288,0
1355351,0
1355364,0
1355399,0
1355522,0
1355526,0
1355542,0
1355558,0
1355603,0
1355668,0
1355672,0
1355679,0
1355727,0
1355847,0
1355921,0
1355981,0
1356030,0
1356101,0
1356208,0
1356213,0
1356267,0
1356269,0
1356286,0
1356287,0
1356359,0
1356385,0
1356409,0
1356503,0
1356525,0
1356639,0
1356683,0
1356736,0
1356805,0
1356835,0
1356906,0
1356931,0
1357048,0
1357054,0
1357091,0
1357208,0
1357217,0
1357232,0
1357266,0
1357353,0
1357403,0
1357405,0
1357453,0
1357458,0
1357483,0
1357493,0
1357495,0
1357546,0
1357561,0
1357596,0
1357611,0
1357625,0
1357642,0
1357650,0
1357703,0
1357708,0
1357724,0
1357814,0
1357884,0
1357927,0
1357953,0
1357986,0
1358003,0
1358014,0
1358045,0
1358075,1
1358096,0
1358111,0
1358175,0
1358280,0
1358396,0
1358401,0
1358403,0
1358425,0
1358462,0
1358463,0
1358464,0
1358477,0
1358519,0
1358557,0
1358563,0
1358677,0
1358702,0
1358766,0
1358774,0
1358877,0
1358940,0
1358992,0
1359021,0
1359138,0
1359186,0
1359220,0
1359365,0
1359397,0
1359411,0
1359437,0
1359479,0
1359530,0
1359541,0
1359561,0
1359637,0
1359756,0
1359819,0
1359832,0
1359920,0
1359939,1
1359950,0
1359974,0
1360019,0
1360083,0
1360113,0
1360116,0
1360198,0
1360215,0
1360220,0
1360339,0
1360446,0
1360476,0
1360481,0
1360563,0
1360578,0
1360708,0
1360745,0
1360876,0
1360904,0
1360907,0
1360910,0
1360916,0
1360934,0
1360945,0
1360973,0
1361005,0
1361012,0
1361061,0
1361215,0
1361259,0
1361265,0
1361279,0
1361325,0
1361361,0
1361386,0
1361409,0
1361493,0
1361506,0
1361514,0
1361539,0
1361636,0
1361644,0
1361652,0
1361724,0
1361771,0
1361818,0
1361874,0
1361887,0
1361903,0
1361942,0
1361951,0
1362020,0
1362027,0
1362152,0
1362184,0
1362230,0
1362238,0
1362285,0
1362298,0
1362318,0
1362328,0
1362364,0
1362387,0
1362421,0
1362441,0
1362451,0
1362464,0
1362544,0
1362562,0
1362685,0
1362705,0
1362715,0
1362739,0
1362766,0
1362768,0
1362784,0
1362817,0
1362861,0
1362882,0
1362897,0
1362955,0
1362989,0
1363008,0
1363042,0
1363051,0
1363108,0
1363266,0
1363377,0
1363432,0
1363547,0
1363632,0
1363696,0
1363742,0
1363806,0
1363849,0
1363945,0
1363986,0
1364123,0
1364129,0
1364155,0
1364192,0
1364199,0
1364228,0
1364238,0
1364289,0
1364295,0
1364296,0
1364378,0
1364441,0
1364465,0
1364593,0
1364603,0
1364652,0
1364916,0
1364928,0
1364992,0
1365001,0
1365019,0
1365067,0
1365136,0
1365169,0
1365207,0
1365257,0
1365282,0
1365284,0
1365307,0
1365329,1
1365381,0
1365399,0
1365441,0
1365451,0
1365554,0
1365578,0
1365659,0
1365693,0
1365694,0
1365773,0
1365836,0
1365861,0
1365898,0
1365919,0
1365946,0
1365947,0
1365972,0
1366053,0
1366062,0
1366065,0
1366089,0
1366120,0
1366148,0
1366216,0
1366232,0
1366267,0
1366301,0
1366345,1
1366425,0
1366432,0
1366493,0
1366558,0
1366812,0
1366865,0
1366901,1
1366924,0
1367096,0
1367254,0
1367266,0
1367285,0
1367323,0
1367345,0
1367412,0
1367534,0
1367643,0
1367677,0
1367702,0
1367743,0
1367821,0
1367836,0
1367881,0
1367981,0
1367988,0
1368070,0
1368369,0
1368395,0
1368409,0
1368427,0
1368510,0
1368619,0
1368685,0
1368818,0
1368938,0
1369021,0
1369065,0
1369105,0
1369218,0
1369374,0
1369514,0
1369582,0
1369621,0
1369674,0
1369771,0
1369777,0
1369803,0
1369841,0
1369857,0
1369872,0
1369891,0
1369923,0
1369924,0
1370016,0
1370050,0
1370052,0
1370063,0
1370158,0
1370230,0
1370277,0
1370279,0
1370299,0
1370308,0
1370348,0
1370576,0
1370712,0
1370723,0
1370763,0
1370872,0
1370874,0
1371018,0
1371179,0
1371249,0
1371306,0
1371422,0
1371458,0
1371568,0
1371590,0
1371597,0
1371631,0
1371742,0
1371901,0
1371931,0
1372106,0
1372111,0
1372193,0
1372235,1
1372245,0
1372274,0
1372281,0
1372365,0
1372802,0
1372891,0
1372892,0
1372900,0
1373048,0
1373115,0
1373185,0
1373284,0
1373329,0
1373347,0
1373381,0
1373441,0
1373496,0
1373526,0
1373585,0
1373721,0
1373722,0
1373753,0
1373931,0
1373950,0
1373958,0
1374061,0
1374115,0
1374120,0
1374216,1
1374242,0
1374279,0
1374307,0
1374438,0
1374452,1
1374572,0
1374626,0
1374865,1
1374884,0
1374967,0
1374994,0
1375013,0
1375034,0
1375078,0
1375190,0
1375263,1
1375368,0
1375464,0
1375570,0
1375590,0
1375658,0
1375842,0
1376025,0
1376081,0
1376228,0
1376233,0
1376251,0
1376259,0
1376265,0
1376401,0
1376411,0
1376445,0
1376544,0
1376563,0
1376566,0
1376759,0
1376801,0
1376802,0
1376810,0
1376820,0
1376943,0
1376954,0
1377409,0
1377560,0
1377561,0
1377634,0
1377707,0
1377745,0
1377776,0
1377813,0
1377816,0
1377822,0
1377867,0
1377931,0
1377961,0
1378064,0
1378294,0
1378320,0
1378350,0
1378354,0
1378373,0
1378376,0
1378389,0
1378390,0
1378531,0
1378565,0
1378573,0
1378616,0
1378682,0
1378795,0
1378912,0
1379116,0
1379238,0
1379253,0
1379277,0
1379315,0
1379437,0
1379442,0
1379447,0
1379557,0
1379586,1
1379603,0
1379665,0
1379669,0
1379701,0
1379797,0
1380084,0
1380438,0
1380461,0
1380601,0
1380629,0
1380752,0
1380821,0
1380953,0
1381176,0
1381190,0
1381276,0
1381434,0
1381477,0
1381715,0
1381773,0
1381864,0
1382006,0
1382007,0
1382033,0
1382194,0
1382203,0
1382284,0
1382292,0
1382367,0
1382369,0
1382546,0
1382566,0
1382619,0
1382657,0
1382754,0
1382790,0
1382951,0
1383084,0
1383117,0
1383228,0
1383311,0
1383407,0
1383484,0
1383514,0
1383601,0
1383651,0
1383755,0
1383811,0
1383831,0
1383851,0
1383935,0
1383956,0
1384065,0
1384096,0
1384308,0
1384334,0
1384363,0
1384842,0
1384962,0
1384968,0
1385214,0
1385237,0
1385259,0
1385395,0
1385397,0
1385415,0
1385493,0
1385553,0
1385653,0
1385720,0
1385803,0
1385821,0
1385889,0
1385992,0
1386035,0
1386115,0
1386128,0
1386248,0
1386257,0
1386320,0
1386325,0
1386373,0
1386418,0
1386538,0
1386539,0
1386575,0
1386627,0
1386631,0
1386700,0
1386810,0
1386874,0
1386950,0
1386995,0
1387044,0
1387071,0
1387111,0
1387115,0
1387243,0
1387333,0
1387407,0
1387591,0
1387636,0
1387748,0
1387757,0
1387789,0
1387970,0
1387975,0
1388118,0
1388185,0
1388381,0
1388419,0
1388427,0
1388428,0
1388430,0
1388432,0
1388471,0
1388736,0
1388814,0
1388936,0
1389095,0
1389098,0
1389193,0
1389206,0
1389360,0
1389433,0
1389652,0
1389758,0
1389877,0
1389885,0
1390089,0
1390094,0
1390101,0
1390139,0
1390145,0
1390177,0
1390228,0
1390313,0
1390449,0
1390582,0
1390663,0
1390744,0
1390824,0
1390839,0
1390847,0
1390872,0
1390911,0
1390919,0
1391026,0
1391054,0
1391290,0
1391306,0
1391440,0
1391441,0
1391525,0
1391611,0
1391626,0
1391634,0
1391654,0
1391694,0
1391695,0
1391714,0
1391726,0
1391749,0
1392177,0
1392285,0
1392395,0
1392586,0
1392691,0
1392711,0
1392903,0
1393147,0
1393225,0
1393273,0
1393356,0
1393396,0
1393575,0
1393672,0
1393737,0
1393938,0
1393959,0
1394083,0
1394131,0
1394203,0
1394210,0
1394249,0
1394368,0
1394390,0
1394461,0
1394482,0
1394542,0
1394590,0
1394694,0
1394747,0
1394850,0
1394857,0
1394939,0
1394957,0
1395002,0
1395091,0
1395104,0
1395113,0
1395133,0
1395222,0
1395301,0
1395318,1
1395321,0
1395664,0
1395734,0
1395818,1
1395875,0
1395886,0
1396001,0
1396202,0
1396206,0
1396262,0
1396327,0
1396346,0
1396451,0
1396465,0
1396506,0
1396523,0
1396563,0
1396602,1
1396645,0
1396664,0
1396743,0
1396817,0
1396881,0
1396946,0
1396964,0
1397065,0
1397174,0
1397325,0
1397373,0
1397381,0
1397462,0
1397498,0
1397629,0
1397672,0
1397725,0
1397773,0
1397859,0
1397860,0
1397966,0
1398233,0
1398271,0
1398284,0
1398293,0
1398356,0
1398375,0
1398454,0
1398757,0
1399006,0
1399142,0
1399232,0
1399282,0
1399367,0
1399467,0
1399477,1
1399652,0
1399683,0
1399696,0
1399700,0
1399742,0
1399768,0
1399821,0
1399828,0
1399829,0
1400153,0
1400217,0
1400226,0
1400274,0
1400360,0
1400522,0
1400556,1
1400603,0
1400677,1
1400702,0
1400862,0
1400919,0
1401029,0
1401031,0
1401407,0
1401495,0
1401512,0
1401728,0
1401839,0
1401882,0
1401901,0
1401905,0
1401943,0
1401981,0
1402286,0
1402349,0
1402357,0
1402409,0
1402503,0
1402585,0
1402657,0
1402768,0
1402780,0
1402809,0
1402880,0
1402995,0
1403076,0
1403201,0
1403223,0
1403253,0
1403366,0
1403378,0
1403732,0
1403775,0
1403845,0
1403904,0
1403980,0
1404049,0
1404104,0
1404326,0
1404336,0
1404346,0
1404438,0
1404440,0
1404502,0
1404514,0
1404598,0
1404605,0
1404638,0
1404648,0
1404671,0
1404687,0
1404911,0
1404916,0
1404936,0
1405055,0
1405150,0
1405430,0
1405753,0
1405772,0
1405989,0
1406170,0
1406229,0
1406238,0
1406341,0
1406382,0
1406466,0
1406482,0
1406747,0
1406902,0
1406913,0
1407187,0
1407278,0
1407313,0
1407374,0
1407392,0
1407400,0
1407430,0
1407473,0
1407513,0
1407518,0
1407567,0
1407691,0
1407711,0
1407761,0
1407805,0
1407864,0
1407871,0
1407895,0
1407900,1
1407912,0
1408037,0
1408125,0
1408128,0
1408143,0
1408186,0
1408201,0
1408215,0
1408264,0
1408334,0
1408344,0
1408349,0
1408470,0
1408487,0
1408521,0
1408662,0
1408686,0
1408695,0
1408719,0
1408799,0
1408825,0
1408871,0
1408882,0
1408940,0
1408974,0
1408975,0
1408995,0
1409018,0
1409032,0
1409062,0
1409070,0
1409073,0
1409083,0
1409104,0
1409123,0
1409128,0
1409182,0
1409234,0
1409254,0
1409260,0
1409282,0
1409283,0
1409371,0
1409426,0
1409472,0
1409523,0
1409536,0
1409705,0
1409715,0
1409744,0
1409853,0
1409898,0
1409968,0
1409986,0
1410129,0
1410148,0
1410199,0
1410224,0
1410229,0
1410365,0
1410378,0
1410385,0
1410429,0
1410442,0
1410489,0
1410522,0
1410569,0
1410657,0
1410686,0
1410703,0
1410737,0
1410773,0
1410792,0
1410953,0
1411092,0
1411104,0
1411167,0
1411267,0
1411278,0
1411281,0
1411314,0
1411342,0
1411463,0
1411544,0
1411624,0
1411665,0
1411682,0
1411757,0
1411903,0
1411973,0
1411978,0
1411981,0
1412000,0
1412030,0
1412185,0
1412238,0
1412239,0
1412248,0
1412416,0
1412486,0
1412502,0
1412507,0
1412526,0
1412546,0
1412565,0
1412614,0
1412643,0
1412653,0
1412730,0
1412776,0
1412808,0
1412859,0
1412900,0
1412975,0
1413086,0
1413095,0
1413110,0
1413152,0
1413154,0
1413159,0
1413196,0
1413238,0
1413277,0
1413351,0
1413374,0
1413463,0
1413588,0
1413612,0
1413748,1
1413803,0
1413851,0
1413913,0
1413918,0
1413963,0
1413991,0
1414012,0
1414015,0
1414017,0
1414185,0
1414206,0
1414285,0
1414287,0
1414292,0
1414301,0
1414326,0
1414327,0
1414432,0
1414579,0
1414639,0
1414717,0
1414761,0
1414764,0
1414788,0
1414796,0
1414865,0
1414873,0
1414971,0
1414990,0
1415043,0
1415059,0
1415070,0
1415198,0
1415369,0
1415592,0
1415648,0
1415795,0
1415807,0
1415820,0
1415833,0
1415932,0
1415981,0
1415998,0
1416126,0
1416215,0
1416220,0
1416224,0
1416233,0
1416245,0
1416273,0
1416290,0
1416319,0
1416345,0
1416364,0
1416399,0
1416411,0
1416414,0
1416459,0
1416554,1
1416615,0
1416692,0
1416702,0
1416727,0
1416746,0
1416761,0
1416852,0
1416861,0
1417086,0
1417219,0
1417236,0
1417465,0
1417470,0
1417479,0
1417492,0
1417499,0
1417512,0
1417537,0
1417539,0
1417655,0
1417705,0
1417737,0
1417788,0
1417992,0
1418005,0
1418097,0
1418163,0
1418219,0
1418221,1
1418229,0
1418257,0
1418270,0
1418321,0
1418347,0
1418429,0
1418453,0
1418528,0
1418539,0
1418547,0
1418570,0
1418662,0
1418697,0
1418723,0
1418751,0
1418929,0
1418965,0
1419006,0
1419063,0
1419152,0
1419153,0
1419248,0
1419251,0
1419286,0
1419316,0
1419462,0
1419529,0
1419555,0
1419563,0
1419592,0
1419620,0
1419646,0
1419653,0
1419676,0
1419692,0
1419699,0
1419720,0
1419721,0
1419753,0
1419768,0
1419849,0
1419939,0
1419949,0
1420003,0
1420080,0
1420204,0
1420257,0
1420307,0
1420336,0
1420353,0
1420436,0
1420474,0
1420540,0
1420561,0
1420595,0
1420597,0
1420791,1
1420804,0
1420814,0
1420863,1
1420883,0
1420917,0
1420930,0
1420947,0
1420987,0
1421079,0
1421158,0
1421314,0
1421338,0
1421346,0
1421368,0
1421429,0
1421438,0
1421472,0
1421604,0
1421680,0
1421698,0
1421702,0
1421849,0
1421914,0
1422087,0
1422126,0
1422176,0
1422203,0
1422224,0
1422238,0
1422274,0
1422295,0
1422322,0
1422326,0
1422377,0
1422626,0
1422753,0
1422762,0
1422763,0
1422790,0
1422797,0
1422802,0
1422845,0
1422950,0
1423126,0
1423243,0
1423252,0
1423290,0
1423325,0
1423490,0
1423541,0
1423587,0
1423634,0
1423666,0
1423705,0
1423706,0
1423758,0
1423778,0
1423791,0
1423915,0
1423927,0
1423932,0
1423960,0
1424005,0
1424089,0
1424100,0
1424113,0
1424153,0
1424256,0
1424319,0
1424419,0
1424439,0
1424497,1
1424536,0
1424550,0
1424594,0
1424617,0
1424692,0
1424762,0
1424780,0
1424788,0
1424837,0
1424963,0
1425127,0
1425139,0
1425142,0
1425234,0
1425260,0
1425300,0
1425448,0
1425458,0
1425482,0
1425488,0
1425534,0
1425651,0
1425708,0
1425744,0
1425782,0
1425785,0
1425812,0
1425824,0
1425834,0
1425916,0
1425928,0
1426013,0
1426034,0
1426066,0
1426084,0
1426129,0
1426324,0
1426384,0
1426415,0
1426421,0
1426506,0
1426508,0
1426561,0
1426627,0
1426652,0
1426677,0
1426714,0
1426822,0
1426839,0
1426857,0
1426874,0
1426941,0
1426942,0
1426990,0
1426993,0
1427048,0
1427231,0
1427262,0
1427338,0
1427358,1
1427369,0
1427511,0
1427521,1
1427558,0
1427612,0
1427620,0
1427727,0
1427763,0
1427780,0
1427831,0
1427918,0
1428167,0
1428206,0
1428332,0
1428410,0
1428422,0
1428480,0
1428487,0
1428606,0
1428621,0
1428628,0
1428634,0
1428641,0
1428673,0
1428676,0
1428685,0
1428719,0
1428790,0
1428802,0
1428845,0
1428852,0
1429021,0
1429104,0
1429193,0
1429292,0
1429297,0
1429386,0
1429405,0
1429411,0
1429450,0
1429485,0
1429529,0
1429585,0
1429682,0
1429696,0
1429700,0
1429780,0
1429806,0
1429813,0
1429867,0
1429880,0
1429911,0
1429954,0
1430032,0
1430063,0
1430097,0
1430129,0
1430146,0
1430267,0
1430288,0
1430293,0
1430355,0
1430588,0
1430653,0
1430694,0
1430749,0
1430888,0
1431027,0
1431160,0
1431175,0
1431215,0
1431271,0
1431298,0
1431328,0
1431442,0
1431480,0
1431493,0
1431521,0
1431526,0
1431571,0
1431577,0
1431602,0
1431683,0
1431720,0
1431785,0
1431863,0
1431872,0
1431915,0
1432006,0
1432034,0
1432072,0
1432105,0
1432227,0
1432258,0
1432276,0
1432343,0
1432435,0
1432447,0
1432485,0
1432488,0
1432491,0
1432578,0
1432624,0
1432691,0
1432752,0
1432762,0
1432884,0
1432928,0
1432936,0
1433140,0
1433204,0
1433247,0
1433289,0
1433300,0
1433323,0
1433424,0
1433434,0
1433436,0
1433463,0
1433601,0
1433623,0
1433644,1
1433661,0
1433675,0
1433695,0
1433761,0
1433776,0
1433815,0
1433852,0
1433886,0
1433981,0
1434004,0
1434008,0
1434081,0
1434234,0
1434281,1
1434339,0
1434367,0
1434379,0
1434388,0
1434407,0
1434464,0
1434505,0
1434523,0
1434544,0
1434602,0
1434611,0
1434621,0
1434661,0
1434674,0
1434728,0
1434774,0
1434784,0
1434792,0
1434812,0
1434852,0
1434904,0
1434936,0
1434979,0
1435103,0
1435143,0
1435186,0
1435233,0
1435238,0
1435269,0
1435350,0
1435437,0
1435538,0
1435662,0
1435724,0
1435726,0
1435776,0
1435827,0
1435831,0
1435850,0
1435866,0
1435891,1
1435962,0
1436025,0
1436213,0
1436376,0
1436485,0
1436495,0
1436496,0
1436509,0
1436557,0
1436678,0
1436787,0
1436921,0
1436975,1
1436976,0
1436978,0
1436991,0
1437042,0
1437097,0
1437099,0
1437177,0
1437234,0
1437261,0
1437336,0
1437362,0
1437483,0
1437604,0
1437700,0
1437764,0
1437796,0
1437816,0
1437841,0
1438092,0
1438137,0
1438164,0
1438315,0
1438330,0
1438332,0
1438427,0
1438538,0
1438573,0
1438602,0
1438657,0
1438720,0
1438755,0
1438809,0
1438853,0
1438867,0
1439019,0
1439035,1
1439069,0
1439080,0
1439119,0
1439127,0
1439135,0
1439228,0
1439487,0
1439542,0
1439590,0
1439632,0
1439702,0
1439716,0
1439797,0
1439854,0
1439875,0
1439956,0
1439980,0
1440061,0
1440092,0
1440150,0
1440321,0
1440332,0
1440366,0
1440402,0
1440475,0
1440540,0
1440602,0
1440617,0
1440675,0
1440783,0
1440902,0
1440956,0
1440987,0
1440996,0
1441136,0
1441198,0
1441252,0
1441257,0
1441320,0
1441459,0
1441576,0
1441585,0
1441634,0
1441796,0
1441890,0
1441986,0
1441994,0
1442044,0
1442099,0
1442149,0
1442191,0
1442194,0
1442196,0
1442328,0
1442405,0
1442407,0
1442439,0
1442491,0
1442604,0
1442649,0
1442701,0
1442729,0
1442740,0
1442890,0
1442906,0
1442916,0
1442933,0
1443008,0
1443077,0
1443112,0
1443260,0
1443262,0
1443270,0
1443320,0
1443488,0
1443497,0
1443548,0
1443552,0
1443560,0
1443579,0
1443583,0
1443678,0
1443727,0
1443834,0
1443884,0
1443939,0
1443958,0
1443985,0
1444145,0
1444166,0
1444192,0
1444215,0
1444348,0
1444392,0
1444409,0
1444437,0
1444460,0
1444508,0
1444540,0
1444556,0
1444587,0
1444642,0
1444743,0
1444754,0
1444826,0
1444845,0
1444920,0
1444938,0
1444993,0
1445157,0
1445239,0
1445321,0
1445415,0
1445416,0
1445469,0
1445574,0
1445583,0
1445591,0
1445663,0
1445695,0
1445856,0
1445877,0
1445919,0
1445947,0
1446002,1
1446024,0
1446054,0
1446147,0
1446157,0
1446196,0
1446216,0
1446241,0
1446294,0
1446319,0
1446354,0
1446418,0
1446534,0
1446593,0
1446778,1
1446902,0
1446942,0
1447016,0
1447243,0
1447335,0
1447374,0
1447429,0
1447737,0
1447784,0
1447815,0
1447877,0
1447892,0
1447895,0
1447980,0
1448002,0
1448061,0
1448228,0
1448242,0
1448265,0
1448281,0
1448290,0
1448344,0
1448374,0
1448421,0
1448443,0
1448686,0
1448689,0
1448728,0
1448780,0
1448857,0
1448960,0
1449032,0
1449171,1
1449200,0
1449216,0
1449223,0
1449246,0
1449295,0
1449331,0
1449380,0
1449482,0
1449500,0
1449550,0
1449597,0
1449628,0
1449759,0
1449855,0
1449865,0
1449956,0
1449968,0
1449969,0
1449984,0
1450008,0
1450022,0
1450075,0
1450147,1
1450167,0
1450209,0
1450224,0
1450258,0
1450403,0
1450465,0
1450488,0
1450605,0
1450642,0
1450668,0
1450674,0
1450675,1
1450774,0
1450790,0
1450840,1
1450911,0
1450943,0
1451087,0
1451140,0
1451193,0
1451199,0
1451254,0
1451315,0
1451362,0
1451418,0
1451423,0
1451455,0
1451508,0
1451589,0
1451594,0
1451608,0
1451610,0
1451869,0
1451946,0
1452017,0
1452044,0
1452073,0
1452099,0
1452116,0
1452121,0
1452250,0
1452275,0
1452354,0
1452456,0
1452545,0
1452678,0
1452714,0
1452828,0
1452897,0
1452917,0
1452934,0
1452981,0
1452991,0
1453060,0
1453069,0
1453073,0
1453079,0
1453141,0
1453180,0
1453213,0
1453303,0
1453799,0
1453839,0
1453899,0
1453919,0
1453996,0
1454125,0
1454160,0
1454224,0
1454291,1
1454306,0
1454314,0
1454336,0
1454393,0
1454661,0
1454756,0
1454831,0
1454843,0
1454998,0
1455057,0
1455154,0
1455191,0
1455322,0
1455413,0
1455434,0
1455528,0
1455561,0
1455562,0
1455608,0
1455680,0
1455710,0
1455715,0
1455816,0
1455824,0
1455844,0
1455866,0
1455965,0
1456232,0
1456278,1
1456316,0
1456319,0
1456322,0
1456347,0
1456398,0
1456484,0
1456524,0
1456595,0
1456694,0
1456710,0
1456911,0
1456965,0
1457028,0
1457156,0
1457178,0
1457193,0
1457197,0
1457200,0
1457218,0
1457224,0
1457239,0
1457377,1
1457380,0
1457387,0
1457420,0
1457444,0
1457470,0
1457473,0
1457536,0
1457630,0
1457636,0
1457737,0
1457860,0
1458207,0
1458221,0
1458357,0
1458370,0
1458373,0
1458452,0
1458502,0
1458504,0
1458508,0
1458547,0
1458551,0
1458591,0
1458684,0
1458722,0
1458733,0
1458926,0
1458959,0
1458982,0
1458986,0
1459020,0
1459037,0
1459087,0
1459192,0
1459221,0
1459302,0
1459314,0
1459329,0
1459500,0
1459533,0
1459660,0
1459681,0
1459721,0
1459727,0
1459770,0
1459876,0
1460285,0
1460378,0
1460400,0
1460421,0
1460550,0
1460688,0
1460715,0
1460748,0
1460794,0
1460880,0
1460919,0
1460958,0
1461024,0
1461053,0
1461054,0
1461057,0
1461267,0
1461380,0
1461385,0
1461438,0
1461505,0
1461564,0
1461607,0
1461640,0
1461652,0
1461654,0
1461670,0
1461724,0
1462028,0
1462115,0
1462144,0
1462312,0
1462341,0
1462367,0
1462413,0
1462465,0
1462526,0
1462568,0
1462752,0
1462901,0
1462902,0
1463002,0
1463077,0
1463090,0
1463163,0
1463168,0
1463178,0
1463280,0
1463307,0
1463328,0
1463500,0
1463569,0
1463610,0
1463653,0
1463663,0
1463668,0
1463921,0
1463939,0
1464025,0
1464059,0
1464327,0
1464419,0
1464439,0
1464565,0
1464661,0
1464697,0
1464766,0
1464837,0
1464853,0
1464928,0
1464949,0
1465038,0
1465045,0
1465102,0
1465204,0
1465249,0
1465272,0
1465373,0
1465403,0
1465457,0
1465475,0
1465503,0
1465584,0
1465651,0
1465748,0
1465850,0
1465890,0
1465905,0
1466071,0
1466183,0
1466185,0
1466191,0
1466270,0
1466478,0
1466758,0
1466768,0
1466772,0
1466808,0
1466841,0
1466843,0
1466913,0
1466981,0
1467023,0
1467113,0
1467368,0
1467527,0
1467582,0
1467601,0
1467689,0
1467744,0
1467765,0
1467791,0
1467894,0
1467904,0
1467907,0
1467981,0
1468024,0
1468061,0
1468143,0
1468314,0
1468499,0
1468530,0
1468613,0
1468867,0
1469047,0
1469173,0
1469304,0
1469403,0
1469429,0
1469562,0
1469646,0
1469715,0
1469732,0
1469799,0
1469837,0
1469851,0
1469864,0
1469865,0
1469892,0
1470099,0
1470148,0
1470165,0
1470217,0
1470288,0
1470448,0
1470471,0
1470490,0
1470624,0
1470728,0
1470729,0
1470731,0
1470880,0
1470921,0
1470932,0
1471131,0
1471141,0
1471254,0
1471420,0
1471615,0
1471634,0
1471641,0
1471654,0
1471827,0
1471925,0
1471932,0
1471997,0
1472080,0
1472130,0
1472243,0
1472315,0
1472363,0
1472393,0
1472481,0
1472513,0
1472542,0
1472596,0
1472624,0
1472817,0
1472855,0
1472976,0
1472977,0
1473019,0
1473079,0
1473080,0
1473081,0
1473257,0
1473296,0
1473344,0
1473347,0
1473363,0
1473470,0
1473476,0
1473536,0
1473558,0
1473572,0
1473651,0
1473795,0
1473972,0
1474091,0
1474245,0
1474287,0
1474433,0
1474474,0
1474546,0
1474579,0
1474702,0
1474751,0
1474786,0
1474799,0
1474808,0
1474857,0
1474914,0
1475029,0
1475133,0
1475178,0
1475289,0
1475359,0
1475368,0
1475469,0
1475579,0
1475641,0
1475653,0
1475663,0
1475672,0
1475703,0
1475704,0
1475746,0
1475830,0
1475926,0
1475939,0
1475998,0
1476017,0
1476063,0
1476101,0
1476146,0
1476152,0
1476188,0
1476269,0
1476320,0
1476327,0
1476364,0
1476366,0
1476717,0
1476846,0
1477036,0
1477045,0
1477089,0
1477106,0
1477121,0
1477259,0
1477279,0
1477391,0
1477540,0
1477631,0
1477696,0
1477704,0
1477854,0
1477896,0
1477945,0
1477991,0
1478145,0
1478164,0
1478232,0
1478261,0
1478393,0
1478477,0
1478535,0
1478767,0
1478839,1
1478906,0
1479020,0
1479067,0
1479146,0
1479179,0
1479248,0
1479383,0
1479386,0
1479446,0
1479457,0
1479558,0
1479572,0
1479587,0
1479616,0
1479627,0
1479724,0
1479858,0
1479904,0
1479965,0
1479970,0
1480115,0
1480230,0
1480364,0
1480373,0
1480412,0
1480474,0
1480552,0
1480703,0
1480716,0
1481009,0
1481029,0
1481045,0
1481053,0
1481113,0
1481143,0
1481247,0
1481265,0
1481340,0
1481466,0
1481468,0
1481536,1
1481545,0
1481645,0
1481663,0
1481704,0
1481896,0
1481933,0
1481992,0
1482082,0
1482088,0
1482252,0
1482275,0
1482345,0
1482879,0
1482906,0
1482937,0
1482974,0
1482990,0
1483043,0
1483095,0
1483145,0
1483165,0
1483325,0
1483339,0
1483471,0
1483525,0
1483603,0
1483609,0
1483799,0
1483804,0
1483865,0
1483945,0
1484039,0
1484215,0
1484265,0
1484276,0
1484283,1
1484344,0
1484357,0
1484425,0
1484447,0
1484460,0
1484503,0
1484549,0
1484614,0
1484666,0
1484682,0
1484804,0
1484829,0
1484849,0
1484852,0
1484892,0
1484985,0
1485053,0
1485088,0
1485147,0
1485178,0
1485189,0
1485219,0
1485342,0
1485470,0
1485487,0
1485552,0
1485564,0
1485625,0
1485644,0
1485645,0
1485695,0
1485906,1
1485959,0
1486162,0
1486235,0
1486586,0
1486671,0
1486683,0
1486695,0
1486720,0
1486776,0
1486960,0
1487130,0
1487155,0
1487198,0
1487251,0
1487354,0
1487481,0
1487516,0
1487596,0
1487606,0
1487692,0
1487754,0
1487758,0
1487905,0
1487985,0
1488007,0
1488044,0
1488247,0
1488353,0
1488410,0
1488579,0
1488729,0
1488753,0
1488763,0
1488987,0
1489146,0
1489258,0
1489298,0
1489354,0
1489366,0
1489417,0
1489418,0
1489465,0
1489519,0
1489612,0
1489740,0
1489806,0
1489820,0
1489848,0
1489875,0
1489922,0
1490068,0
1490089,0
1490101,0
1490110,0
1490132,0
1490149,0
1490329,0
1490534,0
1490559,0
1490614,0
1490636,0
1490688,0
1490751,0
1490752,0
1490817,0
1491077,0
1491147,0
1491211,0
1491214,0
1491384,0
1491414,0
1491437,0
1491502,0
1491505,0
1491515,0
1491550,0
1491866,0
1491929,0
1491943,0
1491972,0
1491994,0
1492000,0
1492012,0
1492016,0
1492039,0
1492117,0
1492166,0
1492439,0
1492488,0
1492498,0
1492715,0
1492742,0
1492916,0
1492958,0
1493187,0
1493192,0
1493209,0
1493315,0
1493323,0
1493481,0
1493557,0
1493646,0
1493699,0
1493858,0
1493938,0
1493986,0
1494026,0
1494039,0
1494107,0
1494153,0
1494173,0
1494198,0
1494212,0
1494235,0
1494265,0
1494298,0
1494324,0
1494332,0
1494387,0
1494430,0
1494444,0
1494529,1
1494593,0
1494597,0
1494743,0
1494868,0
1494891,0
1494931,0
1495060,0
1495106,0
1495191,0
1495271,0
1495315,0
1495329,0
1495415,1
1495521,0
1495541,0
1495629,0
1495744,0
1495816,0
1495823,0
1495895,0
1496133,0
1496184,0
1496237,0
1496317,0
1496318,0
1496372,0
1496435,0
1496446,0
1496470,0
1496520,0
1496855,0
1496907,0
1496922,0
1497011,0
1497065,0
1497158,0
1497169,0
1497259,0
1497282,0
1497300,0
1497719,0
1497762,0
1497895,0
1498169,0
1498240,0
1498253,0
1498303,0
1498344,0
1498425,0
1498460,0
1498470,0
1498565,0
1498619,0
1498629,0
1498750,0
1498913,0
1499231,0
1499455,0
1499498,0
1499521,0
1499600,0
1499611,0
1499740,0
1499800,0
1499816,0
1499883,0
1499941,0
1499943,0
1500092,0
1500252,0
1500333,0
1500360,0
1500412,0
1500553,0
1500812,0
1500842,0
1501061,0
1501092,0
1501094,0
1501131,0
1501416,0
1501463,0
1501542,0
1501550,0
1501846,0
1502015,0
1502050,0
1502101,0
1502203,0
1502207,0
1502575,0
1502659,0
1502710,0
1502713,0
1502802,0
1502850,0
1502886,1
1502906,0
1503033,0
1503194,0
1503207,0
1503372,0
1503401,0
1503435,0
1503514,0
1503704,0
1503739,0
1503766,0
1503805,0
1503893,0
1503993,0
1504035,0
1504392,0
1504469,0
1504540,0
1504558,0
1504598,0
1504649,0
1504759,0
1504820,0
1504863,0
1504867,0
1504935,0
1505003,0
1505096,0
1505104,0
1505150,0
1505156,0
1505191,0
1505211,0
1505244,0
1505328,0
1505381,0
1505396,0
1505491,0
1505687,0
1505804,0
1505861,0
1505919,0
1505994,0
1506085,0
1506269,0
1506293,0
1506336,0
1506495,0
1506519,0
1506546,0
1506551,0
1506814,0
1506866,0
1506951,0
1507053,0
1507263,0
1507493,0
1507578,1
1507712,0
1507762,0
1507795,0
1507798,0
1508008,0
1508036,0
1508094,0
1508318,0
1508476,0
1508501,0
1508556,0
1508588,0
1508633,0
1508671,0
1508709,0
1508730,0
1509089,0
1509139,0
1509334,0
1509398,0
1509406,0
1509493,0
1509513,0
1509547,0
1509725,0
1509759,0
1509761,0
1509779,0
1509887,0
1509898,0
1509958,0
1510150,0
1510154,0
1510209,0
1510334,0
1510358,0
1510456,0
1510543,0
1510567,0
1510631,0
1510646,0
1510668,0
1510775,0
1510788,0
1510902,0
1510917,0
1510985,0
1510991,0
1511001,0
1511005,0
1511017,0
1511230,0
1511246,0
1511250,0
1511674,0
1511727,0
1511733,0
1511845,0
1511870,0
1511898,0
1511913,0
1511917,0
1512008,0
1512012,0
1512024,0
1512038,0
1512048,0
1512055,0
1512119,0
1512147,0
1512227,0
1512592,0
1512716,0
1512747,0
1512756,0
1512908,0
1512930,0
1513213,0
1513235,0
1513365,1
1513396,0
1513413,0
1513539,0
1513542,0
1513668,0
1513736,0
1513876,0
1513925,0
1514006,0
1514043,0
1514102,0
1514207,0
1514239,0
1514375,0
1514441,0
1514450,0
1514514,0
1514526,0
1514728,0
1514749,0
1514788,0
1514878,0
1514967,0
1514975,0
1515012,0
1515132,0
1515170,0
1515234,0
1515292,0
1515487,0
1515508,0
1515784,0
1515798,0
1515835,0
1515948,0
1515966,0
1516075,0
1516222,0
1516230,0
1516273,0
1516332,0
1516586,0
1516594,0
1516761,0
1516901,0
1516945,0
1516968,0
1516980,0
1517003,0
1517101,0
1517150,0
1517174,0
1517328,0
1517419,0
1517499,0
1517541,0
1517764,0
1517797,0
1517929,0
1518056,0
1518100,0
1518127,0
1518595,0
1518607,0
1518684,0
1518941,0
1519013,0
1519042,0
1519085,0
1519119,0
1519157,0
1519249,0
1519274,0
1519283,0
1519353,0
1519359,0
1519410,0
1519589,0
1519683,0
1519722,0
1519897,0
1519962,0
1520007,0
1520101,0
1520108,0
1520147,0
1520151,0
1520196,0
1520220,0
1520252,0
1520289,0
1520314,0
1520347,0
1520370,0
1520399,0
1520564,0
1520768,0
1521017,0
1521033,0
1521090,0
1521261,0
1521299,0
1521396,1
1521456,0
1521699,0
1521706,0
1521732,0
1521758,0
1521773,0
1521845,0
1521849,0
1521852,0
1521887,0
1521992,0
1522092,0
1522114,0
1522297,0
1522398,0
1522469,0
1522514,0
1522676,0
1522743,0
1522780,0
1522797,0
1522825,0
1522829,0
1522878,0
1522896,1
1522940,0
1522947,0
1522953,0
1523167,0
1523258,0
1523376,0
1523410,0
1523477,0
1523536,0
1523547,0
1523791,0
1523876,0
1523888,0
1523929,0
1523940,0
1523960,0
1524076,0
1524079,0
1524104,0
1524247,0
1524268,0
1524516,0
1524558,0
1524599,0
1524604,0
1524627,0
1524658,0
1524667,0
1524767,0
1524802,0
1525191,0
1525232,0
1525236,0
1525248,0
1525250,0
1525259,0
1525296,0
1525297,0
1525338,0
1525441,0
1525522,0
1525525,0
1525626,0
1525639,0
1525693,0
1525715,0
1525761,0
1525785,0
1525831,0
1525884,0
1525896,0
1525919,0
1525983,0
1526012,0
1526022,0
1526117,0
1526202,0
1526223,0
1526286,0
1526328,0
1526345,0
1526411,0
1526422,0
1526506,0
1526528,0
1526542,0
1526652,0
1526668,0
1526693,0
1526723,0
1526821,0
1526840,0
1526870,0
1526969,0
1527210,0
1527270,0
1527290,0
1527340,0
1527382,0
1527421,0
1527473,0
1527508,0
1527545,0
1527546,0
1527575,0
1527598,1
1527616,0
1527617,0
1527622,0
1527751,0
1527778,0
1527854,0
1527971,0
1528190,0
1528361,0
1528422,0
1528587,0
1528602,0
1528625,0
1528646,0
1528655,0
1528657,0
1528747,0
1528803,0
1528809,0
1528852,0
1528915,0
1529013,0
1529164,0
1529251,0
1529270,0
1529323,0
1529348,0
1529381,0
1529416,1
1529554,0
1529709,0
1529722,0
1529806,1
1529950,0
1530007,0
1530149,0
1530160,0
1530174,0
1530186,0
1530208,0
1530274,0
1530381,0
1530416,0
1530431,0
1530440,0
1530488,1
1530496,0
1530505,0
1530525,0
1530553,0
1530560,0
1530570,0
1530640,0
1530646,0
1530674,0
1530689,0
1530869,0
1530897,0
1530902,0
1530920,0
1530931,0
1530958,0
1531014,0
1531076,0
1531135,0
1531176,0
1531200,0
1531388,0
1531454,0
1531496,0
1531536,0
1531592,0
1531650,0
1531661,0
1531688,0
1531714,0
1531785,0
1531900,0
1531916,0
1532027,0
1532119,0
1532171,0
1532231,0
1532315,0
1532318,0
1532323,0
1532357,0
1532408,0
1532422,0
1532445,0
1532460,0
1532498,0
1532506,0
1532519,0
1532537,0
1532573,0
1532588,0
1532701,0
1532714,0
1532728,0
1532840,0
1532868,0
1532872,0
1532873,0
1532901,0
1532927,0
1533074,0
1533076,0
1533161,0
1533186,0
1533218,0
1533274,0
1533372,0
1533391,0
1533403,1
1533463,0
1533562,0
1533564,0
1533632,1
1533765,0
1533796,0
1533808,0
1533864,0
1533923,0
1533934,0
1533956,0
1533993,0
1534051,0
1534157,0
1534282,0
1534409,0
1534453,0
1534550,0
1534573,0
1534582,0
1534588,0
1534611,0
1534654,0
1534775,0
1534821,0
1534877,0
1534921,0
1535018,0
1535068,0
1535240,0
1535241,0
1535277,0
1535280,0
1535324,0
1535331,0
1535369,0
1535462,0
1535537,0
1535616,0
1535672,0
1535718,0
1535795,0
1535839,0
1535855,1
1535886,0
1535907,0
1535918,0
1535919,0
1535923,0
1535981,0
1536121,0
1536125,0
1536127,0
1536236,0
1536302,0
1536315,0
1536496,0
1536540,0
1536608,0
1536612,0
1536681,0
1536856,0
1536864,0
1536885,0
1536896,0
1536921,0
1536928,0
1536969,0
1537096,0
1537145,0
1537236,0
1537262,0
1537279,0
1537319,0
1537430,0
1537513,0
1537640,0
1537850,0
1537854,0
1537883,0
1537904,0
1537924,0
1537942,0
1538032,0
1538095,1
1538162,0
1538260,0
1538277,0
1538331,0
1538355,0
1538356,0
1538399,0
1538409,0
1538428,0
1538517,0
1538548,0
1538633,0
1538636,0
1538708,0
1538768,0
1538906,0
1539017,0
1539128,0
1539160,0
1539169,0
1539213,0
1539290,0
1539353,0
1539433,0
1539449,0
1539509,0
1539572,0
1539631,0
1539941,0
1539955,0
1540011,0
1540048,0
1540154,0
1540167,0
1540226,0
1540253,0
1540263,0
1540274,0
1540276,0
1540284,0
1540323,0
1540396,0
1540487,0
1540488,0
1540518,0
1540573,0
1540591,0
1540596,0
1540712,0
1540723,0
1540762,0
1540771,0
1540826,0
1541015,0
1541016,0
1541115,0
1541194,0
1541201,0
1541215,0
1541368,0
1541463,0
1541552,0
1541587,0
1541605,0
1541674,0
1541813,0
1541824,0
1541843,0
1541868,0
1541940,0
1541971,0
1542026,0
1542035,0
1542099,0
1542186,0
1542233,0
1542235,0
1542243,0
1542436,0
1542503,0
1542539,0
1542597,0
1542789,1
1542797,0
1542864,0
1542876,0
1542946,0
1542987,0
1543013,0
1543017,0
1543079,0
1543109,0
1543112,0
1543184,0
1543218,0
1543219,0
1543227,0
1543242,0
1543359,0
1543391,0
1543407,0
1543540,0
1543545,0
1543570,0
1543608,0
1543626,0
1543723,0
1543781,0
1543786,0
1543803,0
1543818,0
1543826,0
1543893,0
1543966,0
1544040,0
1544125,0
1544128,0
1544265,0
1544274,0
1544275,0
1544369,0
1544390,0
1544446,0
1544493,0
1544522,0
1544629,0
1544653,0
1544701,0
1544777,0
1544805,1
1544819,0
1544885,0
1544991,0
1545016,0
1545041,0
1545045,0
1545067,0
1545113,0
1545146,0
1545151,0
1545206,0
1545250,0
1545369,0
1545411,0
1545435,0
1545457,0
1545516,0
1545531,0
1545728,0
1545749,1
1545816,0
1545895,0
1546000,0
1546023,0
1546036,0
1546070,0
1546207,0
1546512,0
1546513,0
1546584,0
1546669,0
1546677,0
1546758,0
1546796,0
1546871,0
1546881,0
1546893,0
1546908,0
1547041,0
1547090,0
1547118,0
1547156,0
1547165,0
1547184,0
1547422,0
1547465,0
1547548,0
1547598,0
1547657,0
1547696,0
1547701,0
1547748,0
1547818,0
1547879,0
1547883,0
1547929,0
1548042,0
1548049,0
1548199,0
1548269,0
1548357,0
1548481,0
1548512,0
1548591,0
1548665,0
1548678,0
1548768,0
1548849,0
1548993,0
1549020,0
1549165,0
1549210,0
1549219,0
1549234,0
1549275,0
1549362,0
1549369,0
1549389,0
1549421,0
1549458,0
1549568,0
1549637,0
1549657,0
1549790,0
1549851,0
1549878,0
1549925,0
1549939,0
1550003,0
1550017,0
1550146,0
1550320,0
1550330,0
1550368,0
1550374,0
1550431,0
1550522,0
1550544,0
1550557,0
1550641,0
1550647,1
1550796,0
1550798,0
1550861,0
1550901,0
1550988,0
1551159,0
1551164,0
1551183,0
1551186,0
1551193,0
1551222,0
1551261,0
1551444,0
1551475,0
1551523,0
1551550,0
1551552,0
1551574,0
1551644,0
1551685,0
1551804,0
1551913,0
1551950,0
1551984,0
1551999,0
1552026,0
1552066,0
1552286,0
1552311,0
1552362,0
1552510,0
1552601,0
1552688,0
1552732,0
1552806,1
1552917,0
1552925,0
1552947,0
1553068,0
1553103,0
1553111,0
1553131,0
1553154,0
1553215,0
1553247,0
1553321,0
1553432,0
1553472,0
1553634,0
1553736,0
1553775,0
1553776,0
1553782,0
1553873,0
1553923,0
1553968,0
1553981,0
1554063,0
1554192,0
1554201,0
1554260,0
1554292,0
1554432,0
1554501,0
1554514,0
1554521,0
1554539,0
1554663,0
1554747,0
1554763,0
1554901,0
1554935,0
1554966,0
1555064,0
1555115,0
1555122,0
1555173,0
1555229,0
1555248,0
1555265,0
1555309,0
1555317,0
1555332,0
1555336,0
1555368,0
1555391,0
1555420,0
1555461,0
1555648,0
1555661,0
1555667,0
1555677,0
1555683,0
1555759,0
1555884,0
1555898,0
1555899,0
1555926,0
1555931,0
1555957,0
1555958,0
1555969,0
1556007,0
1556055,0
1556090,0
1556144,0
1556165,0
1556168,0
1556174,0
1556186,0
1556236,0
1556250,0
1556396,1
1556654,0
1556699,0
1556767,0
1557005,0
1557086,0
1557094,0
1557135,0
1557164,0
1557256,0
1557407,0
1557464,0
1557547,0
1557641,0
1557776,0
1557801,0
1557830,0
1557911,0
1557916,0
1557924,0
1558027,0
1558048,0
1558069,0
1558162,0
1558175,0
1558240,0
1558243,0
1558249,0
1558375,0
1558406,0
1558439,0
1558509,0
1558521,0
1558558,0
1558588,0
1558603,0
1558618,0
1558641,0
1558692,0
1558757,0
1558881,0
1558884,0
1558908,0
1558926,0
1558947,0
1558986,0
1558987,0
1559012,0
1559061,0
1559075,0
1559077,0
1559109,0
1559277,0
1559283,0
1559294,0
1559387,0
1559409,0
1559417,0
1559433,0
1559477,0
1559481,0
1559485,0
1559849,0
1559963,0
1560039,0
1560090,0
1560181,0
1560198,0
1560274,0
1560352,0
1560380,0
1560495,0
1560506,0
1560517,0
1560661,0
1560782,0
1560865,0
1560931,1
1560964,0
1560966,0
1560991,0
1561040,0
1561138,0
1561166,0
1561187,0
1561221,1
1561359,0
1561372,0
1561434,0
1561449,0
1561454,0
1561465,0
1561486,0
1561668,0
1561714,0
1561771,0
1561793,0
1561821,0
1562010,0
1562032,0
1562042,0
1562056,0
1562104,0
1562119,0
1562149,0
1562239,0
1562298,0
1562337,0
1562357,0
1562431,0
1562455,0
1562488,0
1562529,0
1562573,0
1562625,0
1562672,0
1562699,0
1562728,0
1562731,0
1562891,0
1562897,0
1562904,0
1562912,0
1563016,0
1563029,0
1563063,0
1563067,0
1563137,1
1563195,0
1563258,0
1563273,0
1563281,0
1563296,0
1563362,1
1563396,0
1563479,0
1563485,0
1563494,0
1563495,0
1563518,0
1563575,0
1563578,0
1563636,0
1563657,0
1563677,0
1563786,0
1563799,0
1563824,0
1563835,0
1563868,0
1563910,0
1563998,0
1564019,0
1564029,0
1564045,0
1564062,1
1564435,0
1564439,0
1564468,0
1564531,0
1564551,0
1564553,0
1564575,0
1564596,0
1564600,0
1564633,0
1564668,0
1564689,0
1564691,0
1564696,0
1564719,0
1564792,0
1564802,0
1564825,0
1564901,0
1564933,0
1564951,0
1565042,0
1565120,0
1565170,0
1565291,0
1565444,0
1565632,0
1565766,0
1565785,0
1565786,0
1565829,0
1565834,0
1565883,0
1565976,0
1566096,0
1566119,0
1566166,0
1566219,0
1566259,0
1566320,0
1566424,0
1566455,0
1566483,0
1566485,0
1566744,0
1566757,0
1566777,0
1566793,0
1566852,0
1566885,0
1566914,0
1566948,0
1567036,0
1567072,0
1567264,0
1567328,0
1567422,0
1567427,0
1567432,0
1567494,0
1567506,0
1567512,0
1567531,0
1567581,0
1567763,0
1567777,0
1567848,0
1567857,0
1567877,0
1567967,0
1568023,0
1568034,0
1568063,1
1568089,0
1568126,0
1568137,0
1568269,0
1568286,0
1568298,0
1568317,0
1568418,0
1568436,0
1568443,0
1568507,0
1568609,0
1568658,0
1568743,0
1568779,0
1569018,0
1569047,0
1569051,0
1569081,0
1569195,0
1569243,0
1569279,0
1569363,0
1569388,0
1569422,0
1569528,0
1569554,0
1569627,0
1569700,0
1569731,0
1569782,0
1569849,0
1569856,0
1569883,0
1569937,0
1569973,0
1570009,0
1570065,0
1570079,0
1570129,0
1570207,0
1570257,0
1570260,0
1570331,0
1570378,0
1570382,0
1570447,0
1570577,0
1570589,0
1570642,0
1570681,0
1570721,0
1570806,0
1570864,0
1570879,0
1570954,0
1570990,0
1571086,0
1571144,0
1571196,0
1571226,0
1571229,0
1571249,0
1571251,0
1571432,0
1571447,0
1571448,0
1571470,0
1571515,0
1571553,0
1571562,0
1571649,0
1571666,0
1571691,0
1571905,0
1571944,0
1572038,0
1572041,0
1572068,0
1572107,0
1572147,0
1572220,0
1572555,0
1572610,0
1572612,0
1572636,0
1572648,0
1572654,0
1572693,0
1572730,0
1572733,0
1572754,0
1572839,0
1572842,0
1572844,0
1572914,0
1572979,0
1573010,0
1573025,0
1573066,0
1573074,0
1573078,0
1573104,0
1573138,0
1573215,0
1573248,0
1573263,0
1573347,0
1573379,0
1573398,0
1573472,0
1573473,0
1573484,0
1573526,0
1573584,0
1573682,0
1573738,0
1573749,0
1573815,0
1573818,0
1573943,1
1573944,0
1574033,0
1574137,0
1574205,0
1574276,0
1574415,0
1574528,0
1574554,0
1574697,0
1574703,0
1574732,0
1574766,0
1574769,0
1574812,0
1574973,0
1575049,0
1575052,0
1575082,0
1575108,0
1575145,0
1575151,0
1575171,0
1575184,0
1575185,0
1575200,0
1575317,0
1575376,0
1575454,0
1575485,0
1575555,0
1575622,0
1575655,0
1575691,0
1575704,0
1575783,0
1575847,0
1575861,0
1575874,0
1575883,0
1575887,0
1575897,0
1575907,0
1575937,0
1575986,0
1575993,0
1575997,0
1576050,0
1576056,0
1576076,0
1576086,0
1576104,0
1576315,0
1576455,0
1576476,0
1576492,0
1576529,0
1576541,0
1576580,0
1576583,0
1576666,0
1576673,0
1576701,0
1576748,1
1576861,0
1576891,0
1576910,0
1576975,0
1576978,0
1576981,0
1577044,0
1577059,0
1577123,1
1577125,0
1577228,0
1577292,0
1577357,0
1577391,0
1577396,0
1577407,0
1577566,0
1577577,0
1577590,0
1577620,0
1577772,0
1577804,0
1577816,0
1578084,0
1578136,0
1578183,0
1578211,0
1578222,0
1578270,0
1578320,0
1578352,0
1578375,0
1578451,0
1578481,0
1578510,0
1578524,0
1578528,0
1578543,1
1578548,0
1578568,0
1578701,0
1578728,0
1578846,0
1578917,0
1578937,0
1578991,0
1579086,0
1579092,0
1579098,0
1579100,0
1579216,0
1579239,0
1579350,0
1579566,0
1579574,0
1579601,0
1579603,0
1579646,0
1579688,0
1579761,0
1579790,0
1579824,0
1579945,0
1580007,0
1580027,0
1580031,0
1580151,0
1580160,0
1580252,0
1580305,0
1580424,0
1580476,0
1580484,0
1580503,0
1580550,0
1580599,0
1580666,0
1580731,0
1580781,1
1580987,1
1581003,0
1581005,0
1581038,0
1581072,0
1581124,0
1581129,0
1581212,0
1581214,0
1581240,0
1581264,0
1581290,0
1581329,0
1581333,0
1581355,0
1581365,0
1581370,0
1581401,0
1581430,0
1581437,0
1581513,0
1581545,0
1581579,0
1581642,0
1581707,0
1581823,0
1581968,0
1581994,0
1582035,0
1582068,0
1582075,0
1582104,0
1582108,0
1582317,0
1582325,0
1582363,0
1582399,0
1582428,0
1582445,0
1582496,0
1582521,0
1582575,0
1582577,0
1582586,0
1582621,0
1582623,0
1582665,0
1582673,0
1582684,0
1582758,0
1582948,0
1582991,0
1583003,0
1583031,0
1583095,0
1583134,0
1583147,0
1583224,0
1583239,0
1583264,0
1583325,1
1583424,0
1583459,0
1583560,0
1583588,0
1583610,0
1583636,0
1583689,0
1583697,0
1583698,0
1583707,0
1583717,0
1583773,0
1583785,0
1583808,0
1583851,0
1583896,0
1583936,0
1583984,0
1583995,0
1584055,0
1584100,0
1584113,0
1584184,0
1584276,0
1584308,0
1584326,0
1584339,0
1584456,0
1584665,0
1584723,0
1584778,0
1584797,0
1584813,0
1584891,0
1585167,0
1585168,0
1585175,0
1585335,0
1585351,0
1585431,0
1585468,0
1585501,0
1585521,0
1585523,0
1585636,0
1585685,0
1585691,0
1585753,0
1585873,0
1585878,0
1585930,0
1585936,0
1586072,0
1586137,0
1586181,0
1586242,0
1586343,0
1586395,0
1586436,0
1586499,0
1586518,0
1586568,0
1586644,0
1586742,0
1586771,0
1586829,0
1586902,0
1586916,0
1587081,0
1587092,0
1587128,0
1587132,0
1587137,0
1587140,0
1587167,0
1587226,0
1587269,0
1587327,0
1587408,0
1587598,0
1587650,0
1587738,0
1587758,0
1587826,0
1587882,0
1587922,0
1587963,0
1588068,0
1588099,0
1588132,0
1588188,0
1588305,0
1588359,0
1588427,0
1588546,0
1588573,0
1588575,0
1588727,0
1588751,0
1588790,0
1588827,0
1588890,0
1588999,0
1589019,0
1589034,0
1589037,0
1589054,0
1589159,0
1589235,0
1589316,0
1589318,0
1589406,0
1589409,0
1589476,1
1589491,0
1589528,0
1589588,0
1589612,0
1589613,0
1589624,0
1589663,0
1589673,0
1589698,0
1589749,0
1589771,0
1589806,0
1589865,0
1589902,0
1589955,0
1590001,0
1590006,0
1590066,0
1590094,0
1590104,0
1590106,0
1590142,0
1590246,0
1590451,0
1590481,0
1590529,0
1590684,0
1590721,0
1590722,0
1590749,0
1590773,0
1590838,0
1590860,0
1590968,0
1590996,0
1591015,0
1591018,0
1591038,0
1591050,0
1591104,0
1591112,0
1591171,0
1591286,0
1591351,0
1591374,0
1591474,0
1591547,0
1591644,0
1591729,0
1591768,0
1591875,0
1591894,0
1591905,0
1591950,0
1592020,0
1592139,0
1592274,0
1592385,0
1592467,0
1592732,0
1592793,0
1592798,0
1592806,0
1592933,0
1592939,0
1592951,0
1593068,0
1593080,0
1593105,0
1593135,0
1593160,0
1593179,0
1593208,0
1593213,0
1593244,0
1593296,0
1593368,0
1593394,0
1593472,0
1593475,0
1593498,0
1593503,1
1593569,0
1593579,0
1593580,0
1593667,0
1593676,0
1593683,0
1593749,0
1593848,0
1593871,0
1593935,0
1593944,0
1593962,0
1593995,0
1594117,0
1594154,0
1594279,0
1594286,0
1594310,0
1594346,0
1594357,0
1594524,0
1594532,0
1594541,0
1594572,0
1594651,0
1594652,0
1594744,0
1594757,0
1594878,0
1594908,0
1594968,0
1595024,0
1595169,0
1595220,0
1595259,0
1595345,0
1595381,0
1595394,0
1595398,0
1595616,0
1595695,0
1595711,0
1595748,0
1595837,0
1595892,0
1596000,0
1596023,0
1596033,0
1596110,0
1596171,0
1596230,0
1596240,0
1596364,0
1596561,0
1596669,0
1596716,0
1596770,0
1596800,0
1596829,0
1596843,0
1596890,1
1596896,0
1596901,0
1596973,0
1597040,0
1597097,0
1597108,0
1597188,0
1597218,0
1597253,0
1597278,0
1597289,0
1597304,0
1597385,0
1597460,0
1597593,0
1597602,0
1597608,0
1597775,0
1597817,0
1597963,0
1597991,0
1598016,0
1598071,0
1598100,0
1598107,0
1598130,0
1598142,0
1598147,0
1598173,0
1598296,0
1598439,0
1598447,0
1598492,0
1598537,0
1598585,0
1598663,0
1598748,0
1598830,0
1598954,0
1598969,1
1599076,0
1599151,0
1599179,0
1599188,0
1599419,0
1599503,0
1599525,0
1599702,0
1599712,0
1599751,0
1599882,0
1599886,0
1599935,0
1599947,0
1599986,0
1600118,0
1600143,0
1600156,0
1600260,0
1600307,0
1600341,0
1600386,0
1600392,0
1600397,0
1600481,0
1600507,0
1600615,0
1600617,0
1600647,0
1600738,0
1600781,0
1600785,0
1600787,0
1600885,0
1600907,0
1600939,0
1600960,0
1601007,0
1601125,0
1601143,0
1601172,0
1601502,0
1601563,0
1601654,0
1601695,0
1601703,0
1601719,0
1601766,0
1601830,0
1601832,0
1601845,0
1601917,0
1602063,0
1602078,0
1602107,0
1602146,0
1602149,1
1602171,0
1602206,0
1602232,0
1602275,0
1602339,0
1602383,0
1602389,0
1602399,0
1602403,0
1602509,0
1602557,0
1602607,0
1602608,0
1602623,0
1602626,0
1602653,0
1602662,0
1602665,0
1602699,0
1602703,0
1602724,0
1602905,0
1602990,0
1603117,0
1603130,0
1603149,0
1603244,0
1603285,0
1603311,1
1603324,0
1603358,0
1603465,0
1603507,0
1603565,0
1603686,0
1603746,0
1603781,0
1603794,0
1603816,0
1603850,0
1603983,0
1603998,0
1604018,0
1604035,0
1604098,0
1604206,0
1604242,0
1604279,0
1604321,0
1604378,0
1604400,0
1604404,0
1604459,0
1604476,0
1604496,0
1604526,0
1604705,0
1604709,0
1604821,0
1604903,0
1604923,0
1604944,0
1604967,0
1604997,0
1605088,0
1605089,0
1605102,0
1605113,0
1605121,0
1605185,0
1605309,0
1605387,0
1605897,0
1605921,0
1605961,0
1605984,0
1606044,0
1606067,0
1606129,0
1606146,0
1606321,0
1606366,0
1606446,0
1606474,0
1606520,0
1606646,0
1606692,0
1606853,0
1606946,0
1607052,0
1607084,0
1607103,0
1607123,0
1607126,0
1607169,0
1607181,0
1607187,0
1607224,0
1607237,0
1607248,0
1607394,0
1607429,0
1607459,0
1607520,0
1607527,0
1607876,0
1607958,0
1608057,0
1608072,0
1608190,0
1608210,0
1608221,0
1608295,0
1608343,0
1608481,0
1608522,0
1608590,0
1608627,0
1608660,0
1608665,0
1608689,0
1608721,0
1608743,0
1608756,0
1608759,0
1608778,0
1608815,0
1608932,0
1608991,0
1609110,0
1609145,0
1609155,0
1609261,0
1609501,0
1609609,0
1609791,0
1609819,0
1610033,0
1610053,0
1610262,1
1610319,0
1610459,0
1610538,0
1610541,0
1610563,0
1610618,0
1610623,0
1610671,0
1610678,0
1610784,0
1610932,0
1611053,0
1611055,0
1611134,0
1611180,0
1611276,0
1611281,0
1611452,0
1611498,0
1611520,0
1611606,0
1611711,0
1611752,0
1611781,0
1611911,0
1611916,0
1611917,0
1611950,0
1612063,0
1612065,0
1612269,0
1612398,0
1612479,0
1612556,0
1612644,0
1612706,0
1612707,0
1612778,0
1612957,0
1612987,0
1612998,0
1613137,0
1613155,0
1613180,0
1613407,0
1613432,1
1613486,0
1613494,0
1613534,0
1613574,0
1613644,0
1613648,0
1613730,0
1613799,0
1613811,0
1613828,0
1613831,0
1613876,0
1613883,0
1613912,0
1613961,0
1614083,0
1614088,0
1614105,0
1614112,0
1614130,0
1614200,0
1614258,0
1614335,0
1614350,0
1614400,0
1614410,0
1614450,0
1614697,0
1614714,0
1614756,0
1614770,0
1614809,0
1614838,0
1614845,0
1614905,0
1614968,0
1615121,0
1615276,0
1615321,0
1615459,0
1615490,0
1615532,0
1615731,0
1615797,0
1615902,0
1615926,0
1616022,0
1616286,0
1616309,0
1616323,0
1616343,0
1616349,0
1616372,0
1616395,0
1616409,0
1616410,0
1616431,0
1616482,0
1616497,0
1616664,0
1616673,0
1616712,0
1616784,0
1616805,0
1616893,0
1616965,0
1616973,0
1616977,0
1617001,0
1617045,0
1617089,0
1617215,0
1617319,0
1617331,0
1617379,0
1617387,0
1617411,1
1617457,0
1617462,0
1617463,0
1617519,0
1617534,0
1617622,0
1617704,0
1617743,0
1617751,0
1617803,0
1618054,0
1618104,0
1618293,0
1618391,0
1618585,0
1618631,0
1618638,0
1618669,0
1618723,0
1618788,0
1618806,0
1618813,0
1618856,0
1618884,0
1618922,0
1618925,0
1618937,0
1619041,0
1619049,0
1619097,0
1619165,0
1619180,0
1619290,0
1619296,0
1619302,0
1619361,0
1619530,0
1619549,0
1619676,0
1619700,0
1619800,0
1619888,0
1619930,0
1620015,0
1620157,0
1620178,0
1620219,0
1620225,0
1620240,0
1620339,0
1620353,0
1620396,0
1620465,0
1620480,0
1620643,0
1620775,0
1620779,0
1620896,0
1621003,0
1621043,0
1621087,1
1621098,0
1621175,0
1621256,0
1621272,0
1621317,0
1621326,0
1621388,0
1621394,0
1621711,0
1621734,0
1621803,0
1621809,0
1621851,0
1621927,0
1622076,0
1622146,0
1622148,0
1622261,0
1622311,0
1622323,0
1622484,0
1622647,0
1622720,0
1622736,0
1622737,0
1622760,0
1622876,0
1622932,0
1622941,0
1623015,0
1623018,0
1623144,0
1623202,0
1623290,0
1623384,0
1623400,0
1623417,0
1623524,0
1623646,0
1623714,0
1623737,0
1623777,0
1623863,0
1623875,0
1623878,0
1623906,0
1623969,0
1623996,0
1624049,0
1624060,0
1624099,0
1624101,0
1624103,0
1624272,0
1624368,0
1624491,0
1624647,0
1624660,0
1624714,0
1624779,0
1624837,1
1624877,0
1624941,0
1624947,0
1624985,0
1625014,0
1625089,0
1625153,0
1625256,0
1625266,0
1625351,0
1625571,0
1625574,0
1625714,0
1625871,0
1625925,0
1625955,0
1626073,0
1626192,0
1626276,0
1626293,0
1626398,0
1626550,0
1626969,0
1626991,0
1627132,0
1627224,0
1627245,0
1627386,0
1627493,0
1627654,0
1627690,0
1627907,0
1627920,0
1627959,0
1628047,0
1628104,0
1628131,0
1628138,0
1628208,0
1628264,0
1628268,0
1628318,0
1628554,0
1628587,0
1628600,0
1628661,0
1628682,0
1628718,0
1628726,0
1628730,0
1628746,0
1628850,0
1628867,0
1628888,0
1628944,0
1629108,0
1629155,0
1629202,0
1629470,0
1629604,0
1629617,0
1629837,0
1629923,0
1630032,0
1630184,0
1630368,0
1630380,0
1630388,0
1630436,0
1630525,0
1630557,0
1630567,0
1630609,0
1630615,0
1630653,0
1630738,0
1631018,0
1631069,0
1631081,0
1631106,0
1631192,0
1631251,0
1631262,0
1631272,0
1631284,0
1631300,0
1631390,0
1631463,0
1631465,0
1631475,0
1631524,0
1631533,0
1631572,0
1631582,0
1631611,0
1631745,0
1631933,0
1631945,0
1632106,0
1632162,0
1632179,0
1632251,0
1632272,0
1632284,0
1632407,0
1632462,1
1632468,0
1632491,0
1632500,0
1632537,0
1632619,0
1632726,0
1632777,0
1632783,0
1632808,0
1632848,0
1632932,0
1632934,0
1633031,0
1633050,0
1633081,0
1633089,0
1633091,0
1633313,0
1633326,0
1633534,0
1633536,0
1633554,0
1633700,0
1633740,0
1633856,0
1633883,0
1634004,0
1634008,0
1634041,0
1634124,0
1634546,0
1634641,0
1634739,0
1634743,0
1634761,0
1634916,0
1634948,0
1634954,0
1634957,0
1634964,0
1634990,0
1635309,0
1635336,0
1635393,0
1635529,0
1635567,0
1635616,0
1635623,0
1635628,0
1635666,0
1635736,0
1635740,0
1635773,0
1635791,0
1635807,0
1635840,0
1635868,0
1635898,0
1635933,1
1636012,0
1636025,0
1636318,0
1636357,0
1636596,0
1636760,0
1636990,0
1637088,0
1637274,0
1637347,0
1637394,0
1637514,0
1637539,0
1637540,0
1637610,0
1637634,0
1637777,0
1637811,0
1637873,0
1637890,0
1637986,0
1638068,0
1638264,0
1638278,0
1638469,0
1638521,0
1638606,0
1638724,0
1638731,0
1639023,0
1639033,0
1639049,0
1639080,0
1639139,1
1639163,0
1639194,0
1639289,0
1639305,0
1639308,0
1639325,0
1639326,0
1639387,0
1639394,0
1639417,0
1639562,0
1639583,0
1639624,0
1639743,0
1639751,0
1639910,0
1639933,0
1640019,0
1640104,0
1640109,0
1640271,0
1640276,0
1640286,0
1640388,0
1640402,0
1640460,0
1640579,0
1640748,0
1640819,0
1640908,0
1640911,0
1640945,0
1640974,0
1640988,0
1640990,0
1640996,0
1641000,0
1641044,0
1641128,0
1641233,0
1641376,0
1641417,0
1641427,0
1641542,0
1641562,0
1641622,0
1641639,0
1641753,0
1641784,0
1641786,0
1641825,0
1641834,0
1641837,0
1641867,0
1641977,0
1641991,0
1642000,0
1642033,0
1642185,0
1642254,0
1642272,0
1642343,0
1642374,0
1642398,0
1642407,1
1642502,0
1642596,0
1642755,0
1642813,0
1642855,0
1642927,0
1642993,0
1643068,0
1643170,0
1643189,0
1643238,0
1643247,0
1643372,0
1643398,0
1643472,0
1643476,0
1643532,0
1643569,0
1643591,0
1643597,0
1643713,0
1643746,0
1643849,0
1643987,0
1643998,0
1644011,0
1644032,0
1644091,0
1644109,0
1644149,0
1644253,0
1644277,0
1644310,0
1644323,0
1644391,0
1644447,0
1644519,0
1644527,0
1644628,0
1644629,0
1644639,0
1644717,0
1644812,0
1644816,0
1644859,0
1644919,0
1644958,0
1645002,0
1645232,0
1645241,0
1645279,0
1645338,0
1645409,0
1645423,0
1645439,0
1645518,0
1645627,0
1645670,0
1645679,0
1645738,0
1645758,0
1645783,0
1645812,0
1645832,0
1645847,0
1645853,0
1645930,0
1645938,0
1646068,0
1646138,0
1646193,0
1646205,0
1646210,0
1646234,0
1646240,0
1646281,0
1646283,0
1646287,0
1646380,0
1646406,0
1646511,0
1646617,0
1646637,0
1646673,0
1646701,0
1646760,0
1646764,0
1646790,1
1646910,0
1646970,0
1646974,0
1646989,0
1647028,0
1647104,0
1647164,0
1647209,0
1647234,0
1647238,0
1647253,0
1647291,0
1647306,0
1647313,0
1647327,0
1647371,0
1647388,0
1647440,0
1647481,0
1647575,0
1647591,0
1647614,0
1647756,0
1647852,0
1647973,0
1647979,0
1648035,0
1648157,0
1648223,0
1648242,0
1648279,0
1648298,0
1648331,0
1648382,0
1648394,0
1648556,0
1648731,0
1648758,0
1648773,0
1648783,0
1648804,0
1648859,0
1648880,0
1648918,0
1648928,0
1648975,0
1648988,0
1649052,0
1649151,0
1649160,0
1649190,0
1649260,0
1649277,0
1649360,0
1649409,0
1649414,0
1649417,0
1649444,0
1649521,0
1649529,0
1649570,0
1649623,0
1649638,0
1649640,0
1649739,1
1649761,0
1649782,0
1649794,0
1649836,0
1649839,0
1649884,0
1649923,0
1649942,0
1649960,0
1649987,0
1650064,0
1650067,0
1650085,0
1650159,0
1650245,0
1650293,0
1650319,0
1650343,0
1650378,0
1650439,0
1650535,0
1650606,0
1650626,0
1650639,0
1650701,0
1650799,0
1650847,0
1650849,0
1650860,0
1650911,0
1650949,0
1651037,0
1651059,0
1651122,0
1651219,0
1651239,0
1651240,0
1651298,0
1651301,0
1651361,0
1651367,0
1651380,0
1651422,0
1651560,0
1651640,0
1651678,0
1651706,1
1651774,0
1651802,0
1651898,0
1651971,0
1651976,0
1652038,0
1652046,0
1652070,0
1652073,0
1652114,0
1652155,0
1652221,0
1652421,0
1652454,0
1652558,0
1652596,0
1652627,0
1652655,0
1652663,0
1652697,0
1652728,0
1652729,0
1652752,0
1652753,0
1652793,0
1652882,0
1652909,0
1652962,0
1653017,0
1653044,0
1653145,0
1653153,0
1653287,0
1653297,0
1653305,0
1653346,0
1653402,0
1653442,0
1653496,0
1653534,0
1653558,0
1653560,0
1653637,0
1653729,0
1653751,0
1653776,0
1653793,0
1653827,0
1653862,0
1653875,0
1653917,0
1653944,0
1653947,0
1653985,0
1654029,0
1654176,0
1654259,0
1654341,0
1654440,0
1654447,0
1654546,0
1654656,0
1654659,0
1654712,0
1654719,0
1654725,1
1654760,0
1654938,0
1654960,0
1655068,0
1655121,0
1655173,0
1655266,0
1655269,0
1655346,0
1655450,0
1655490,0
1655533,0
1655554,0
1655578,0
1655735,0
1655813,0
1655817,0
1655870,0
1655900,0
1655922,0
1655943,0
1655962,0
1655988,0
1656049,0
1656217,0
1656241,0
1656346,0
1656352,0
1656364,0
1656408,0
1656437,0
1656520,0
1656577,0
1656668,1
1656850,0
1656885,1
1656956,0
1656978,0
1656990,0
1657025,0
1657172,0
1657257,0
1657282,0
1657465,1
1657558,0
1657588,0
1657596,0
1657682,0
1657791,0
1657813,0
1657857,0
1657879,0
1657894,0
1657896,0
1657949,0
1658008,0
1658022,0
1658054,0
1658072,0
1658095,0
1658263,0
1658309,0
1658351,0
1658380,0
1658387,0
1658404,0
1658410,0
1658426,1
1658457,0
1658490,0
1658579,0
1658589,0
1658598,0
1658693,0
1658760,0
1658892,0
1658952,0
1658962,0
1658991,0
1659034,0
1659047,0
1659131,1
1659249,0
1659266,0
1659329,0
1659343,0
1659386,0
1659400,0
1659401,0
1659402,0
1659480,0
1659542,0
1659625,0
1659761,0
1659766,0
1659770,0
1659856,0
1659945,0
1659961,0
1659976,0
1659986,0
1659993,0
1660079,0
1660118,0
1660160,0
1660247,0
1660260,0
1660294,0
1660365,0
1660379,0
1660400,0
1660510,0
1660576,0
1660603,0
1660650,0
1660702,0
1660704,0
1660725,0
1660758,0
1660816,0
1660817,0
1660945,0
1661024,0
1661089,0
1661231,0
1661261,0
1661263,0
1661446,0
1661565,0
1661578,0
1661670,0
1661742,1
1661793,0
1661799,0
1661880,0
1661890,0
1661918,0
1662092,0
1662138,0
1662184,0
1662262,0
1662295,0
1662473,0
1662505,0
1662590,0
1662673,1
1662742,0
1662800,0
1662805,0
1662920,0
1663181,0
1663347,0
1663483,0
1663633,0
1663668,0
1663718,0
1663733,0
1663846,0
1663889,0
1663892,0
1663946,0
1663957,0
1663981,0
1664004,0
1664010,0
1664047,0
1664051,0
1664099,0
1664107,0
1664202,0
1664245,0
1664256,0
1664257,0
1664263,0
1664324,0
1664339,0
1664345,0
1664356,0
1664423,0
1664428,0
1664446,0
1664480,0
1664517,0
1664579,0
1664616,0
1664620,0
1664632,0
1664677,0
1664683,0
1664685,0
1664706,0
1664764,0
1664777,0
1664791,0
1664797,0
1664839,0
1664903,0
1664920,0
1664938,0
1664993,0
1665019,0
1665109,0
1665161,0
1665203,0
1665248,0
1665278,0
1665293,0
1665298,0
1665338,0
1665339,0
1665346,0
1665356,0
1665370,0
1665412,0
1665433,0
1665498,1
1665534,0
1665541,0
1665581,0
1665604,0
1665653,0
1665762,0
1665834,0
1665876,0
1665972,0
1666009,0
1666011,0
1666017,0
1666042,0
1666104,0
1666108,0
1666132,0
1666145,0
1666184,0
1666221,0
1666311,0
1666368,0
1666435,0
1666472,0
1666488,0
1666538,0
1666570,0
1666618,0
1666638,0
1666644,0
1666682,0
1666718,0
1666781,0
1666847,0
1666865,0
1666872,0
1667098,1
1667175,0
1667306,0
1667395,0
1667437,0
1667446,0
1667512,0
1667520,0
1667542,0
1667543,0
1667577,0
1667678,0
1667700,0
1667800,0
1667843,0
1667902,0
1667928,0
1668101,0
1668173,0
1668215,0
1668243,0
1668248,0
1668316,0
1668387,0
1668499,0
1668505,0
1668511,0
1668542,0
1668583,0
1668616,0
1668632,0
1668682,0
1668684,0
1668731,0
1668753,0
1668825,0
1668826,0
1669020,0
1669119,0
1669144,0
1669148,0
1669178,0
1669183,0
1669208,1
1669383,0
1669412,0
1669416,0
1669424,0
1669434,0
1669619,0
1669643,0
1669693,0
1669737,0
1669749,0
1669766,0
1669840,0
1669891,0
1669983,0
1669985,0
1670019,0
1670104,0
1670148,0
1670238,0
1670300,0
1670407,0
1670469,0
1670504,0
1670542,0
1670559,0
1670563,0
1670565,0
1670620,0
1670723,0
1670782,0
1670810,0
1670849,0
1670854,0
1670862,0
1670924,0
1670926,0
1670993,1
1671098,0
1671107,0
1671133,0
1671165,0
1671180,0
1671222,0
1671254,0
1671354,0
1671362,0
1671371,0
1671372,0
1671470,0
1671547,0
1671583,0
1671613,0
1671617,1
1671655,0
1671661,0
1671715,0
1671802,0
1671808,0
1671908,0
1671922,0
1672093,0
1672163,0
1672181,0
1672184,0
1672200,0
1672228,0
1672234,0
1672295,0
1672317,0
1672345,0
1672376,0
1672500,0
1672594,0
1672754,0
1672778,0
1672788,0
1672806,0
1672868,0
1672900,0
1672933,0
1672938,0
1672958,0
1672996,0
1672999,0
1673055,0
1673109,0
1673114,0
1673127,0
1673136,0
1673209,0
1673221,0
1673279,0
1673352,0
1673397,0
1673426,0
1673464,1
1673512,0
1673520,0
1673754,0
1673773,0
1673793,0
1673870,0
1673981,0
1673997,0
1674001,0
1674015,0
1674019,0
1674042,0
1674104,0
1674223,0
1674244,0
1674284,0
1674304,0
1674375,0
1674402,0
1674416,0
1674421,0
1674448,0
1674488,0
1674495,0
1674512,0
1674516,0
1674579,0
1674582,0
1674692,0
1674733,0
1674761,0
1674763,0
1674946,0
1675042,0
1675050,0
1675188,0
1675229,0
1675271,0
1675367,0
1675391,0
1675564,0
1675587,0
1675624,0
1675682,0
1675700,0
1675771,0
1675780,0
1676035,0
1676102,0
1676175,0
1676220,0
1676318,0
1676370,0
1676407,0
1676431,0
1676548,0
1676575,0
1676638,0
1676683,0
1676761,0
1676782,0
1676845,0
1676872,0
1676905,0
1676944,0
1676999,0
1677045,0
1677089,0
1677112,0
1677158,0
1677190,0
1677199,0
1677240,0
1677278,0
1677418,0
1677423,0
1677433,0
1677533,0
1677538,0
1677548,0
1677571,0
1677851,0
1677881,0
1677887,0
1677928,0
1678098,0
1678390,0
1678413,0
1678490,0
1678517,0
1678673,0
1678773,0
1678871,0
1678876,0
1678887,0
1678929,0
1678956,0
1678970,0
1679015,0
1679057,0
1679071,0
1679088,0
1679220,0
1679363,0
1679372,0
1679387,0
1679514,0
1679632,0
1679633,0
1679650,0
1679704,0
1679799,0
1679959,0
1680011,0
1680027,0
1680079,0
1680141,0
1680332,0
1680399,0
1680413,1
1680478,0
1680535,0
1680554,0
1680695,0
1680698,0
1680747,0
1680839,0
1680877,0
1680880,0
1680952,0
1681013,0
1681134,0
1681135,0
1681153,0
1681219,0
1681256,0
1681285,0
1681439,0
1681480,0
1681484,0
1681515,0
1681557,0
1681599,0
1681609,0
1681650,0
1681657,0
1681684,0
1681765,0
1681810,0
1681856,0
1681945,0
1681996,0
1682115,0
1682163,0
1682168,0
1682351,0
1682380,0
1682445,0
1682564,0
1682646,0
1682679,0
1682802,0
1682921,0
1682925,0
1682941,0
1683011,0
1683019,0
1683059,0
1683068,0
1683128,0
1683276,0
1683282,0
1683316,0
1683429,0
1683490,0
1683538,0
1683660,0
1683774,0
1683824,0
1683924,0
1683946,0
1684140,0
1684203,0
1684341,0
1684428,0
1684514,0
1684530,0
1684546,0
1684599,0
1684622,0
1684694,0
1684711,0
1684766,0
1684776,0
1684788,0
1684809,0
1684889,0
1684916,0
1684956,0
1684990,0
1685022,0
1685133,0
1685174,0
1685186,0
1685341,0
1685378,0
1685399,0
1685515,0
1685681,0
1685710,0
1685743,0
1685753,0
1685884,0
1685946,0
1685977,0
1685978,0
1685989,0
1686007,0
1686128,0
1686131,0
1686147,0
1686169,0
1686197,0
1686221,0
1686395,0
1686476,0
1686479,0
1686488,0
1686512,0
1686575,0
1686702,0
1686774,0
1686973,0
1687003,0
1687021,0
1687104,0
1687105,0
1687210,0
1687251,0
1687414,0
1687427,0
1687620,0
1687961,0
1687962,0
1687969,0
1688191,0
1688243,0
1688276,0
1688340,0
1688343,0
1688397,0
1688482,0
1688977,0
1689023,0
1689041,0
1689067,0
1689087,0
1689169,0
1689175,0
1689223,0
1689243,0
1689254,0
1689348,0
1689423,0
1689535,0
1689634,0
1689654,0
1689664,0
1689696,0
1689703,0
1689886,0
1689896,0
1689902,0
1689925,0
1689936,0
1689950,0
1690107,0
1690155,0
1690254,0
1690296,0
1690339,0
1690358,0
1690377,0
1690437,0
1690483,0
1690518,0
1690519,0
1690617,0
1690620,0
1690656,0
1690795,0
1690866,0
1690878,0
1690935,0
1690983,0
1691069,0
1691141,0
1691151,0
1691205,0
1691499,0
1691554,0
1691564,0
1691596,0
1691611,0
1691612,0
1691669,0
1691813,0
1691828,0
1691838,0
1691923,0
1691942,0
1691990,0
1692120,0
1692138,0
1692152,0
1692212,0
1692219,0
1692268,0
1692277,0
1692323,0
1692382,0
1692424,0
1692568,0
1692577,0
1692616,0
1692703,0
1692751,0
1692776,0
1692873,0
1692994,0
1693018,0
1693034,0
1693087,0
1693090,0
1693093,0
1693170,0
1693176,0
1693222,0
1693317,0
1693457,0
1693470,0
1693732,0
1693749,0
1693949,0
1693950,0
1694031,0
1694062,0
1694220,0
1694270,0
1694438,0
1694478,0
1694482,0
1694486,0
1694501,0
1694525,0
1694733,0
1694764,0
1694857,0
1694902,0
1695038,0
1695097,0
1695160,0
1695401,0
1695619,0
1695672,0
1695747,0
1696025,0
1696029,0
1696110,0
1696149,0
1696267,0
1696286,0
1696307,0
1696336,0
1696365,0
1696527,0
1696633,0
1696712,0
1696722,0
1696761,0
1696810,0
1696963,0
1697076,0
1697093,0
1697135,0
1697148,0
1697201,0
1697300,0
1697339,0
1697387,0
1697406,0
1697509,0
1697584,0
1697604,0
1697606,0
1697680,0
1697718,0
1697782,0
1697934,0
1697946,0
1697993,0
1698111,0
1698136,0
1698307,0
1698451,0
1698464,0
1698468,0
1698603,0
1698697,0
1698732,1
1698735,0
1698775,0
1698962,0
1699186,0
1699303,0
1699442,0
1699482,0
1699521,0
1699531,0
1699812,0
1699943,0
1700009,0
1700011,0
1700127,0
1700149,0
1700160,0
1700204,1
1700282,0
1700397,1
1700411,0
1701193,0
1701205,0
1701419,0
1701491,0
1701567,0
1701598,0
1701606,0
1701670,0
1701925,0
1702049,0
1702194,0
1702267,0
1702298,0
1702322,0
1702364,0
1702417,0
1702483,0
1702510,0
1702526,0
1702567,0
1702571,0
1702608,0
1702865,0
1702879,0
1702898,0
1702975,0
1703006,0
1703093,0
1703096,0
1703135,0
1703253,0
1703291,0
1703299,0
1703334,0
1703344,0
1703483,0
1703499,0
1703587,0
1703796,0
1703946,0
1704124,0
1704231,0
1704274,0
1704295,0
1704353,0
1704363,0
1704427,0
1704457,0
1704535,0
1704574,0
1704596,0
1704649,0
1704761,0
1704835,0
1704918,0
1705081,0
1705120,0
1705188,0
1705236,0
1705486,0
1705560,0
1705674,0
1705705,0
1705793,0
1705865,0
1705901,0
1705912,0
1705935,0
1706038,0
1706132,0
1706202,0
1706205,0
1706236,0
1706273,0
1706290,0
1706304,0
1706333,0
1706377,0
1706382,0
1706440,0
1706505,1
1706539,0
1706607,0
1706621,0
1706757,0
1706758,0
1706848,0
1707041,0
1707102,0
1707108,0
1707152,0
1707319,0
1707354,0
1707433,0
1707442,0
1707514,0
1707675,0
1707733,0
1707740,0
1707802,0
1707901,0
1707903,0
1707921,0
1708017,0
1708113,0
1708123,0
1708149,0
1708167,0
1708240,0
1708241,0
1708317,0
1708364,0
1708560,0
1708644,0
1708682,0
1708742,0
1708743,0
1708748,0
1708798,0
1708815,0
1708819,0
1708928,0
1709080,0
1709118,0
1709200,0
1709375,0
1709377,0
1709409,0
1709498,0
1709565,0
1709568,0
1709619,0
1709637,0
1709734,0
1709783,0
1709859,0
1710202,0
1710341,0
1710780,0
1710782,0
1710791,0
1710808,0
1710815,0
1710857,0
1710965,0
1710983,0
1710995,0
1711012,0
1711046,0
1711054,0
1711236,0
1711250,0
1711327,0
1711397,0
1711460,0
1711492,0
1711523,0
1711644,0
1711850,0
1711920,0
1711936,0
1711941,0
1712191,0
1712241,0
1712292,0
1712301,0
1712362,0
1712377,0
1712496,0
1712560,0
1712587,0
1712640,0
1712648,0
1712665,0
1712796,0
1712819,0
1712913,0
1712941,0
1712972,0
1713172,0
1713187,0
1713265,0
1713273,0
1713325,0
1713360,0
1713410,0
1713441,0
1713547,0
1713591,0
1713708,0
1713971,0
1714187,0
1714314,0
1714332,0
1714338,0
1714456,0
1714491,0
1714647,0
1714666,0
1714709,0
1714761,0
1714853,0
1715260,0
1715283,0
1715313,0
1715330,0
1715377,0
1715484,0
1715519,0
1715672,0
1715712,0
1715887,0
1716061,0
1716078,0
1716084,0
1716086,0
1716248,0
1716334,0
1716444,0
1716608,0
1716664,0
1716669,0
1716684,0
1717004,0
1717009,0
1717047,0
1717156,0
1717294,0
1717369,0
1717372,0
1717399,0
1717421,0
1717430,0
1717449,0
1717523,0
1717670,0
1717682,0
1717711,0
1717753,0
1717912,0
1717925,1
1718003,0
1718005,0
1718029,0
1718037,0
1718075,0
1718104,0
1718181,0
1718405,0
1718531,0
1718751,0
1718801,0
1718820,0
1718909,0
1718924,0
1719012,0
1719025,0
1719038,0
1719058,0
1719113,0
1719146,0
1719159,0
1719216,0
1719278,0
1719371,0
1719413,0
1719441,0
1719460,0
1719584,0
1719602,0
1719623,0
1719924,0
1719985,0
1719989,0
1720038,0
1720062,0
1720174,0
1720179,0
1720292,0
1720345,0
1720507,0
1720646,0
1720802,0
1720812,0
1720945,0
1720969,0
1721034,0
1721044,0
1721095,0
1721098,0
1721123,0
1721391,0
1721397,0
1721418,0
1721499,0
1721717,0
1721739,0
1721755,0
1721831,0
1721839,0
1721880,0
1721920,0
1722080,0
1722094,0
1722112,0
1722177,0
1722181,0
1722401,1
1722479,0
1722502,0
1722646,0
1722686,0
1722819,0
1722892,0
1723035,0
1723071,0
1723097,0
1723146,0
1723163,0
1723198,0
1723217,0
1723307,0
1723327,0
1723347,0
1723357,0
1723417,0
1723672,0
1723689,0
1723713,0
1723769,0
1723806,0
1723858,0
1723883,0
1723899,0
1724053,0
1724093,0
1724250,0
1724299,0
1724354,0
1724380,0
1724460,0
1724605,0
1724632,0
1724702,0
1724778,0
1724785,0
1724863,0
1725038,0
1725047,0
1725094,0
1725102,0
1725268,0
1725280,0
1725314,0
1725345,0
1725443,0
1725444,0
1725479,0
1725667,0
1725800,0
1725863,0
1725884,0
1726067,0
1726105,0
1726123,0
1726158,0
1726191,0
1726197,0
1726274,0
1726337,0
1726395,0
1726447,0
1726712,0
1726756,0
1726908,0
1726947,0
1727012,0
1727016,0
1727173,0
1727383,0
1727397,0
1727431,0
1727537,0
1727655,0
1727691,0
1727736,0
1727748,0
1727800,0
1727838,0
1727872,0
1727892,0
1727934,0
1727946,0
1728101,0
1728326,0
1728381,0
1728395,0
1728549,0
1728596,0
1728741,0
1728800,0
1728857,0
1728859,0
1728905,0
1729170,0
1729322,0
1729349,0
1729425,0
1729455,0
1729504,0
1729552,0
1729604,0
1729682,0
1729693,0
1729760,0
1729776,0
1729862,0
1729998,0
1730067,0
1730081,0
1730148,0
1730159,0
1730236,0
1730381,0
1730414,0
1730528,0
1730614,0
1730632,0
1730677,0
1730731,0
1730751,0
1730799,0
1730849,0
1731050,0
1731058,0
1731137,0
1731166,0
1731233,1
1731249,0
1731271,0
1731315,0
1731406,0
1731508,0
1731595,0
1731741,0
1731750,0
1731792,0
1731928,0
1732017,0
1732079,0
1732142,0
1732159,0
1732183,0
1732290,1
1732354,0
1732523,0
1732568,0
1732646,0
1732650,0
1732733,0
1732734,1
1732926,0
1732948,0
1733049,0
1733179,0
1733183,0
1733446,0
1733478,0
1733540,0
1733631,0
1733758,0
1733899,0
1733913,0
1734040,0
1734110,0
1734113,0
1734167,0
1734206,0
1734209,0
1734255,1
1734259,0
1734375,0
1734434,0
1734497,0
1734498,0
1734512,0
1734614,0
1734634,0
1734715,0
1734724,0
1734787,1
1734816,0
1734831,0
1734881,0
1734972,0
1735085,0
1735106,0
1735149,0
1735151,0
1735171,0
1735294,0
1735342,0
1735348,0
1735426,0
1735604,0
1735644,0
1735804,0
1735828,0
1735859,0
1735974,0
1736019,0
1736063,0
1736084,0
1736248,0
1736607,0
1736617,0
1736702,0
1736726,0
1736804,0
1736927,1
1736934,0
1737063,0
1737097,0
1737122,0
1737307,0
1737322,0
1737426,0
1737765,0
1737910,0
1737911,0
1738030,0
1738051,0
1738064,0
1738135,1
1738138,0
1738146,0
1738153,0
1738186,0
1738221,0
1738227,0
1738235,0
1738269,0
1738417,0
1738429,0
1738500,0
1738681,0
1738691,0
1738829,1
1738841,0
1738852,0
1738858,0
1738861,0
1738961,0
1738972,0
1738989,0
1739007,0
1739038,0
1739050,0
1739069,0
1739215,0
1739258,0
1739455,0
1739462,0
1739484,0
1739522,0
1739543,0
1739576,0
1739577,0
1739609,0
1739774,0
1739788,0
1739794,0
1739855,0
1739867,0
1739975,0
1740101,0
1740107,0
1740109,0
1740161,0
1740165,0
1740205,0
1740360,0
1740363,0
1740456,0
1740477,0
1740484,0
1740505,0
1740667,0
1740703,0
1740743,0
1740806,0
1740894,0
1740899,0
1740960,0
1741165,0
1741285,0
1741302,0
1741310,0
1741377,0
1741455,0
1741462,0
1741497,0
1741533,0
1741645,0
1741691,0
1741920,0
1741937,0
1741990,0
1742048,0
1742051,0
1742141,0
1742292,0
1742342,0
1742361,0
1742552,0
1742628,0
1742636,0
1742705,0
1742782,0
1742793,0
1742834,0
1742844,0
1742854,0
1743072,0
1743103,0
1743122,0
1743132,0
1743216,0
1743240,0
1743356,0
1743482,0
1743491,0
1743587,0
1743608,0
1743648,0
1743715,0
1743734,0
1743741,0
1743812,0
1743862,0
1743903,0
1743950,0
1743975,0
1744039,0
1744161,0
1744179,0
1744216,0
1744419,0
1744470,0
1744483,0
1744539,0
1744574,0
1744611,0
1744688,0
1744790,0
1744868,0
1745068,0
1745102,0
1745103,0
1745135,0
1745270,0
1745293,0
1745303,0
1745328,0
1745412,0
1745472,0
1745514,0
1745528,0
1745605,0
1745808,0
1745854,0
1745995,0
1746005,0
1746018,0
1746100,0
1746124,0
1746251,1
1746305,0
1746532,0
1746726,0
1746924,0
1746957,0
1746982,0
1747010,0
1747053,0
1747157,0
1747166,0
1747204,0
1747222,0
1747308,0
1747320,0
1747379,0
1747418,0
1747528,0
1747711,0
1747788,0
1747790,0
1747798,0
1747988,0
1747995,0
1748002,0
1748023,0
1748064,0
1748166,0
1748171,0
1748177,0
1748200,0
1748255,0
1748319,0
1748353,0
1748398,0
1748439,0
1748564,0
1748589,0
1748590,0
1748672,0
1748790,0
1748893,0
1748936,0
1748947,0
1748959,0
1748963,0
1749070,0
1749124,0
1749281,0
1749300,0
1749349,0
1749404,0
1749427,0
1749446,0
1749453,0
1749557,0
1749666,0
1749707,0
1749713,0
1749750,0
1749788,0
1749807,0
1749824,0
1750021,0
1750042,0
1750096,0
1750102,0
1750117,0
1750164,0
1750166,0
1750170,0
1750191,0
1750308,0
1750422,0
1750501,0
1750636,0
1750644,0
1750713,0
1750725,0
1750754,0
1750818,0
1750837,0
1750983,0
1750994,0
1751005,0
1751236,0
1751318,0
1751423,0
1751471,0
1751534,0
1751557,0
1751559,0
1751641,0
1751690,0
1751699,0
1751765,0
1751823,0
1751882,0
1751984,0
1752020,0
1752073,0
1752217,0
1752218,0
1752236,0
1752290,0
1752318,0
1752338,0
1752343,0
1752501,0
1752552,0
1752591,0
1752666,0
1752815,0
1752822,0
1752838,0
1752935,0
1752982,0
1753008,0
1753054,0
1753204,0
1753243,0
1753397,0
1753428,0
1753571,0
1753611,0
1753709,0
1753782,0
1753827,0
1753905,0
1753906,0
1754073,0
1754077,0
1754134,0
1754218,0
1754295,0
1754362,0
1754457,0
1754552,0
1754758,0
1754792,0
1754845,0
1754849,0
1754868,0
1755053,0
1755236,0
1755261,0
1755300,0
1755308,0
1755383,0
1755448,0
1755484,0
1755504,0
1755552,0
1755578,0
1755604,0
1755631,0
1755798,1
1755881,0
1755951,0
1755988,0
1756073,0
1756166,0
1756289,0
1756384,0
1756461,0
1756508,0
1756547,0
1756581,0
1756614,0
1756621,0
1756651,0
1756693,0
1756796,0
1756808,0
1756896,0
1756944,0
1756958,0
1756990,0
1757020,0
1757039,0
1757171,0
1757173,0
1757204,0
1757217,0
1757240,0
1757262,0
1757372,0
1757389,0
1757549,0
1757592,0
1757629,0
1757739,0
1757756,0
1757905,0
1757965,0
1758023,0
1758149,0
1758169,0
1758188,0
1758281,0
1758441,0
1758469,0
1758601,0
1758641,0
1758664,0
1758791,0
1758796,0
1758939,0
1759135,0
1759364,0
1759573,0
1759802,0
1759913,0
1760090,0
1760183,0
1760287,0
1760297,0
1760395,0
1760511,0
1760526,0
1760863,0
1760919,0
1761084,0
1761125,0
1761150,0
1761179,0
1761209,0
1761502,0
1761573,0
1761591,0
1761678,0
1761697,0
1761757,0
1761773,0
1761778,0
1761863,0
1761881,0
1761956,0
1761974,0
1762005,0
1762221,0
1762349,0
1762388,0
1762393,0
1762456,0
1762559,0
1762564,0
1762566,0
1762854,0
1763024,0
1763095,0
1763114,0
1763156,0
1763191,0
1763202,0
1763255,1
1763304,0
1763326,0
1763334,0
1763469,0
1763569,1
1763574,0
1763608,0
1763649,1
1763685,0
1763693,1
1763697,0
1763705,0
1763720,0
1763792,0
1763827,0
1763856,1
1763896,0
1764072,0
1764191,0
1764227,0
1764296,0
1764383,0
1764402,0
1764474,0
1764483,0
1764528,0
1764625,0
1764675,0
1764728,0
1764772,0
1764801,0
1764847,0
1764852,0
1764884,0
1764913,0
1764980,0
1764991,0
1765152,0
1765272,0
1765386,0
1765400,0
1765440,0
1765455,0
1765465,0
1765484,0
1765556,0
1765602,0
1765630,1
1765671,0
1765695,0
1765704,0
1765733,0
1765805,0
1765806,0
1765822,0
1765834,0
1765976,0
1765987,0
1765997,0
1766111,0
1766121,0
1766140,0
1766155,0
1766159,0
1766186,0
1766235,0
1766256,0
1766277,0
1766376,0
1766400,0
1766474,0
1766489,0
1766597,0
1766636,0
1766813,0
1766895,0
1766912,0
1766930,0
1766942,0
1766967,0
1767039,0
1767060,0
1767064,0
1767101,0
1767133,0
1767276,0
1767412,0
1767492,0
1767511,0
1767632,0
1767638,0
1767676,0
1767715,0
1767770,0
1767838,0
1767850,0
1767857,0
1767891,0
1767962,0
1767980,1
1768012,0
1768035,0
1768093,0
1768148,0
1768173,0
1768184,0
1768196,0
1768244,0
1768358,0
1768389,0
1768499,0
1768553,0
1768697,0
1768710,0
1768733,0
1768802,0
1768829,0
1768920,0
1768939,0
1769020,0
1769023,0
1769060,0
1769105,0
1769257,0
1769306,0
1769398,0
1769470,0
1769474,0
1769608,0
1769644,0
1769770,0
1769832,0
1769847,0
1769884,0
1769890,0
1769899,0
1769903,0
1769917,0
1769937,0
1769964,0
1770000,0
1770134,0
1770167,0
1770199,0
1770253,0
1770256,0
1770295,0
1770343,0
1770375,0
1770439,0
1770469,0
1770478,0
1770502,0
1770563,0
1770626,0
1770643,0
1770668,0
1770680,0
1770703,0
1770758,0
1770808,0
1770834,0
1770837,0
1770878,0
1770909,0
1770981,0
1771005,0
1771110,0
1771132,0
1771238,0
1771290,0
1771341,0
1771483,0
1771508,0
1771535,0
1771636,0
1771638,0
1771653,0
1771654,0
1771771,0
1771795,0
1771852,0
1771862,0
1771886,0
1771926,0
1772091,0
1772098,0
1772124,0
1772127,0
1772180,0
1772210,0
1772211,0
1772266,0
1772272,0
1772284,0
1772357,0
1772363,0
1772432,0
1772475,0
1772524,0
1772652,0
1772679,0
1772765,0
1772771,0
1772783,0
1772818,0
1772826,0
1772853,0
1772854,0
1772886,0
1772931,0
1772941,0
1773007,0
1773016,0
1773109,0
1773159,0
1773209,0
1773226,0
1773248,0
1773344,0
1773363,0
1773415,0
1773438,0
1773458,0
1773521,0
1773560,0
1773610,0
1773654,0
1773677,0
1773717,0
1773783,0
1773804,0
1773844,1
1773996,0
1774152,0
1774166,0
1774196,0
1774233,0
1774285,0
1774362,0
1774376,0
1774437,0
1774439,0
1774464,0
1774487,0
1774498,0
1774567,0
1774602,0
1774671,0
1774673,0
1774688,0
1774726,0
1774748,0
1774750,0
1774820,0
1774895,0
1774919,0
1775056,0
1775258,0
1775333,0
1775490,0
1775509,0
1775515,0
1775542,0
1775561,0
1775620,0
1775698,0
1775738,0
1775817,0
1775862,0
1775891,0
1775892,0
1775916,0
1775922,0
1775942,0
1776121,0
1776208,0
1776215,0
1776220,0
1776258,0
1776319,0
1776399,0
1776447,0
1776521,0
1776536,0
1776571,0
1776585,0
1776614,0
1776633,0
1776661,0
1776666,0
1776703,0
1776737,0
1776790,0
1776829,0
1776954,0
1777011,0
1777030,0
1777103,0
1777151,0
1777212,0
1777258,0
1777521,0
1777533,0
1777559,0
1777729,0
1777802,0
1777876,0
1777971,0
1778065,0
1778139,0
1778170,0
1778220,0
1778472,0
1778485,0
1778511,0
1778579,0
1778585,0
1778602,0
1778612,0
1778699,0
1778746,0
1778798,0
1778840,0
1778875,0
1779033,0
1779085,0
1779104,0
1779165,0
1779169,0
1779189,0
1779210,0
1779278,0
1779287,0
1779300,0
1779340,0
1779425,0
1779535,0
1779557,0
1779575,0
1779583,0
1779585,0
1779643,0
1779704,0
1779719,0
1779725,0
1779743,1
1779823,0
1779887,0
1779945,0
1780002,0
1780088,0
1780128,0
1780144,0
1780306,0
1780413,0
1780541,0
1780566,0
1780620,0
1780625,0
1780661,0
1780684,0
1780686,0
1780725,0
1780755,0
1780792,0
1780803,0
1780808,0
1780836,0
1780926,0
1781115,0
1781122,0
1781199,0
1781230,0
1781287,0
1781374,0
1781388,0
1781409,0
1781450,0
1781537,0
1781601,0
1781632,0
1781670,0
1781817,0
1781823,0
1781842,1
1781915,0
1781999,0
1782144,0
1782206,0
1782374,0
1782413,0
1782626,0
1782656,0
1782789,0
1782791,0
1782798,0
1783024,0
1783047,0
1783050,0
1783074,0
1783087,0
1783271,0
1783282,0
1783290,0
1783312,0
1783314,0
1783379,0
1783451,0
1783503,0
1783523,0
1783554,0
1783689,0
1783764,0
1783780,0
1783798,0
1783853,0
1783963,0
1783968,0
1783976,0
1783986,0
1784025,0
1784077,0
1784178,0
1784236,0
1784279,0
1784297,0
1784308,0
1784366,0
1784388,0
1784437,0
1784456,0
1784460,0
1784557,0
1784627,0
1784755,0
1784789,0
1784844,0
1784851,0
1784852,0
1784915,0
1784933,0
1785001,0
1785007,0
1785060,0
1785082,0
1785117,0
1785129,0
1785245,0
1785277,0
1785379,0
1785412,0
1785420,0
1785441,0
1785454,0
1785486,0
1785529,0
1785579,0
1785610,0
1785614,0
1785622,0
1785645,0
1785718,0
1785746,1
1785753,0
1785782,0
1785906,0
1785929,0
1785970,0
1786096,0
1786118,0
1786195,0
1786237,1
1786246,0
1786428,0
1786444,0
1786458,0
1786469,0
1786489,0
1786536,0
1786587,0
1786665,0
1786681,0
1786742,0
1786785,0
1786939,0
1786981,0
1787101,0
1787121,0
1787122,0
1787158,0
1787182,0
1787268,0
1787297,0
1787389,0
1787394,0
1787420,0
1787425,0
1787484,0
1787517,0
1787544,0
1787564,0
1787628,0
1787738,0
1787761,0
1787790,0
1787819,0
1787844,0
1787863,0
1787967,0
1788002,0
1788049,0
1788051,0
1788055,0
1788070,0
1788124,0
1788138,0
1788143,0
1788145,0
1788273,0
1788290,0
1788442,0
1788450,0
1788453,0
1788478,0
1788501,0
1788513,0
1788526,0
1788608,0
1788634,0
1788661,0
1788663,0
1788849,0
1788875,0
1788885,0
1788931,0
1788952,0
1788962,0
1789084,0
1789457,0
1789502,0
1789567,0
1789578,0
1789635,0
1789646,0
1789662,0
1789697,0
1789863,0
1789897,0
1790179,0
1790214,0
1790221,1
1790236,0
1790392,0
1790398,0
1790439,0
1790465,0
1790579,0
1790669,1
1790670,0
1790719,0
1790754,0
1790815,0
1790873,0
1790944,0
1791064,0
1791071,0
1791146,0
1791208,0
1791388,0
1791421,0
1791488,0
1791528,0
1791580,0
1791614,0
1791632,0
1791684,0
1791768,0
1791899,0
1791905,0
1791975,0
1792013,0
1792057,0
1792062,1
1792151,0
1792224,0
1792256,0
1792272,0
1792302,0
1792311,0
1792313,0
1792381,0
1792400,0
1792415,0
1792462,0
1792477,0
1792481,0
1792536,0
1792554,0
1792578,0
1792592,0
1792714,0
1792718,0
1792739,0
1792740,0
1792819,0
1792885,0
1793038,0
1793167,0
1793328,0
1793381,0
1793403,0
1793475,0
1793553,0
1793580,0
1793602,0
1793667,0
1793894,0
1794033,0
1794055,0
1794187,0
1794200,1
1794225,0
1794233,0
1794323,0
1794457,0
1794493,0
1794499,0
1794638,0
1794681,0
1794702,0
1794749,0
1794827,0
1794882,0
1794883,0
1794888,0
1795007,0
1795141,0
1795149,0
1795150,0
1795158,0
1795169,0
1795229,0
1795253,0
1795318,0
1795325,0
1795343,0
1795353,0
1795368,0
1795407,0
1795518,0
1795551,0
1795640,0
1795674,0
1795748,0
1795788,0
1795792,1
1795812,0
1795838,0
1795883,0
1795889,0
1795955,0
1795968,0
1795974,0
1796033,0
1796104,0
1796191,0
1796193,0
1796232,0
1796260,0
1796261,0
1796263,0
1796291,0
1796349,0
1796440,0
1796444,0
1796501,0
1796528,0
1796572,0
1796608,0
1796649,0
1796688,0
1796756,0
1796835,0
1796843,0
1796865,0
1796980,0
1797020,0
1797068,0
1797130,0
1797157,0
1797200,0
1797229,0
1797302,0
1797306,0
1797315,0
1797434,0
1797564,0
1797620,0
1797628,0
1797635,0
1797644,0
1797717,0
1797802,0
1797880,0
1797936,0
1798063,0
1798082,0
1798140,0
1798168,0
1798170,0
1798205,0
1798238,0
1798254,0
1798282,0
1798292,0
1798309,0
1798312,0
1798374,0
1798416,0
1798467,0
1798484,0
1798582,0
1798643,0
1798716,0
1798722,0
1798767,0
1799046,0
1799137,0
1799170,0
1799212,0
1799230,0
1799321,0
1799340,0
1799401,0
1799443,0
1799459,0
1799477,0
1799613,0
1799614,0
1799685,1
1799719,0
1799726,0
1799769,0
1799787,0
1799831,0
1799871,0
1799990,0
1800002,0
1800018,0
1800025,0
1800070,0
1800079,0
1800093,0
1800165,0
1800171,0
1800252,0
1800376,0
1800418,0
1800432,0
1800454,0
1800544,0
1800568,1
1800598,0
1800798,0
1800855,0
1800904,0
1800947,0
1800960,0
1800984,0
1801022,0
1801053,0
1801167,0
1801184,0
1801216,0
1801262,0
1801308,0
1801331,0
1801395,0
1801399,0
1801503,0
1801765,0
1801836,0
1801986,0
1802034,0
1802052,0
1802097,0
1802119,0
1802161,0
1802457,0
1802561,0
1802614,0
1802624,0
1802625,0
1802718,0
1802778,0
1802782,0
1802791,0
1802802,0
1802856,0
1802912,0
1802949,0
1803039,0
1803067,0
1803070,0
1803304,0
1803365,0
1803408,0
1803464,0
1803568,0
1803667,0
1803776,0
1804077,0
1804140,0
1804244,0
1804290,0
1804330,0
1804425,0
1804480,0
1804481,0
1804579,0
1804589,0
1804595,0
1804597,0
1804612,0
1804664,0
1804725,0
1804758,0
1804771,0
1804790,0
1804852,0
1804889,0
1804957,0
1804958,0
1804983,0
1804998,0
1805159,0
1805172,0
1805181,0
1805233,0
1805294,0
1805351,0
1805547,0
1805555,0
1805567,0
1805652,0
1805720,0
1805724,0
1805745,0
1805771,0
1805793,0
1805807,0
1805813,0
1805838,0
1805881,0
1805890,0
1805923,0
1805934,0
1805941,0
1805977,0
1806007,0
1806094,0
1806112,0
1806121,0
1806143,0
1806222,0
1806292,0
1806304,0
1806385,0
1806414,0
1806433,0
1806539,0
1806693,0
1806713,0
1806743,0
1806762,0
1806809,0
1806810,0
1806870,0
1806914,0
1806943,0
1806961,0
1806976,0
1807005,0
1807037,0
1807067,0
1807245,0
1807285,0
1807360,0
1807412,0
1807455,0
1807486,0
1807500,0
1807557,0
1807651,0
1807660,0
1807675,0
1807768,0
1807814,0
1807837,0
1807838,0
1807871,0
1807883,0
1807898,0
1807949,0
1807986,0
1808044,0
1808084,0
1808132,0
1808192,0
1808301,0
1808358,0
1808556,0
1808571,0
1808621,0
1808680,0
1808736,0
1808769,0
1808804,0
1808922,0
1808968,1
1809005,0
1809012,0
1809087,0
1809121,0
1809251,0
1809267,0
1809283,0
1809284,0
1809366,0
1809368,0
1809411,0
1809469,0
1809487,0
1809517,0
1809521,0
1809584,0
1809693,0
1809798,0
1809888,0
1809933,0
1809960,0
1809995,0
1810054,0
1810074,0
1810091,0
1810152,0
1810407,0
1810515,0
1810527,0
1810532,0
1810547,0
1810651,0
1810658,0
1810691,0
1810731,0
1810829,0
1810844,0
1810876,0
1810891,0
1810982,0
1810988,0
1811001,1
1811036,1
1811256,0
1811309,0
1811482,0
1811519,0
1811528,0
1811645,0
1811663,0
1811701,0
1811814,0
1811825,0
1811971,0
1811978,0
1812184,0
1812189,0
1812509,0
1812556,0
1812560,0
1812601,0
1812626,0
1812750,0
1812773,0
1812912,0
1812940,0
1813102,0
1813299,0
1813351,0
1813371,0
1813541,0
1813604,0
1813668,0
1813733,0
1813757,0
1813764,0
1813833,0
1813908,0
1813981,0
1814059,0
1814079,0
1814147,0
1814165,0
1814213,0
1814302,0
1814312,0
1814376,0
1814384,0
1814486,0
1814504,0
1814507,0
1814659,0
1814699,0
1814713,0
1814740,0
1814846,0
1814873,0
1814876,0
1814923,0
1815025,0
1815120,0
1815167,0
1815185,0
1815190,0
1815202,0
1815341,0
1815383,0
1815451,0
1815462,0
1815507,0
1815519,0
1815524,0
1815535,0
1815540,0
1815603,0
1815633,0
1815636,0
1815780,0
1815797,0
1815814,0
1815881,0
1816019,0
1816061,0
1816152,0
1816165,0
1816166,0
1816220,0
1816386,0
1816401,0
1816499,0
1816500,0
1816672,0
1817009,0
1817048,0
1817060,0
1817065,0
1817092,0
1817317,0
1817365,0
1817445,0
1817515,0
1817571,0
1817576,0
1817652,1
1817681,0
1817845,0
1817929,0
1817933,0
1818091,0
1818101,0
1818146,0
1818147,0
1818149,0
1818190,0
1818198,0
1818218,0
1818303,0
1818332,0
1818338,0
1818349,0
1818362,0
1818436,0
1818631,0
1818666,1
1818831,0
1818859,0
1818963,0
1818998,0
1819060,0
1819085,0
1819191,0
1819202,0
1819288,0
1819351,0
1819380,0
1819386,0
1819512,0
1819526,0
1819554,0
1819857,0
1819861,0
1819878,0
1819931,0
1820003,0
1820008,0
1820012,0
1820093,0
1820104,0
1820135,0
1820141,0
1820237,0
1820275,0
1820311,0
1820364,0
1820371,0
1820516,0
1820663,0
1820888,0
1820949,0
1820955,0
1820969,0
1821001,0
1821011,0
1821023,0
1821042,0
1821088,0
1821097,0
1821135,0
1821144,0
1821206,0
1821239,0
1821292,0
1821420,0
1821446,0
1821453,0
1821464,0
1821476,0
1821527,0
1821540,0
1821546,0
1821643,0
1821756,0
1821972,0
1821989,0
1822032,0
1822087,0
1822098,0
1822173,0
1822240,0
1822247,0
1822312,0
1822411,0
1822461,0
1822476,1
1822491,0
1822535,0
1822574,0
1822650,0
1822679,0
1822768,0
1822769,0
1822805,0
1822821,0
1822854,0
1822865,0
1822887,0
1822888,0
1823027,0
1823089,0
1823121,0
1823134,1
1823241,0
1823338,0
1823354,0
1823424,0
1823482,0
1823486,0
1823490,0
1823740,0
1823801,0
1823823,0
1823837,0
1823843,0
1823853,0
1823881,0
1823947,0
1824064,0
1824255,0
1824315,0
1824328,0
1824365,0
1824422,0
1824534,0
1824542,0
1824571,0
1824586,0
1824649,0
1824665,0
1824703,0
1824708,0
1824821,0
1824859,0
1825028,0
1825116,0
1825222,0
1825237,0
1825251,0
1825291,0
1825431,0
1825442,0
1825576,0
1825596,0
1825640,0
1825723,0
1825754,0
1825759,0
1825893,1
1826170,0
1826255,0
1826289,0
1826337,0
1826353,0
1826370,0
1826402,0
1826417,0
1826420,0
1826422,0
1826532,0
1826695,0
1826717,0
1826874,0
1826886,0
1826906,0
1826990,0
1827053,0
1827084,0
1827151,0
1827187,0
1827188,0
1827283,0
1827311,0
1827342,0
1827395,0
1827462,0
1827537,0
1827625,0
1827631,0
1827667,0
1827741,0
1827836,0
1827924,0
1827969,0
1828005,0
1828030,0
1828060,0
1828133,0
1828152,0
1828302,0
1828457,0
1828494,0
1828526,0
1828554,0
1828557,0
1828565,0
1828599,0
1828729,0
1828759,0
1828786,0
1828812,0
1828850,0
1828908,0
1828962,0
1828971,0
1828997,0
1829035,0
1829100,0
1829257,0
1829339,0
1829404,0
1829427,0
1829476,0
1829610,0
1829636,0
1829652,0
1829754,0
1829843,0
1829905,0
1829908,0
1829917,0
1830156,0
1830182,0
1830183,0
1830213,0
1830306,0
1830332,0
1830534,0
1830581,0
1830661,0
1830692,0
1830705,0
1830771,1
1830936,0
1830941,0
1830977,0
1830979,0
1831023,0
1831067,0
1831090,0
1831167,0
1831201,0
1831204,0
1831334,0
1831380,1
1831459,0
1831564,0
1831576,0
1831601,0
1831609,0
1831648,0
1831651,0
1831762,0
1831862,0
1831887,0
1831918,0
1831931,0
1831939,0
1831969,0
1832058,0
1832092,0
1832116,0
1832140,0
1832185,0
1832250,0
1832257,0
1832418,0
1832444,0
1832456,0
1832564,0
1832565,0
1832581,0
1832618,0
1832639,0
1832761,0
1832777,0
1832839,0
1832862,0
1832893,0
1833010,0
1833082,0
1833087,0
1833154,0
1833163,0
1833182,0
1833273,0
1833394,0
1833455,0
1833702,0
1833758,0
1833780,0
1833781,0
1833787,0
1833838,0
1833870,0
1833963,0
1834013,1
1834025,0
1834072,0
1834167,0
1834195,0
1834223,0
1834264,0
1834280,0
1834344,0
1834346,0
1834395,0
1834509,0
1834543,0
1834565,0
1834640,0
1834678,0
1834738,0
1834811,0
1834911,0
1834949,0
1835010,0
1835145,0
1835147,0
1835243,0
1835274,0
1835348,0
1835387,0
1835394,0
1835490,0
1835494,0
1835498,0
1835598,0
1835601,0
1835661,0
1835666,0
1835687,0
1835967,0
1835988,0
1836014,0
1836062,0
1836068,0
1836134,0
1836147,0
1836163,0
1836190,0
1836200,0
1836208,0
1836235,0
1836350,0
1836372,0
1836380,0
1836461,0
1836579,0
1836627,0
1836632,0
1836793,0
1836803,0
1836829,0
1836859,0
1836965,0
1837056,0
1837116,0
1837131,0
1837216,0
1837264,0
1837271,0
1837278,0
1837284,0
1837398,0
1837447,0
1837457,0
1837474,0
1837491,0
1837509,0
1837543,0
1837584,0
1837603,0
1837616,0
1837973,0
1837979,0
1837980,0
1837982,0
1837996,0
1838006,0
1838011,0
1838022,0
1838047,0
1838049,0
1838068,0
1838070,0
1838087,0
1838156,0
1838163,0
1838204,0
1838231,0
1838287,1
1838310,0
1838351,0
1838364,0
1838398,0
1838481,0
1838518,0
1838548,0
1838592,0
1838606,0
1838624,0
1838647,0
1838697,0
1838704,0
1838744,0
1838770,0
1838812,0
1838888,0
1838923,0
1839012,0
1839030,0
1839051,0
1839057,0
1839071,0
1839120,0
1839147,0
1839186,0
1839191,0
1839201,0
1839223,0
1839289,0
1839323,0
1839344,0
1839429,0
1839445,0
1839551,0
1839677,0
1839752,0
1839771,0
1839843,0
1839848,0
1839864,0
1839871,0
1839872,0
1839897,0
1839927,0
1839945,0
1840049,0
1840108,0
1840155,0
1840180,0
1840273,0
1840498,0
1840532,0
1840558,0
1840569,0
1840591,0
1840657,0
1840675,0
1840685,0
1840784,0
1840856,0
1840868,0
1840906,0
1841151,0
1841175,0
1841225,0
1841244,0
1841309,0
1841342,0
1841387,1
1841397,0
1841399,0
1841441,0
1841531,0
1841615,0
1841628,0
1841641,0
1841652,0
1841688,0
1841714,0
1841745,0
1841764,0
1841788,0
1841822,0
1841840,0
1841932,0
1841990,0
1842046,0
1842109,0
1842187,0
1842212,0
1842243,0
1842277,0
1842299,0
1842348,0
1842416,0
1842441,0
1842486,0
1842516,0
1842610,0
1842767,0
1842835,0
1842837,0
1842947,0
1842973,0
1842996,0
1843076,0
1843123,0
1843157,1
1843173,0
1843186,0
1843386,0
1843489,0
1843533,0
1843534,0
1843617,0
1843618,0
1843662,0
1843723,0
1843744,0
1843819,0
1843927,0
1843948,0
1843989,0
1844012,0
1844051,0
1844068,0
1844118,0
1844175,0
1844186,0
1844241,0
1844246,0
1844280,1
1844288,0
1844299,0
1844304,0
1844367,0
1844427,0
1844468,0
1844554,0
1844626,0
1844673,0
1844820,0
1844835,0
1845024,0
1845027,0
1845060,0
1845151,1
1845180,0
1845215,0
1845298,0
1845366,0
1845535,0
1845540,0
1845653,0
1845661,0
1845806,0
1845866,0
1845869,0
1845943,0
1846015,0
1846198,0
1846337,0
1846430,0
1846487,0
1846561,0
1846580,0
1846637,0
1846641,0
1846646,0
1846648,0
1846660,0
1846716,0
1846721,0
1846736,0
1846809,0
1846844,0
1846884,0
1846931,0
1846983,0
1846992,0
1847045,0
1847082,0
1847111,0
1847151,0
1847203,0
1847205,0
1847228,0
1847289,0
1847346,0
1847350,0
1847391,0
1847393,0
1847429,0
1847484,0
1847540,0
1847570,0
1847661,0
1847673,0
1847753,0
1847805,0
1847863,0
1847891,0
1847911,0
1847923,0
1847946,0
1847980,0
1848190,0
1848309,0
1848315,0
1848347,0
1848363,0
1848405,0
1848551,0
1848561,0
1848578,0
1848668,0
1848703,0
1848749,0
1848763,0
1848799,0
1848802,0
1848812,0
1848817,0
1848831,0
1848918,0
1848960,0
1849023,0
1849029,0
1849042,0
1849092,0
1849136,0
1849376,0
1849384,0
1849440,0
1849445,0
1849612,0
1849618,0
1849721,0
1849745,0
1849767,0
1849782,0
1849838,0
1849892,0
1849925,0
1849994,0
1850019,0
1850041,0
1850106,0
1850168,0
1850200,0
1850220,0
1850282,0
1850308,0
1850434,0
1850582,0
1850612,0
1850735,0
1850750,0
1850833,0
1850870,0
1850879,0
1850909,0
1850962,0
1851022,1
1851024,0
1851070,0
1851107,0
1851123,0
1851221,0
1851290,0
1851438,0
1851594,0
1851598,0
1851751,0
1851846,0
1851997,0
1852096,0
1852147,0
1852163,0
1852210,0
1852442,0
1852499,0
1852526,0
1852563,0
1852567,0
1852576,0
1852600,0
1852637,0
1852659,0
1852676,1
1852680,0
1852685,0
1852697,0
1852728,0
1852833,1
1852848,0
1852852,0
1852872,0
1852917,0
1852976,0
1853048,0
1853049,0
1853076,0
1853083,0
1853096,0
1853132,0
1853180,0
1853282,0
1853373,0
1853417,0
1853485,0
1853497,0
1853552,0
1853601,0
1853628,0
1853672,0
1853797,0
1853955,0
1854047,0
1854050,0
1854056,0
1854229,0
1854269,0
1854270,0
1854284,0
1854321,0
1854345,0
1854418,0
1854467,0
1854511,0
1854529,0
1854581,0
1854605,0
1854613,0
1854672,0
1854753,0
1854783,0
1854813,0
1854869,1
1854980,0
1855047,0
1855173,0
1855367,0
1855459,0
1855504,0
1855532,0
1855540,0
1855601,0
1855624,0
1855722,0
1855734,0
1855744,0
1855800,0
1855853,0
1855883,0
1855885,0
1855918,0
1856001,0
1856052,0
1856056,0
1856241,0
1856330,0
1856401,0
1856426,0
1856431,0
1856534,0
1856535,0
1856597,0
1856620,0
1856655,0
1856702,0
1856764,0
1856784,0
1856796,0
1856884,0
1856907,0
1856984,0
1857010,1
1857013,1
1857017,0
1857029,0
1857053,0
1857075,0
1857092,0
1857123,0
1857260,0
1857282,0
1857326,0
1857331,0
1857338,0
1857383,0
1857432,0
1857640,0
1857709,0
1857827,0
1857831,0
1858086,0
1858137,0
1858228,0
1858241,0
1858274,0
1858328,0
1858365,0
1858368,0
1858376,0
1858502,0
1858564,0
1858616,0
1858647,0
1858753,0
1858873,0
1858917,0
1859025,0
1859048,0
1859092,0
1859095,0
1859107,0
1859118,0
1859261,0
1859428,0
1859453,0
1859457,0
1859481,0
1859488,0
1859550,0
1859616,0
1859644,0
1859647,0
1859729,0
1859731,0
1859738,0
1859787,0
1859848,0
1859855,0
1859911,0
1859933,0
1859952,0
1860018,0
1860057,0
1860084,0
1860093,0
1860112,0
1860144,0
1860253,0
1860366,0
1860445,0
1860459,0
1860482,0
1860556,0
1860606,0
1860657,0
1860669,0
1860705,0
1860715,0
1860853,0
1860903,0
1860914,0
1860942,0
1861031,1
1861079,0
1861194,0
1861222,0
1861259,0
1861262,0
1861264,0
1861287,0
1861294,0
1861314,0
1861362,0
1861376,0
1861393,0
1861440,0
1861457,0
1861469,0
1861513,0
1861552,0
1861554,0
1861727,0
1861795,0
1861838,0
1861873,0
1861890,0
1861937,0
1862029,0
1862069,0
1862070,0
1862078,0
1862084,0
1862273,0
1862422,0
1862613,0
1862666,0
1862744,0
1862762,0
1862782,0
1862793,0
1862801,0
1862803,1
1862877,0
1862881,0
1862933,0
1862968,0
1862974,0
1863020,0
1863036,0
1863037,0
1863122,0
1863178,0
1863242,0
1863289,0
1863309,0
1863393,0
1863432,0
1863446,1
1863494,0
1863546,0
1863564,0
1863569,0
1863586,0
1863706,0
1863713,0
1863714,0
1863729,0
1863750,0
1863783,0
1863793,0
1863815,0
1863847,0
1863873,0
1863877,0
1863878,0
1863885,0
1863940,0
1866477,1
1867987,0
1868632,0
1870109,0
1871366,0
1871464,0
1872623,0
1874330,1
1874863,0
1875149,0
1876117,0
1877708,0
1880017,0
1880856,0
1881478,0
1881519,0
1881657,0
1881859,0
1882199,0
1882367,0
1882725,0
1883086,0
1884058,0
1884451,0
1884586,0
1884604,0
1884609,0
1885069,0
1885209,0
1885361,1
1885532,0
1885591,0
1886008,0
1886421,0
1886547,0
1886569,0
1886755,0
1886796,0
1887021,0
1887114,0
1887535,0
1887946,0
1890002,0
1890773,0
1891312,0
1891429,0
1891808,0
1891904,1
1891977,0
1892297,0
1892531,0
1893202,0
1893276,0
1894197,0
1894390,0
1894675,0
1894925,0
1895386,0
1895576,0
1896321,0
1897868,0
1898932,0
1898949,0
1898967,0
1898977,0
1898983,0
1899137,0
1899149,0
1899185,0
1899305,0
1899451,0
1899456,0
1899500,0
1899667,0
1899697,0
1899711,0
1899714,0
1899759,0
1899834,0
1899930,0
1899956,0
1900022,0
1900073,0
1900118,0
1900119,0
1900127,0
1900222,0
1900295,0
1900298,0
1900310,0
1900371,0
1900438,0
1900495,0
1900556,0
1900605,0
1900607,0
1900666,0
1900676,0
1900725,0
1900747,0
1900777,0
1900814,0
1900910,0
1900958,0
1900968,0
1901025,0
1901060,0
1901150,0
1901161,0
1901176,0
1901183,0
1901207,0
1901216,0
1901254,0
1901318,0
1901322,0
1901418,0
1901433,0
1901450,0
1901468,0
1901593,0
1901632,0
1901685,0
1901711,0
1901828,0
1901830,0
1901886,0
1901975,0
1902021,0
1902158,0
1902163,0
1902220,0
1902321,0
1902324,0
1902403,0
1902470,0
1902473,0
1902514,0
1902562,0
1902626,0
1902699,0
1902780,0
1902783,0
1902816,0
1902827,0
1902828,0
1902847,0
1902887,0
1902953,0
1903070,0
1903105,0
1903193,0
1903204,0
1903287,0
1903390,0
1903569,0
1903570,0
1903624,0
1903666,0
1903720,0
1903744,0
1903747,0
1903748,0
1903917,0
1903929,0
1903965,0
1903990,0
1904019,0
1904037,0
1904219,0
1904225,0
1904252,0
1904276,0
1904387,0
1904395,0
1904427,0
1904456,0
1904535,0
1904607,0
1904623,0
1904634,1
1904693,0
1904696,0
1904731,0
1904734,0
1904739,0
1904834,0
1904954,0
1905052,0
1905059,0
1905090,0
1905147,0
1905153,0
1905301,0
1905369,0
1905415,0
1905427,0
1905442,0
1905497,0
1905558,0
1905593,0
1905612,0
1905634,0
1905721,0
1905771,0
1905807,0
1905864,0
1905879,0
1905907,0
1905945,0
1905956,0
1906033,0
1906085,0
1906094,0
1906120,0
1906138,0
1906144,0
1906275,0
1906303,0
1906321,0
1906370,0
1906407,0
1906415,0
1906442,0
1906467,0
1906516,0
1906531,0
1906560,0
1906566,0
1906575,0
1906668,0
1906736,0
1906763,0
1906981,0
1906989,0
1907003,0
1907014,0
1907055,0
1907112,0
1907143,0
1907247,0
1907353,0
1907492,0
1907569,0
1907616,0
1907638,0
1907830,0
1907926,0
1907936,0
1908047,0
1908196,0
1908266,0
1908380,0
1908416,0
1908489,0
1908572,0
1908616,0
1908723,0
1908757,0
1908801,1
1908839,0
1908963,0
1908973,0
1909042,0
1909131,0
1909154,0
1909159,0
1909175,0
1909188,0
1909222,0
1909229,0
1909242,0
1909243,0
1909273,0
1909317,0
1909318,0
1909398,0
1909401,0
1909501,0
1909537,0
1909684,0
1909766,0
1909769,0
1909792,0
1909793,0
1909803,0
1909827,0
1909879,0
1909902,0
1909972,0
1910039,0
1910098,0
1910115,0
1910156,0
1910201,0
1910250,0
1910323,0
1910410,0
1910434,0
1910443,0
1910485,0
1910492,0
1910593,0
1910595,0
1910661,0
1910737,0
1910742,0
1910744,0
1910766,0
1910810,0
1910835,0
1910882,0
1910925,0
1910931,0
1910954,0
1910971,0
1910978,0
1911092,0
1911153,0
1911230,0
1911239,0
1911245,0
1911298,0
1911330,0
1911413,0
1911464,0
1911481,0
1911545,0
1911625,0
1911689,0
1911780,1
1911831,0
1911906,1
1912006,0
1912234,0
1912245,0
1912278,0
1912414,0
1912603,0
1912628,0
1912771,0
1912785,0
1912931,0
1912951,0
1912970,0
1912995,0
1913003,0
1913023,0
1913051,0
1913067,0
1913069,0
1913086,0
1913176,0
1913181,0
1913233,0
1913288,0
1913450,0
1913624,0
1913639,0
1913685,0
1913806,0
1913846,0
1913883,0
1914040,0
1914110,0
1914176,0
1914245,0
1914299,0
1914351,0
1914472,0
1914549,0
1914641,0
1914672,0
1914851,0
1914872,0
1914936,0
1915046,0
1915070,0
1915240,0
1915416,0
1915530,0
1915616,0
1915654,0
1915681,0
1915704,0
1915719,0
1915730,0
1915740,0
1915863,0
1915873,0
1916027,0
1916069,1
1916070,0
1916117,0
1916149,0
1916155,0
1916181,0
1916186,0
1916248,0
1916286,0
1916322,0
1916384,0
1916417,0
1916779,0
1916804,0
1916947,0
1917000,0
1917016,0
1917060,0
1917113,0
1917132,0
1917263,0
1917306,0
1917337,0
1917360,0
1917406,0
1917545,0
1917601,0
1917689,0
1917770,0
1917806,0
1917826,0
1917835,0
1917942,0
1917949,0
1918003,0
1918005,0
1918029,0
1918043,0
1918116,0
1918184,0
1918291,0
1918360,0
1918388,0
1918400,0
1918484,0
1918528,0
1918588,0
1918591,0
1918649,0
1918732,0
1918797,0
1918808,1
1918812,0
1918824,0
1918840,0
1918849,0
1918868,0
1918886,0
1918945,0
1919006,0
1919044,0
1919282,0
1919449,0
1919538,1
1919564,0
1919585,0
1919666,0
1919674,0
1919686,0
1919693,0
1919813,0
1919850,0
1919861,0
1919922,0
1919985,0
1920026,0
1920063,0
1920103,0
1920194,0
1920195,0
1920270,0
1920303,0
1920343,0
1920360,0
1920393,0
1920429,0
1920435,0
1920514,0
1920518,0
1920589,0
1920728,0
1920742,0
1920818,0
1921163,0
1921184,1
1921270,0
1921271,0
1921306,0
1921316,0
1921367,0
1921371,0
1921615,0
1921634,0
1921665,0
1921719,0
1921800,0
1921855,0
1921875,0
1921916,0
1921943,0
1922097,0
1922140,0
1922143,0
1922256,0
1922262,0
1922316,0
1922408,0
1922512,0
1922677,0
1922711,0
1922758,0
1922771,0
1922869,0
1922877,0
1922927,0
1922981,0
1923095,0
1923097,0
1923098,0
1923178,0
1923390,0
1923520,0
1923579,0
1923647,0
1923815,0
1923822,0
1923849,0
1923905,1
1923951,0
1923992,0
1924029,0
1924048,0
1924056,0
1924223,0
1924320,0
1924338,0
1924374,0
1924446,0
1924511,0
1924530,0
1924610,0
1924666,0
1924715,1
1924848,0
1924874,0
1924919,0
1924926,0
1924995,0
1925090,0
1925241,0
1925461,0
1925501,0
1925543,0
1925569,0
1925586,0
1925745,0
1925811,0
1925935,0
1925938,0
1926015,0
1926026,0
1926037,0
1926043,0
1926142,0
1926152,0
1926236,0
1926358,0
1926373,0
1926491,0
1926493,0
1926621,0
1926772,0
1926924,0
1926928,0
1926980,0
1927007,0
1927073,0
1927118,0
1927192,0
1927216,0
1927420,0
1927494,0
1927515,0
1927630,0
1927640,0
1927681,0
1927689,0
1927723,0
1927741,0
1927744,0
1927750,0
1927886,0
1927894,0
1927936,0
1928039,0
1928139,0
1928190,0
1928229,0
1928247,0
1928324,0
1928455,1
1928479,0
1928544,0
1928562,0
1928641,0
1928689,0
1928692,0
1928759,0
1929049,0
1929104,0
1929116,0
1929160,0
1929210,0
1929250,0
1929277,0
1929296,0
1929319,0
1929330,0
1929398,0
1929474,0
1929600,0
1929780,0
1929794,0
1929868,0
1929877,0
1929915,0
1930006,0
1930057,0
1930082,0
1930358,0
1930423,0
1930460,0
1930544,0
1930549,0
1930627,0
1930632,0
1930640,0
1930673,0
1930706,0
1930781,0
1930858,0
1930979,0
1931031,0
1931137,0
1931165,0
1931223,0
1931422,0
1931466,0
1931470,0
1931535,0
1931631,0
1931682,0
1931735,0
1931801,0
1931803,0
1931878,0
1931960,0
1932007,0
1932114,1
1932179,0
1932382,0
1932477,0
1932519,0
1932596,0
1932597,0
1932720,0
1932724,0
1932749,0
1932807,0
1932836,0
1932847,0
1932880,0
1932926,0
1932946,0
1933033,0
1933037,0
1933038,0
1933066,0
1933102,0
1933104,0
1933576,0
1933658,0
1933672,0
1933731,0
1933885,0
1933927,0
1933936,0
1933946,0
1933973,0
1934005,0
1934159,0
1934210,0
1934240,0
1934422,0
1934713,0
1934904,0
1934963,0
1935076,0
1935222,0
1935232,0
1935329,0
1935332,0
1935360,0
1935519,0
1935564,0
1935584,0
1935652,0
1935663,0
1935743,0
1935895,0
1936118,0
1936290,0
1936301,0
1936422,0
1936484,0
1936490,0
1936560,0
1936612,0
1936680,0
1936769,0
1936876,0
1936960,0
1937023,0
1937138,0
1937153,0
1937207,0
1937230,0
1937261,0
1937264,0
1937288,0
1937322,0
1937386,0
1937418,0
1937428,0
1937551,0
1937604,0
1937743,0
1937752,0
1937825,0
1937859,0
1937900,0
1937976,0
1938123,0
1938128,0
1938134,0
1938137,0
1938153,0
1938317,0
1938382,0
1938462,0
1938540,0
1938587,0
1938603,0
1938644,0
1938652,0
1938709,0
1938725,0
1938743,0
1938772,0
1938816,0
1938882,0
1938911,0
1938923,0
1938957,0
1939010,0
1939025,0
1939070,0
1939113,0
1939155,0
1939363,0
1939367,0
1939368,0
1939507,0
1939523,0
1939593,0
1939629,0
1939713,0
1939725,0
1939795,0
1939810,0
1939977,0
1940056,0
1940061,0
1940112,0
1940140,0
1940270,0
1940290,0
1940396,0
1940418,0
1940650,0
1940738,0
1940942,0
1941040,0
1941126,0
1941175,0
1941237,0
1941292,1
1941349,0
1941470,0
1941624,0
1941626,0
1941703,0
1941762,0
1941805,1
1941825,0
1941830,0
1941832,0
1941871,0
1942014,0
1942051,0
1942101,0
1942172,0
1942245,0
1942268,0
1942298,0
1942486,0
1942552,0
1942654,0
1942655,0
1942678,0
1942927,0
1943002,0
1943130,0
1943146,0
1943149,0
1943248,1
1943268,0
1943363,0
1943464,0
1943582,0
1943609,0
1943614,0
1943633,0
1943671,0
1943725,0
1943761,0
1943866,0
1943923,0
1943982,0
1943994,0
1944031,0
1944116,0
1944225,0
1944232,0
1944245,0
1944269,0
1944279,0
1944381,0
1944427,0
1944436,0
1944472,0
1944696,0
1944736,0
1944837,0
1944971,0
1945007,0
1945043,0
1945127,0
1945150,0
1945165,0
1945220,0
1945251,0
1945276,0
1945402,0
1945407,0
1945565,0
1945618,0
1945631,0
1945724,0
1945771,0
1945914,0
1945932,0
1946008,0
1946040,0
1946058,0
1946220,0
1946341,0
1946426,0
1946444,0
1946453,0
1946460,0
1946469,0
1946518,0
1946590,0
1946811,0
1946833,0
1946851,0
1946864,0
1946982,0
1947039,0
1947077,0
1947094,0
1947324,0
1947420,0
1947510,0
1947618,0
1947656,0
1947667,0
1947678,0
1947692,0
1947697,0
1947713,0
1947723,0
1947745,0
1947773,0
1947776,0
1947803,0
1947860,0
1947879,0
1947882,0
1947891,0
1948072,0
1948156,0
1948318,0
1948338,0
1948400,0
1948562,0
1948583,0
1948645,0
1948667,0
1948672,0
1948787,0
1948801,0
1948823,0
1948845,0
1948904,0
1948934,0
1949002,0
1949045,0
1949061,0
1949091,0
1949264,0
1949304,0
1949315,0
1949323,0
1949456,0
1949572,0
1949574,0
1949583,0
1949589,0
1949622,0
1949709,0
1949732,0
1949774,0
1949778,0
1949854,0
1949870,0
1949886,0
1949902,0
1949967,0
1950037,0
1950087,0
1950102,0
1950111,0
1950112,0
1950148,0
1950172,0
1950176,0
1950223,0
1950235,0
1950249,0
1950256,0
1950275,0
1950307,0
1950381,1
1950412,0
1950485,0
1950504,0
1950515,0
1950556,0
1950579,0
1950603,0
1950642,0
1950705,0
1950741,0
1950760,0
1950817,0
1950838,0
1950962,0
1951090,0
1951123,0
1951226,0
1951238,0
1951253,0
1951271,0
1951295,0
1951348,0
1951428,0
1951504,0
1951552,0
1951650,0
1951652,0
1951654,0
1951683,0
1951702,0
1951837,0
1951938,0
1952024,0
1952120,0
1952180,0
1952197,0
1952209,0
1952213,0
1952249,0
1952320,0
1952362,0
1952372,0
1952387,0
1952458,0
1952514,0
1952585,0
1952593,0
1952651,0
1952661,0
1952698,0
1952707,0
1952782,0
1952800,0
1952839,0
1952840,0
1952864,0
1952898,0
1952945,0
1952963,0
1953035,0
1953046,0
1953111,0
1953206,0
1953276,0
1953277,0
1953282,0
1953319,0
1953346,0
1953390,0
1953406,0
1953554,0
1953556,0
1953569,1
1953600,0
1953609,0
1953655,0
1953660,0
1953707,0
1953725,0
1953758,0
1953759,0
1953763,0
1953772,0
1953886,0
1953908,0
1953961,0
1954150,0
1954200,0
1954220,0
1954221,0
1954245,0
1954248,1
1954264,0
1954269,0
1954345,0
1954359,0
1954401,0
1954516,0
1954540,0
1954547,0
1954583,0
1954665,0
1954708,0
1954723,0
1954733,1
1954764,0
1954801,0
1954837,0
1954850,0
1954854,0
1954878,0
1954879,0
1954904,0
1954919,0
1954944,0
1954997,0
1955050,0
1955094,0
1955100,0
1955105,0
1955124,0
1955125,0
1955174,0
1955201,0
1955351,0
1955377,0
1955420,0
1955488,0
1955492,0
1955581,0
1955639,0
1955666,0
1955707,0
1955759,0
1955765,0
1955845,0
1955857,0
1955868,0
1955871,0
1955989,0
1956006,0
1956067,0
1956074,0
1956100,0
1956176,0
1956242,0
1956255,0
1956301,0
1956367,0
1956393,0
1956433,0
1956601,0
1956633,0
1956651,0
1956710,0
1956711,0
1956725,0
1956768,0
1956775,0
1956799,0
1956921,0
1957109,0
1957126,0
1957173,0
1957194,0
1957195,0
1957299,0
1957301,0
1957316,0
1957338,0
1957383,1
1957394,0
1957401,0
1957497,0
1957584,0
1957597,0
1957605,0
1957622,0
1957626,0
1957687,0
1957705,0
1957724,0
1957781,0
1957782,0
1957816,0
1957837,0
1957887,0
1957894,0
1957931,0
1957962,0
1958009,0
1958032,0
1958085,0
1958151,0
1958186,0
1958190,0
1958334,0
1958340,0
1958351,0
1958359,0
1958368,0
1958387,0
1958414,0
1958416,0
1958453,0
1958472,0
1958483,0
1958487,0
1958494,0
1958497,0
1958501,0
1958525,0
1958696,0
1958751,0
1958940,0
1959022,0
1959037,0
1959061,0
1959078,0
1959081,0
1959097,0
1959119,0
1959342,0
1959350,0
1959376,0
1959378,0
1959388,0
1959501,0
1959504,0
1959574,0
1959666,0
1959706,0
1959818,0
1959844,0
1959885,0
1959921,0
1959992,0
1960004,0
1960129,0
1960209,0
1960281,0
1960383,0
1960497,0
1960776,0
1960842,0
1960881,0
1960882,0
1960914,0
1961087,0
1961121,0
1961127,0
1961144,0
1961158,0
1961215,0
1961236,0
1961285,0
1961311,0
1961362,0
1961375,0
1961627,0
1961700,0
1961704,0
1961725,0
1961759,0
1961809,0
1961852,0
1961934,0
1961988,0
1962029,0
1962095,0
1962113,0
1962260,0
1962291,0
1962298,0
1962365,0
1962435,0
1962488,0
1962582,0
1962776,1
1962833,0
1962835,0
1962862,0
1962880,0
1962896,0
1962935,0
1962975,0
1963032,0
1963085,0
1963101,0
1963109,0
1963182,0
1963209,0
1963245,0
1963256,0
1963269,0
1963326,0
1963380,0
1963401,0
1963427,0
1963556,0
1963623,0
1963656,0
1963711,0
1963760,0
1963775,0
1963799,0
1963867,0
1963928,0
1963940,0
1963963,0
1964033,0
1964039,0
1964059,1
1964081,0
1964104,0
1964164,0
1964283,1
1964299,0
1964313,0
1964337,0
1964352,0
1964357,0
1964394,0
1964413,0
1964456,0
1964492,0
1964549,0
1964566,0
1964598,0
1964703,0
1964732,0
1964795,0
1964816,0
1964928,0
1964956,1
1965016,0
1965104,0
1965124,0
1965143,0
1965190,0
1965193,0
1965207,0
1965261,0
1965262,0
1965270,0
1965315,0
1965327,0
1965330,0
1965344,0
1965370,0
1965401,0
1965465,0
1965521,0
1965527,0
1965599,0
1965616,0
1965622,0
1965637,0
1965682,0
1965684,0
1965725,0
1965762,0
1965811,0
1965819,0
1965826,0
1965839,0
1965911,0
1965951,0
1965968,0
1965973,0
1966016,0
1966112,0
1966128,0
1966166,0
1966187,0
1966220,0
1966221,0
1966249,0
1966294,0
1966320,0
1966391,0
1966406,0
1966412,0
1966420,0
1966517,0
1966538,0
1966572,0
1966607,0
1966755,0
1966773,0
1966782,0
1966872,0
1966912,0
1966939,0
1966966,0
1966967,0
1967009,0
1967031,1
1967054,0
1967136,0
1967239,0
1967247,0
1967300,0
1967389,0
1967434,0
1967447,0
1967518,0
1967603,0
1967647,0
1967651,0
1967677,0
1967740,0
1967747,0
1967783,0
1967956,0
1968003,0
1968005,0
1968038,0
1968039,0
1968087,0
1968099,0
1968116,0
1968125,0
1968148,0
1968150,0
1968153,0
1968237,0
1968266,0
1968281,0
1968364,1
1968475,0
1968479,0
1968487,0
1968514,0
1968691,1
1968754,0
1968812,0
1968865,0
1968885,0
1969018,0
1969026,0
1969074,0
1969095,0
1969128,0
1969346,0
1969359,0
1969367,0
1969379,0
1969468,0
1969525,0
1969549,0
1969551,0
1969573,0
1969640,0
1969684,0
1969742,0
1969804,0
1969842,0
1969852,0
1969869,0
1969883,0
1969884,0
1969903,0
1969983,0
1970010,0
1970113,0
1970183,0
1970196,0
1970208,0
1970216,0
1970238,0
1970254,0
1970349,0
1970363,0
1970371,0
1970412,0
1970525,0
1970738,0
1970742,0
1970743,0
1970750,0
1970796,0
1970885,0
1970913,0
1970961,0
1970984,0
1970998,0
1971000,0
1971026,1
1971074,0
1971081,0
1971089,0
1971105,0
1971134,0
1971250,0
1971308,0
1971434,0
1971445,0
1971477,0
1971555,0
1971604,0
1971698,0
1971707,0
1971722,0
1971825,0
1971845,0
1971930,0
1971972,0
1972000,0
1972117,0
1972163,0
1972192,0
1972229,0
1972234,0
1972263,0
1972291,0
1972300,0
1972405,0
1972411,0
1972458,0
1972506,0
1972529,0
1972560,0
1972575,0
1972587,0
1972610,1
1972617,0
1972632,0
1972786,0
1972801,0
1972980,0
1973013,0
1973045,0
1973151,0
1973160,0
1973331,0
1973342,0
1973365,0
1973377,0
1973422,0
1973452,0
1973557,0
1973570,0
1973611,0
1973621,0
1973629,0
1973671,0
1973687,0
1973693,1
1973749,0
1973755,0
1973842,0
1973876,0
1974002,0
1974007,0
1974067,0
1974093,0
1974106,0
1974168,0
1974191,0
1974225,0
1974227,0
1974238,0
1974274,0
1974297,0
1974310,0
1974336,0
1974369,0
1974381,0
1974383,0
1974456,0
1974546,0
1974594,0
1974632,0
1974742,0
1974802,0
1974814,0
1974844,0
1974880,0
1974887,0
1974917,0
1974929,0
1974947,0
1974964,0
1975118,0
1975122,0
1975139,0
1975157,0
1975187,0
1975234,0
1975353,0
1975368,0
1975459,0
1975480,0
1975540,0
1975634,0
1975678,0
1975708,0
1975721,0
1975734,0
1975833,0
1975858,0
1975877,0
1975883,0
1975941,0
1975949,0
1976029,0
1976041,0
1976042,0
1976065,0
1976115,0
1976178,0
1976237,0
1976257,0
1976259,0
1976274,0
1976365,0
1976457,0
1976483,0
1976492,0
1976498,0
1976505,0
1976514,0
1976521,0
1976529,0
1976571,0
1976622,0
1976748,0
1976782,0
1976820,0
1976852,0
1976860,0
1976879,0
1976926,0
1976943,0
1976994,0
1977003,0
1977010,0
1977085,0
1977091,0
1977117,0
1977181,0
1977234,0
1977262,0
1977279,0
1977313,0
1977355,0
1977379,0
1977406,0
1977408,0
1977419,0
1977435,0
1977517,0
1977566,0
1977568,0
1977627,0
1977654,0
1977665,0
1977709,0
1977725,0
1977778,0
1977828,0
1977888,0
1977953,0
1977963,0
1977965,0
1978015,0
1978048,0
1978056,0
1978117,0
1978165,0
1978212,0
1978236,0
1978239,0
1978308,0
1978357,0
1978381,0
1978391,0
1978594,0
1978623,0
1978688,0
1978698,0
1978721,0
1978734,0
1978803,0
1978939,0
1979012,0
1979065,0
1979117,0
1979141,0
1979232,0
1979244,0
1979265,0
1979279,0
1979297,0
1979322,0
1979327,0
1979396,0
1979405,0
1979425,0
1979433,0
1979455,0
1979488,0
1979675,0
1979728,0
1979754,0
1979758,0
1979767,0
1979774,0
1979788,0
1979836,0
1979848,0
1979912,0
1980025,0
1980056,0
1980077,0
1980096,0
1980115,0
1980195,0
1980203,0
1980223,0
1980279,1
1980389,0
1980405,0
1980443,0
1980452,0
1980476,0
1980511,0
1980570,0
1980791,0
1980963,0
1980993,0
1981003,0
1981034,0
1981154,0
1981162,0
1981242,0
1981243,0
1981267,0
1981340,0
1981397,0
1981531,0
1981536,0
1981540,0
1981568,0
1981608,0
1981731,0
1981865,0
1981923,0
1981934,0
1981967,0
1982031,0
1982115,0
1982124,0
1982125,0
1982128,0
1982176,0
1982193,0
1982251,0
1982276,0
1982321,0
1982388,0
1982400,0
1982432,0
1982530,1
1982545,0
1982666,0
1982737,0
1982762,0
1982764,0
1982948,0
1982975,0
1982983,0
1982993,0
1983079,0
1983107,0
1983111,0
1983195,0
1983228,0
1983238,0
1983277,0
1983303,0
1983324,0
1983348,0
1983361,0
1983451,0
1983596,0
1983602,0
1983613,0
1983764,0
1983875,0
1983888,0
1983958,0
1984008,0
1984056,0
1984111,0
1984125,0
1984154,0
1984239,0
1984247,0
1984269,0
1984317,0
1984327,0
1984342,0
1984381,0
1984396,0
1984427,0
1984428,0
1984431,0
1984456,0
1984488,0
1984501,0
1984519,0
1984709,0
1984710,0
1984814,0
1984878,0
1984931,0
1984933,0
1985000,0
1985082,0
1985157,0
1985175,0
1985273,0
1985312,0
1985333,0
1985355,0
1985421,0
1985423,0
1985428,0
1985504,0
1985553,0
1985555,0
1985574,0
1985613,0
1985624,0
1985636,0
1985659,0
1985671,0
1985724,0
1985729,0
1985751,0
1985758,0
1985792,0
1985795,0
1985855,0
1985874,0
1985913,0
1985957,0
1985994,0
1986022,0
1986033,0
1986130,0
1986266,0
1986330,0
1986378,0
1986433,0
1986440,0
1986469,0
1986476,0
1986482,0
1986521,0
1986527,0
1986528,0
1986550,0
1986607,0
1986708,0
1986710,0
1986716,0
1986729,0
1986740,0
1986751,0
1986763,1
1986908,0
1986915,0
1986962,0
1986974,0
1986975,0
1987087,0
1987096,0
1987107,0
1987137,0
1987166,0
1987209,0
1987236,0
1987323,0
1987348,0
1987355,0
1987371,0
1987373,0
1987387,0
1987401,0
1987426,0
1987482,0
1987494,0
1987506,0
1987516,0
1987669,0
1987761,0
1987883,0
1987926,0
1987934,0
1988034,0
1988050,0
1988107,0
1988151,0
1988162,0
1988224,0
1988239,0
1988296,0
1988388,0
1988492,0
1988500,0
1988579,0
1988582,0
1988655,0
1988684,0
1988761,0
1988822,0
1988825,0
1988909,0
1989015,0
1989063,0
1989099,0
1989102,0
1989153,0
1989205,0
1989213,0
1989246,0
1989277,0
1989288,0
1989447,0
1989453,0
1989465,0
1989494,0
1989495,0
1989532,0
1989539,0
1989582,0
1989599,0
1989638,0
1989704,0
1989710,0
1989731,0
1989752,0
1989784,0
1989790,0
1989807,0
1989813,0
1989842,0
1989886,0
1989892,0
1989918,0
1989987,0
1990017,0
1990136,0
1990149,0
1990260,0
1990368,0
1990378,0
1990410,0
1990503,0
1990505,0
1990527,0
1990543,0
1990559,0
1990624,0
1990716,0
1990719,0
1990897,0
1990948,0
1991016,0
1991024,0
1991100,0
1991126,0
1991163,0
1991229,0
1991275,0
1991361,0
1991415,0
1991526,0
1991553,0
1991557,0
1991564,0
1991690,0
1991703,0
1991798,0
1991823,0
1991861,0
1991875,0
1991877,0
1991921,0
1991989,0
1992037,0
1992058,0
1992073,0
1992094,0
1992139,0
1992181,0
1992199,0
1992216,0
1992276,0
1992353,0
1992355,0
1992367,0
1992388,0
1992396,0
1992488,0
1992622,0
1992646,0
1992648,0
1992657,0
1992690,0
1992694,0
1992729,0
1992744,0
1992881,0
1992926,0
1993012,0
1993037,0
1993043,0
1993063,0
1993167,0
1993206,0
1993213,0
1993237,0
1993263,0
1993345,0
1993414,0
1993447,0
1993611,0
1993706,0
1993714,0
1993837,0
1993853,0
1993858,0
1993860,0
1993906,0
1993943,0
1993984,0
1993992,0
1994025,0
1994042,0
1994044,0
1994048,0
1994052,0
1994093,0
1994094,0
1994203,0
1994218,0
1994281,0
1994341,0
1994436,0
1994492,0
1994608,0
1994624,1
1994676,0
1994786,0
1994792,0
1994797,0
1994811,0
1994832,0
1994880,0
1994889,0
1994916,0
1994937,0
1994990,0
1995047,0
1995169,0
1995181,0
1995197,0
1995222,0
1995261,0
1995263,0
1995348,0
1995369,0
1995381,0
1995391,1
1995415,0
1995426,0
1995479,0
1995542,0
1995552,0
1995596,0
1995617,0
1995646,0
1995670,0
1995719,0
1995747,0
1995756,0
1995779,0
1995808,0
1995906,0
1995918,0
1995999,0
1996013,0
1996042,0
1996138,0
1996166,0
1996196,0
1996236,0
1996237,0
1996311,0
1996390,0
1996391,0
1996432,0
1996440,0
1996447,0
1996528,0
1996552,0
1996731,0
1996747,0
1996831,0
1996840,0
1996852,0
1996871,0
1996885,0
1996980,0
1996984,0
1996995,0
1997047,0
1997072,0
1997085,0
1997144,0
1997196,0
1997259,0
1997387,0
1997595,0
1997721,0
1997733,0
1997788,0
1997794,0
1997815,0
1997822,0
1997827,0
1997928,0
1997982,0
1997997,0
1998058,0
1998142,0
1998206,0
1998383,0
1998407,0
1998453,0
1998455,0
1998464,0
1998467,0
1998525,0
1998561,0
1998570,0
1998602,0
1998638,0
1998728,0
1998772,0
1998831,0
1998864,0
1998888,0
1998889,0
1998936,0
1998951,0
1999027,0
1999136,0
1999171,0
1999180,0
1999281,0
1999288,0
1999305,0
1999333,0
1999357,0
1999413,0
1999552,0
1999683,0
1999806,0
1999833,0
1999843,0
1999849,0
1999868,0
1999874,0
1999890,0
1999910,0
1999925,0
2000003,0
2000063,0
2000089,0
2000130,0
2000138,0
2000145,0
2000191,0
2000237,0
2000264,0
2000307,1
2000406,0
2000412,0
2000418,0
2000479,0
2000605,0
2000619,0
2000681,0
2000787,0
2000834,0
2000940,0
2000961,0
2000998,0
2001010,0
2001111,0
2001291,0
2001326,0
2001435,0
2001634,0
2001665,0
2001666,0
2001671,0
2001718,0
2001735,0
2001765,0
2001772,0
2001848,0
2001903,0
2001939,0
2001945,0
2001977,1
2001987,0
2002097,0
2002102,0
2002177,0
2002206,0
2002348,0
2002371,0
2002384,0
2002429,0
2002464,0
2002508,0
2002548,0
2002563,0
2002578,0
2002595,0
2002596,0
2002603,0
2002641,0
2002646,0
2002667,0
2002809,0
2002856,0
2002889,0
2002944,0
2003003,0
2003046,0
2003056,1
2003062,0
2003067,1
2003211,0
2003215,0
2003251,1
2003331,0
2003372,0
2003383,0
2003397,0
2003487,0
2003508,0
2003619,0
2003630,0
2003709,0
2003720,0
2003794,0
2003861,0
2003867,0
2003872,0
2003893,0
2003955,0
2003988,0
2004009,0
2004014,0
2004031,0
2004081,0
2004148,0
2004152,0
2004175,0
2004182,0
2004198,0
2004205,0
2004243,0
2004258,0
2004299,0
2004364,0
2004388,0
2004411,0
2004472,0
2004477,0
2004538,0
2004576,0
2004596,0
2004843,0
2004854,0
2005057,0
2005075,0
2005159,0
2005195,1
2005234,0
2005295,0
2005314,0
2005343,0
2005377,0
2005487,0
2005494,0
2005520,0
2005523,0
2005941,0
2005965,0
2005982,0
2006111,0
2006162,0
2006288,0
2006294,0
2006414,0
2006465,0
2006691,0
2006819,0
2006827,0
2006856,0
2006859,0
2006869,0
2006873,0
2006874,0
2006881,0
2006895,0
2006903,0
2006938,0
2006942,1
2007000,0
2007129,0
2007179,0
2007404,0
2007444,0
2007527,0
2007550,0
2007583,0
2007671,0
2007722,0
2007748,0
2007788,0
2007818,0
2007821,0
2007861,0
2007878,0
2007918,0
2007938,0
2007947,0
2007978,0
2007990,0
2008027,0
2008062,0
2008092,0
2008124,0
2008193,0
2008229,0
2008405,0
2008407,0
2008444,0
2008461,0
2008472,0
2008481,0
2008534,0
2008572,0
2008583,0
2008608,0
2008653,0
2008666,0
2008724,0
2008847,0
2008879,0
2009019,0
2009051,0
2009131,0
2009137,0
2009155,0
2009209,0
2009210,0
2009217,0
2009224,0
2009267,0
2009291,0
2009311,0
2009351,0
2009374,0
2009449,0
2009453,0
2009469,0
2009530,0
2009579,0
2009602,0
2009644,0
2009691,0
2009735,0
2009761,0
2009763,0
2009823,0
2009838,0
2009845,0
2009905,0
2009917,0
2010021,0
2010043,0
2010088,0
2010145,0
2010235,0
2010239,0
2010274,0
2010293,0
2010309,0
2010321,0
2010357,0
2010385,0
2010619,0
2010708,0
2010725,0
2010733,1
2010742,0
2010766,0
2010853,0
2010854,0
2010858,0
2010865,0
2011008,0
2011051,0
2011187,0
2011249,0
2011313,0
2011343,0
2011358,0
2011361,0
2011384,0
2011438,0
2011439,0
2011514,0
2011534,0
2011573,0
2011578,0
2011607,0
2011625,0
2011635,0
2011691,0
2011795,0
2011819,0
2011825,0
2011902,0
2011981,0
2012041,0
2012104,0
2012272,0
2012317,0
2012325,0
2012335,0
2012367,0
2012387,0
2012515,0
2012569,1
2012572,0
2012607,0
2012713,0
2012749,0
2012763,0
2012808,1
2012855,0
2012917,0
2012952,0
2013012,0
2013075,0
2013129,0
2013189,0
2013258,0
2013274,0
2013313,0
2013380,0
2013412,0
2013414,0
2013429,0
2013466,0
2013514,0
2013519,0
2013526,0
2013534,0
2013561,0
2013646,0
2013666,0
2013687,0
2013707,0
2013741,0
2013842,0
2013879,0
2013983,0
2013998,0
2014006,0
2014106,0
2014122,0
2014155,0
2014159,0
2014177,0
2014225,0
2014335,0
2014419,0
2014457,0
2014463,0
2014466,0
2014474,0
2014493,0
2014528,0
2014530,0
2014540,0
2014560,0
2014567,0
2014573,0
2014581,0
2014584,0
2014689,0
2014707,0
2014850,0
2014878,0
2014905,0
2015032,0
2015063,0
2015069,0
2015102,0
2015109,1
2015118,0
2015181,0
2015220,0
2015254,0
2015317,1
2015354,0
2015427,0
2015480,0
2015514,0
2015620,0
2015664,0
2015789,0
2015877,0
2015911,0
2015932,0
2015969,0
2015973,0
2015979,0
2015989,0
2016059,0
2016087,0
2016183,0
2016199,0
2016409,0
2016441,0
2016442,0
2016515,0
2016551,0
2016570,0
2016589,0
2016610,0
2016620,0
2016642,0
2016724,0
2016751,0
2016766,0
2016804,0
2016806,0
2016819,0
2016858,0
2016869,0
2016883,0
2016957,0
2017093,0
2017187,0
2017205,0
2017263,0
2017273,0
2017371,0
2017412,0
2017531,0
2017581,0
2017697,0
2017761,0
2017824,0
2017861,0
2017872,0
2017874,0
2017881,0
2017905,0
2017952,0
2017982,0
2017993,0
2018058,0
2018064,0
2018080,0
2018135,0
2018168,0
2018199,0
2018244,0
2018256,0
2018261,0
2018318,0
2018344,0
2018429,0
2018452,0
2018539,0
2018590,0
2018697,0
2018703,0
2018978,0
2018991,0
2019017,0
2019050,0
2019095,0
2019214,0
2019324,0
2019384,0
2019437,0
2019470,0
2019508,0
2019560,0
2019604,0
2019661,0
2019681,0
2019705,0
2019723,0
2019863,0
2019880,0
2019887,0
2019891,0
2019928,0
2019981,0
2020009,0
2020118,0
2020121,0
2020125,0
2020139,0
2020221,0
2020256,0
2020309,0
2020356,0
2020412,0
2020460,0
2020465,0
2020477,0
2020607,0
2020610,0
2020671,0
2020883,0
2020943,0
2021037,0
2021243,0
2021247,0
2021259,0
2021282,0
2021302,0
2021344,1
2021357,0
2021369,0
2021373,0
2021380,0
2021412,0
2021433,0
2021475,0
2021523,0
2021545,0
2021631,0
2021719,0
2021750,0
2021762,0
2021819,0
2021825,0
2021926,0
2021932,0
2021938,0
2021981,0
2022090,0
2022267,0
2022275,0
2022298,0
2022317,0
2022349,0
2022350,0
2022370,0
2022396,0
2022403,0
2022417,0
2022432,0
2022443,0
2022575,0
2022718,0
2023035,1
2023066,0
2023090,0
2023118,0
2023133,0
2023184,0
2023193,0
2023317,0
2023376,0
2023399,0
2023428,0
2023557,1
2023585,0
2023613,0
2023616,0
2023676,0
2023696,0
2023706,0
2023741,0
2023771,0
2023774,0
2023775,0
2023797,0
2023878,1
2023901,0
2024119,0
2024150,0
2024575,0
2024636,0
2024724,0
2024725,0
2024728,0
2024745,0
2024761,0
2024767,0
2024807,0
2024826,0
2024829,0
2024885,0
2024974,0
2025050,0
2025073,0
2025152,0
2025165,0
2025169,0
2025177,0
2025304,0
2025306,0
2025329,0
2025339,0
2025421,0
2025518,0
2025529,0
2025667,0
2025683,0
2025701,0
2025708,0
2025754,0
2025832,0
2025833,0
2025913,0
2025951,0
2025962,0
2025983,0
2026002,0
2026025,0
2026120,0
2026134,0
2026207,0
2026234,0
2026278,0
2026329,0
2026389,0
2026399,0
2026425,0
2026491,0
2026530,0
2026538,0
2026618,0
2026631,0
2026643,0
2026672,0
2026793,1
2026828,0
2026870,0
2026872,0
2026916,0
2026968,0
2026970,0
2027116,0
2027134,0
2027135,0
2027155,0
2027175,0
2027261,0
2027280,0
2027285,0
2027316,0
2027439,0
2027504,0
2027515,0
2027525,0
2027579,0
2027581,0
2027731,0
2027782,0
2027799,0
2027882,0
2027922,0
2027987,0
2028029,0
2028157,0
2028195,0
2028271,0
2028353,0
2028361,0
2028407,0
2028456,0
2028559,0
2028580,0
2028636,0
2028655,0
2028659,0
2028681,0
2028705,0
2028736,0
2028813,0
2028921,0
2028949,0
2028959,0
2029016,0
2029059,0
2029251,0
2029310,0
2029426,0
2029444,0
2029475,0
2029500,0
2029504,0
2029570,0
2029615,0
2029622,0
2029679,0
2029740,0
2029757,0
2029765,0
2029766,0
2029779,0
2029781,0
2029808,0
2029918,0
2030032,0
2030034,0
2030054,0
2030151,0
2030201,0
2030202,0
2030206,0
2030259,0
2030295,0
2030313,0
2030340,0
2030399,0
2030406,0
2030464,0
2030511,0
2030528,0
2030542,0
2030558,0
2030596,0
2030634,0
2030656,0
2030755,0
2030778,0
2030879,0
2030923,0
2030978,0
2031171,0
2031363,0
2031372,0
2031409,0
2031494,0
2031565,0
2031568,0
2031630,0
2031632,0
2031681,0
2031751,0
2031887,0
2031902,0
2031998,0
2032054,0
2032086,0
2032089,0
2032145,0
2032172,0
2032219,0
2032257,1
2032318,0
2032339,0
2032374,0
2032410,0
2032411,0
2032457,0
2032738,0
2032777,0
2032798,0
2032806,0
2032885,0
2032895,0
2032918,0
2032928,0
2033040,0
2033107,0
2033120,0
2033162,0
2033165,0
2033187,0
2033188,0
2033209,0
2033232,0
2033268,0
2033288,0
2033297,0
2033329,0
2033494,1
2033495,0
2033514,0
2033541,0
2033646,0
2033682,0
2033688,0
2033743,0
2033765,0
2033974,0
2034006,0
2034039,0
2034051,0
2034059,0
2034077,0
2034092,0
2034136,0
2034192,0
2034313,0
2034322,0
2034399,0
2034428,0
2034489,0
2034528,0
2034561,0
2034563,0
2034642,0
2034695,0
2034705,0
2034743,0
2034747,0
2034752,0
2034757,0
2034777,0
2034803,0
2034993,0
2034996,0
2035058,0
2035069,0
2035112,0
2035136,0
2035140,0
2035155,0
2035193,0
2035230,0
2035235,0
2035304,0
2035306,0
2035353,0
2035387,0
2035451,0
2035565,1
2035571,0
2035632,0
2035661,0
2035691,0
2035706,0
2035720,0
2035741,0
2035784,0
2035825,0
2035861,0
2035862,0
2035916,0
2035937,0
2035981,0
2036029,0
2036043,0
2036046,0
2036089,0
2036274,0
2036333,0
2036371,0
2036441,0
2036475,0
2036522,0
2036562,0
2036592,0
2036613,0
2036706,0
2036745,0
2036778,0
2036843,0
2036885,0
2036985,0
2037015,0
2037057,0
2037139,0
2037141,0
2037160,0
2037246,0
2037273,0
2037287,0
2037348,0
2037439,0
2037457,0
2037458,0
2037508,0
2037546,0
2037549,0
2037607,0
2037625,0
2037701,0
2037778,0
2037779,0
2037841,0
2038005,0
2038058,0
2038061,0
2038121,0
2038157,0
2038192,1
2038314,0
2038395,0
2038435,0
2038565,0
2038603,0
2038671,0
2038676,0
2038689,0
2038718,0
2038728,0
2038875,0
2038950,0
2038975,0
2038997,0
2039081,0
2039107,0
2039136,0
2039166,0
2039174,0
2039178,0
2039237,0
2039321,0
2039363,0
2039473,0
2039513,0
2039612,0
2039701,0
2039832,0
2039884,0
2039899,0
2039944,0
2040280,0
2040309,0
2040350,0
2040378,0
2040435,0
2040466,0
2040504,0
2040566,0
2040592,0
2040630,0
2040635,0
2040638,0
2040734,0
2040766,0
2040809,0
2040877,0
2040885,0
2041017,0
2041091,0
2041206,0
2041216,0
2041297,0
2041457,0
2041460,0
2041543,0
2041562,0
2041597,0
2041620,0
2041639,0
2041717,0
2042011,0
2042023,0
2042114,0
2042245,0
2042248,0
2042266,0
2042463,0
2042585,0
2042606,0
2042667,0
2042674,0
2042682,0
2042731,0
2042752,0
2042764,0
2042840,0
2042936,0
2043220,0
2043227,0
2043283,0
2043358,0
2043418,0
2043493,0
2043504,0
2043558,0
2043559,0
2043594,0
2043615,0
2043672,1
2043684,0
2043691,0
2043764,0
2043803,0
2043813,0
2043836,0
2043843,0
2043942,0
2043955,0
2043986,0
2043994,0
2044056,0
2044126,0
2044269,0
2044295,0
2044411,0
2044496,0
2044538,0
2044574,0
2044592,0
2044606,0
2044630,0
2044737,0
2044774,0
2044921,0
2044922,0
2044923,0
2044925,0
2045028,0
2045044,0
2045068,0
2045096,0
2045114,0
2045135,0
2045189,0
2045205,0
2045266,0
2045341,0
2045357,0
2045372,0
2045415,0
2045496,0
2045534,0
2045566,0
2045573,0
2045634,0
2045774,0
2045785,0
2045953,0
2046008,0
2046051,0
2046094,0
2046137,0
2046149,0
2046240,0
2046266,0
2046284,0
2046302,0
2046448,0
2046481,0
2046553,0
2046558,0
2046644,0
2046691,0
2046696,0
2046774,0
2046906,0
2046973,0
2046980,0
2046991,0
2047067,0
2047105,0
2047109,0
2047148,0
2047276,0
2047304,0
2047343,0
2047537,0
2047615,0
2047623,0
2047648,0
2047686,0
2047692,0
2047766,0
2047802,0
2047859,0
2047869,0
2047930,0
2047998,0
2048002,0
2048045,0
2048062,0
2048074,0
2048076,0
2048214,0
2048259,0
2048265,0
2048308,0
2048347,0
2048416,0
2048448,0
2048466,0
2048515,0
2048547,0
2048650,0
2048776,0
2048817,0
2048832,0
2048854,0
2048874,0
2048884,0
2048885,0
2048982,0
2049091,0
2049093,0
2049136,0
2049219,0
2049269,0
2049286,0
2049288,0
2049293,0
2049337,0
2049354,0
2049445,0
2049521,0
2049548,0
2049593,0
2049632,0
2049693,0
2049781,0
2049822,0
2049868,0
2049898,0
2049934,0
2049937,0
2049998,0
2050059,0
2050106,0
2050111,0
2050116,0
2050120,0
2050149,0
2050205,0
2050218,0
2050260,0
2050311,0
2050321,0
2050340,0
2050345,0
2050347,0
2050364,1
2050482,0
2050502,0
2050552,0
2050579,0
2050617,0
2050632,0
2050752,0
2050820,0
2050834,0
2050853,0
2050870,0
2050935,0
2051016,0
2051056,0
2051075,0
2051139,0
2051165,0
2051176,0
2051222,0
2051311,0
2051432,0
2051438,0
2051504,0
2051579,0
2051590,0
2051680,0
2051711,0
2051764,0
2051765,0
2051776,0
2051818,0
2051856,0
2051908,0
2051920,0
2052001,0
2052005,0
2052023,0
2052032,0
2052042,0
2052086,0
2052108,0
2052110,0
2052119,0
2052137,0
2052172,0
2052236,0
2052248,0
2052264,0
2052273,0
2052330,0
2052458,0
2052621,0
2052660,0
2052667,0
2052736,0
2052773,0
2052784,0
2052834,0
2052848,0
2052882,0
2052912,0
2052939,0
2052945,0
2053042,0
2053055,0
2053226,0
2053228,0
2053237,0
2053312,0
2053319,0
2053329,0
2053435,0
2053558,0
2053606,0
2053615,0
2053749,0
2053759,0
2053887,0
2053890,0
2053902,0
2053910,0
2053924,0
2053952,0
2053972,0
2053980,0
2053996,1
2054001,0
2054120,0
2054214,0
2054263,0
2054398,0
2054451,0
2054489,0
2054490,0
2054508,0
2054544,0
2054554,0
2054622,0
2054636,0
2054683,0
2054700,0
2054710,0
2054732,0
2054740,0
2054857,0
2054922,0
2054935,0
2055017,0
2055125,0
2055141,0
2055160,0
2055211,0
2055221,0
2055281,0
2055286,0
2055296,0
2055386,0
2055428,0
2055434,0
2055467,0
2055476,0
2055505,0
2055523,0
2055540,0
2055699,0
2055742,0
2055768,0
2055825,0
2055861,0
2055874,1
2055927,0
2055931,0
2056056,0
2056093,0
2056145,0
2056161,0
2056179,0
2056204,0
2056296,0
2056305,0
2056308,0
2056345,0
2056361,0
2056409,0
2056434,0
2056444,0
2056454,0
2056464,0
2056485,0
2056654,0
2056663,0
2056680,0
2056687,0
2056715,0
2056777,0
2056797,0
2056838,0
2056943,0
2056951,0
2056952,0
2057089,0
2057091,0
2057106,0
2057113,0
2057121,0
2057179,0
2057196,0
2057257,0
2057260,0
2057262,0
2057306,0
2057320,0
2057353,0
2057354,0
2057413,0
2057500,0
2057513,0
2057546,0
2057592,0
2057614,0
2057643,0
2057697,0
2057714,0
2057773,0
2057802,0
2057857,0
2057863,0
2057874,0
2058020,0
2058036,0
2058040,0
2058068,0
2058073,0
2058125,0
2058141,0
2058152,0
2058207,0
2058230,0
2058366,0
2058370,1
2058375,0
2058413,0
2058420,0
2058423,0
2058425,0
2058442,0
2058476,0
2058565,0
2058593,0
2058617,0
2058630,0
2058673,0
2058713,0
2058821,0
2058900,0
2058907,0
2058916,0
2058974,1
2059015,0
2059028,0
2059043,0
2059047,0
2059064,0
2059075,0
2059085,0
2059112,0
2059142,0
2059268,0
2059271,0
2059278,0
2059296,0
2059351,0
2059367,0
2059395,0
2059457,0
2059467,0
2059521,1
2059542,0
2059554,0
2059608,0
2059612,0
2059617,0
2059681,0
2059685,0
2059751,0
2059795,0
2059858,0
2059879,0
2059910,0
2059935,0
2059951,1
2060035,0
2060097,0
2060133,0
2060264,0
2060286,0
2060358,0
2060385,0
2060432,0
2060452,0
2060467,0
2060608,0
2060627,0
2060643,0
2060644,0
2060669,0
2060724,0
2060768,0
2060770,0
2060783,0
2060788,0
2060850,0
2060887,0
2060942,0
2060949,0
2060961,0
2061046,0
2061050,0
2061085,0
2061123,0
2061126,0
2061138,0
2061152,0
2061198,0
2061201,0
2061249,0
2061269,0
2061277,0
2061280,0
2061387,0
2061438,0
2061450,0
2061482,0
2061494,0
2061515,0
2061518,0
2061580,0
2061593,0
2061636,0
2061669,0
2061683,0
2061706,0
2061707,0
2061718,0
2061749,0
2061794,0
2061796,0
2061802,0
2061811,0
2061818,0
2061845,0
2061957,0
2061981,0
2062000,0
2062018,0
2062113,0
2062116,0
2062181,0
2062190,0
2062203,0
2062290,0
2062372,0
2062433,0
2062517,0
2062522,0
2062554,0
2062561,0
2062649,0
2062654,0
2062671,0
2062733,0
2062735,0
2062799,0
2062830,0
2062942,0
2063019,0
2063048,0
2063060,0
2063070,0
2063156,0
2063158,0
2063171,0
2063191,0
2063212,0
2063276,0
2063285,0
2063297,0
2063404,0
2063441,0
2063490,0
2063503,0
2063530,0
2063557,0
2063558,0
2063588,0
2063651,0
2063689,0
2063734,0
2063754,0
2063755,0
2063856,0
2063874,0
2063876,0
2063974,0
2063991,0
2063992,1
2064036,0
2064101,0
2064158,0
2064185,0
2064189,0
2064219,0
2064255,0
2064271,0
2064305,0
2064315,0
2064329,0
2064339,0
2064367,0
2064379,0
2064437,1
2064462,0
2064477,0
2064528,0
2064586,0
2064602,0
2064617,0
2064655,0
2064710,0
2064944,0
2065006,0
2065057,0
2065066,0
2065090,0
2065095,0
2065145,0
2065152,0
2065179,0
2065219,0
2065229,0
2065263,0
2065273,0
2065317,0
2065326,0
2065340,0
2065436,0
2065468,0
2065492,0
2065508,0
2065559,0
2065576,0
2065593,0
2065622,0
2065636,0
2065660,0
2065699,0
2065701,0
2065712,0
2065863,0
2065871,0
2065972,0
2066019,0
2066068,0
2066080,0
2066099,0
2066194,0
2066268,0
2066295,0
2066303,0
2066315,0
2066330,0
2066362,0
2066363,0
2066370,0
2066373,0
2066411,0
2066420,0
2066505,0
2066539,0
2066576,0
2066589,0
2066695,0
2066727,0
2066751,0
2066859,0
2066891,0
2066944,0
2066978,0
2066993,0
2067031,0
2067194,0
2067199,0
2067226,0
2067273,0
2067293,0
2067309,0
2067315,0
2067367,0
2067393,0
2067399,0
2067416,0
2067438,0
2067469,0
2067501,0
2067537,0
2067576,0
2067674,0
2067687,0
2067690,0
2067719,0
2067747,0
2067835,0
2067861,0
2067886,0
2067950,0
2068023,0
2068077,0
2068137,0
2068139,0
2068154,0
2068181,0
2068220,0
2068250,0
2068262,0
2068270,0
2068439,0
2068545,0
2068558,0
2068576,0
2068578,0
2068597,0
2068617,0
2068637,0
2068663,0
2068780,0
2068781,0
2068791,0
2068836,0
2068845,0
2069026,0
2069056,0
2069070,0
2069080,0
2069126,0
2069154,0
2069170,0
2069175,0
2069221,0
2069280,0
2069318,0
2069329,0
2069336,0
2069368,0
2069444,0
2069445,0
2069463,0
2069582,0
2069696,0
2069726,0
2069771,0
2069778,0
2069819,0
2069877,0
2069928,0
2069971,0
2069998,0
2070042,0
2070076,0
2070103,0
2070158,0
2070202,0
2070228,0
2070245,0
2070247,0
2070308,0
2070328,0
2070329,0
2070360,0
2070521,0
2070526,0
2070551,0
2070584,0
2070595,0
2070704,0
2070774,0
2070796,0
2070846,0
2070867,0
2070922,0
2070927,0
2071005,0
2071013,0
2071039,0
2071072,0
2071108,0
2071129,0
2071157,0
2071200,0
2071205,0
2071228,0
2071277,0
2071302,0
2071383,0
2071386,0
2071390,0
2071450,0
2071451,0
2071455,0
2071569,0
2071582,0
2071659,0
2071690,0
2071800,0
2071802,0
2071826,0
2071828,0
2071859,0
2071866,0
2071922,0
2071942,0
2072011,0
2072029,0
2072036,0
2072050,0
2072080,0
2072147,0
2072211,0
2072220,1
2072229,0
2072252,0
2072264,0
2072272,0
2072332,0
2072341,0
2072351,0
2072394,0
2072413,1
2072495,0
2072514,0
2072584,0
2072608,0
2072637,0
2072660,0
2072668,0
2072677,0
2072686,0
2072692,0
2072714,0
2072869,0
2072921,0
2072935,0
2072959,0
2073015,0
2073049,0
2073054,0
2073073,0
2073118,0
2073147,0
2073171,0
2073275,0
2073326,0
2073329,0
2073338,0
2073344,0
2073391,0
2073410,0
2073422,0
2073423,0
2073442,0
2073445,0
2073560,0
2073591,0
2073626,0
2073665,0
2073691,0
2073703,0
2073787,0
2073813,0
2073866,0
2073951,0
2073973,0
2074029,0
2074051,0
2074058,0
2074107,0
2074170,0
2074178,0
2074191,0
2074226,0
2074265,0
2074269,0
2074301,0
2074358,0
2074378,0
2074394,0
2074422,0
2074462,0
2074505,0
2074516,0
2074537,0
2074553,0
2074607,0
2074625,0
2074637,0
2074649,0
2074687,0
2074710,0
2074725,0
2074729,0
2074765,1
2074766,0
2074826,0
2074833,0
2074841,0
2074844,0
2074845,0
2074869,0
2074870,0
2074908,0
2074925,0
2074972,0
2075034,0
2075040,0
2075057,0
2075169,0
2075178,0
2075186,0
2075202,0
2075203,0
2075230,0
2075269,0
2075410,0
2075449,0
2075456,0
2075497,1
2075525,0
2075546,0
2075551,0
2075582,0
2075583,0
2075706,0
2075716,0
2075733,0
2075783,0
2075803,0
2075844,0
2075845,0
2075889,0
2075918,0
2075930,0
2075963,0
2075993,0
2076006,0
2076014,0
2076091,0
2076099,0
2076111,0
2076147,0
2076177,0
2076180,0
2076200,0
2076257,0
2076313,0
2076365,0
2076376,0
2076398,0
2076401,0
2076433,0
2076455,0
2076495,0
2076567,0
2076572,0
2076595,0
2076643,0
2076657,0
2076732,0
2076752,0
2076824,0
2076839,0
2076856,0
2076895,0
2076898,0
2076928,0
2076986,0
2077001,0
2077023,0
2077045,0
2077072,0
2077173,0
2077235,0
2077289,0
2077292,0
2077315,0
2077360,0
2077401,0
2077402,0
2077430,0
2077443,0
2077503,0
2077537,0
2077538,0
2077594,0
2077634,0
2077671,0
2077728,0
2077796,0
2077814,0
2077878,0
2077895,0
2077947,0
2077951,0
2077993,0
2077998,0
2078006,0
2078017,0
2078043,0
2078060,0
2078086,0
2078094,0
2078129,0
2078132,0
2078142,0
2078150,0
2078186,0
2078260,0
2078340,0
2078342,0
2078346,0
2078349,0
2078381,0
2078400,0
2078403,0
2078476,0
2078530,0
2078552,0
2078557,0
2078695,0
2078723,0
2078739,0
2078748,0
2078754,0
2078755,0
2078794,0
2078804,0
2078834,0
2078932,0
2078960,0
2079013,0
2079074,0
2079121,0
2079129,0
2079189,0
2079219,0
2079399,0
2079409,0
2079458,0
2079522,0
2079662,0
2079693,0
2079705,0
2079765,0
2079778,0
2079809,0
2079842,0
2079908,0
2079976,0
2080028,0
2080043,0
2080123,0
2080138,0
2080150,0
2080226,0
2080268,0
2080317,0
2080331,0
2080364,0
2080367,0
2080419,0
2080430,0
2080511,0
2080578,0
2080579,0
2080586,0
2080622,0
2080649,0
2080680,0
2080735,0
2080776,0
2080902,0
2080907,0
2081039,0
2081086,0
2081093,0
2081138,0
2081159,0
2081167,0
2081178,0
2081242,0
2081284,0
2081343,0
2081357,0
2081388,0
2081455,0
2081475,0
2081519,0
2081541,0
2081560,0
2081580,0
2081655,0
2081675,0
2081711,0
2081717,0
2081726,0
2081804,0
2081868,0
2081869,0
2081949,0
2081951,0
2081977,0
2082015,0
2082041,0
2082070,0
2082084,0
2082116,0
2082126,0
2082181,0
2082209,0
2082225,0
2082232,0
2082250,0
2082348,0
2082356,0
2082371,0
2082403,0
2082461,0
2082472,0
2082560,0
2082564,0
2082574,0
2082615,0
2082620,0
2082640,0
2082653,0
2082659,0
2082705,0
2082750,0
2082754,0
2082773,0
2082797,0
2082873,0
2082900,0
2082922,0
2082959,0
2082979,0
2083035,0
2083046,0
2083123,0
2083143,0
2083189,0
2083206,0
2083231,0
2083240,0
2083370,0
2083458,0
2083468,0
2083474,0
2083494,0
2083513,0
2083553,0
2083560,0
2083568,0
2083621,0
2083683,0
2083703,0
2083857,0
2083862,0
2083915,0
2083949,0
2084007,0
2084022,0
2084030,0
2084064,0
2084123,0
2084129,0
2084155,0
2084160,0
2084181,0
2084193,0
2084215,0
2084263,0
2084273,0
2084311,0
2084330,0
2084347,0
2084380,1
2084385,0
2084441,0
2084468,0
2084501,0
2084506,0
2084527,0
2084553,0
2084573,0
2084639,0
2084656,0
2084690,0
2084713,0
2084770,0
2084856,0
2084875,0
2084878,0
2084924,0
2084963,1
2084969,0
2085001,0
2085018,0
2085045,0
2085065,0
2085066,0
2085111,0
2085125,0
2085220,0
2085221,0
2085258,0
2085345,1
2085365,0
2085427,0
2085456,0
2085470,0
2085488,0
2085499,0
2085517,0
2085558,0
2085584,0
2085592,0
2085618,0
2085657,0
2085718,0
2085732,0
2085749,0
2085887,0
2085945,0
2085953,0
2085969,0
2086130,0
2086140,0
2086146,0
2086195,0
2086246,0
2086281,0
2086330,0
2086356,0
2086361,0
2086430,0
2086528,0
2086544,0
2086590,0
2086701,0
2086726,0
2086767,0
2086836,0
2086858,0
2086919,0
2086925,0
2086984,0
2086994,0
2086995,0
2087042,0
2087077,0
2087080,0
2087098,0
2087108,0
2087138,0
2087140,0
2087160,0
2087248,0
2087260,0
2087273,0
2087274,1
2087387,0
2087407,0
2087459,0
2087472,0
2087529,0
2087540,0
2087596,0
2087610,0
2087628,0
2087652,0
2087663,0
2087789,0
2087791,0
2087831,0
2087857,0
2087874,0
2087885,1
2087907,0
2087914,0
2087930,0
2087944,0
2087976,0
2087983,0
2088007,0
2088038,0
2088045,1
2088060,0
2088116,0
2088119,0
2088150,0
2088157,0
2088274,0
2088294,0
2088347,0
2088370,0
2088380,1
2088406,0
2088436,0
2088445,0
2088508,0
2088566,0
2088591,0
2088641,0
2088650,0
2088651,0
2088659,0
2088687,0
2088771,0
2088793,0
2088798,0
2088815,0
2088822,0
2088826,0
2088833,0
2088843,0
2088852,0
2088941,0
2088949,0
2088976,0
2089201,0
2089221,1
2089233,0
2089282,0
2089289,0
2089413,0
2089491,0
2089500,0
2089536,1
2089573,0
2089636,0
2089654,0
2089706,0
2089733,0
2089739,0
2089745,0
2089798,0
2089821,0
2089866,0
2089981,0
2089993,0
2090036,0
2090037,0
2090046,0
2090063,0
2090069,0
2090134,0
2090167,0
2090173,0
2090175,0
2090196,0
2090197,0
2090219,0
2090230,0
2090235,0
2090288,0
2090294,0
2090296,0
2090303,0
2090313,0
2090328,0
2090451,0
2090510,0
2090532,0
2090544,1
2090573,0
2090603,0
2090612,0
2090759,0
2090804,0
2090952,0
2091063,0
2091068,0
2091128,0
2091187,0
2091222,0
2091265,0
2091285,0
2091323,0
2091338,0
2091358,0
2091391,0
2091415,0
2091428,0
2091457,0
2091536,0
2091545,0
2091567,0
2091585,0
2091606,0
2091627,0
2091636,0
2091647,0
2091730,0
2091779,0
2091854,0
2091937,0
2091954,0
2092044,0
2092061,0
2092148,0
2092218,0
2092253,0
2092409,0
2092415,0
2092536,0
2092542,0
2092594,0
2092628,0
2092682,0
2092686,0
2092711,0
2092720,0
2092725,0
2092738,0
2092798,0
2092894,0
2092895,0
2092901,0
2092919,0
2092964,0
2092978,0
2093020,0
2093021,0
2093029,1
2093054,0
2093058,0
2093094,0
2093138,0
2093155,0
2093175,0
2093215,0
2093315,0
2093332,0
2093342,1
2093373,0
2093378,0
2093423,0
2093430,0
2093456,0
2093492,0
2093535,0
2093548,0
2093569,0
2093601,0
2093641,0
2093650,0
2093719,0
2093738,0
2093759,0
2093793,0
2093798,0
2093803,0
2093824,0
2093851,0
2093908,0
2093921,0
2093956,0
2093979,0
2094019,0
2094039,0
2094084,0
2094089,0
2094099,0
2094114,0
2094167,0
2094179,0
2094190,0
2094194,0
2094234,0
2094238,0
2094321,0
2094380,0
2094427,0
2094575,0
2094592,0
2094635,0
2094658,0
2094713,0
2094727,0
2094797,0
2094806,0
2094812,0
2094835,0
2094840,0
2094856,0
2094908,0
2094976,0
2094978,0
2094986,0
2095000,0
2095052,0
2095069,0
2095121,0
2095126,0
2095159,0
2095171,0
2095277,0
2095303,0
2095321,0
2095371,0
2095410,0
2095445,0
2095500,0
2095501,0
2095522,0
2095549,0
2095555,0
2095597,0
2095622,0
2095648,0
2095654,0
2095711,0
2095744,0
2095800,0
2095803,0
2095815,0
2095828,0
2095832,0
2095833,0
2095900,0
2095902,0
2095932,0
2095942,0
2095947,0
2095962,0
2096009,0
2096097,0
2096100,0
2096149,0
2096182,0
2096187,0
2096189,0
2096249,0
2096257,0
2096275,0
2096278,0
2096303,0
2096329,0
2096371,0
2096415,0
2096426,0
2096498,0
2096511,0
2096576,0
2096594,0
2096642,0
2096670,0
2096706,0
2096774,0
2096810,0
2096825,0
2096925,0
2096946,0
2097001,0
2097063,0
2097069,0
2097180,0
2097181,0
2097193,0
2097240,0
2097309,0
2097374,0
2097393,0
2097448,0
2097502,0
2097515,0
2097531,0
2097556,0
2097620,0
2097683,0
2097702,0
2097721,0
2097879,0
2097888,0
2097961,0
2097978,0
2097985,0
2097996,0
2098018,0
2098026,0
2098187,0
2098202,0
2098312,0
2098317,0
2098359,0
2098369,0
2098377,0
2098386,0
2098406,0
2098564,0
2098570,0
2098606,0
2098607,0
2098692,0
2098801,0
2098809,0
2098967,0
2099018,0
2099079,0
2099156,0
2099194,1
2099195,0
2099199,0
2099224,0
2099230,0
2099240,1
2099265,0
2099320,0
2099321,1
2099355,0
2099363,0
2099428,0
2099469,0
2099507,0
2099543,0
2099767,0
2099812,0
2099825,0
2099888,0
2099966,0
2099986,0
2100141,0
2100148,0
2100159,0
2100178,0
2100236,0
2100301,0
2100334,0
2100370,0
2100382,0
2100406,0
2100466,0
2100494,0
2100545,0
2100550,0
2100553,0
2100557,0
2100597,0
2100625,0
2100676,0
2100721,0
2100767,0
2100775,0
2100781,0
2100840,0
2100850,0
2100857,0
2101011,0
2101070,0
2101446,0
2101465,0
2101563,0
2101637,0
2101784,0
2101795,0
2101818,0
2101982,0
2101992,0
2102032,0
2102071,0
2102093,0
2102109,0
2102206,0
2102248,0
2102278,0
2102387,0
2102406,0
2102411,0
2102433,0
2102526,0
2102528,0
2102622,1
2102659,0
2102812,0
2102971,0
2103069,0
2103127,0
2103149,0
2103209,0
2103214,0
2103299,0
2103300,0
2103399,0
2103400,0
2103403,0
2103526,0
2103625,0
2103759,0
2103822,0
2103980,0
2104055,0
2104056,0
2104065,0
2104076,0
2104081,0
2104129,0
2104150,0
2104174,0
2104260,0
2104410,0
2104440,0
2104472,0
2104519,0
2104559,0
2104602,0
2104647,0
2104706,0
2104736,0
2104872,0
2104920,0
2104965,0
2105054,0
2105079,0
2105105,0
2105148,0
2105334,0
2105534,0
2105570,0
2105632,0
2105870,0
2105928,0
2106144,0
2106148,0
2106234,1
2106250,0
2106311,0
2106355,0
2106404,0
2106426,0
2106655,0
2106690,0
2106745,0
2106941,0
2106945,0
2106947,0
2106979,0
2107030,0
2107113,0
2107138,0
2107173,1
2107188,0
2107197,0
2107201,0
2107234,0
2107377,0
2107421,0
2107466,0
2107483,0
2107486,1
2107504,0
2107522,0
2107545,0
2107635,0
2107665,0
2107772,0
2107820,0
2107841,0
2107845,0
2107982,0
2107983,0
2108046,0
2108136,0
2108139,0
2108178,0
2108216,0
2108240,0
2108355,0
2108435,0
2108461,0
2108498,0
2108582,0
2108604,0
2108649,0
2108742,0
2108773,0
2108821,0
2108844,0
2109073,0
2109137,0
2109181,0
2109298,0
2109313,0
2109318,0
2109351,0
2109393,0
2109396,0
2109451,0
2109533,0
2109567,0
2109637,0
2109660,0
2109759,0
2109764,0
2109933,0
2109939,0
2109981,0
2109999,0
2110033,0
2110035,0
2110080,0
2110147,0
2110182,0
2110198,0
2110231,0
2110316,0
2110343,0
2110364,0
2110397,0
2110418,0
2110492,0
2110535,0
2110687,0
2110689,0
2110698,0
2110898,0
2110942,0
2110987,0
2111006,0
2111065,0
2111077,0
2111122,0
2111158,0
2111182,0
2111222,0
2111229,0
2111250,0
2111252,0
2111431,0
2111475,0
2111483,0
2111484,0
2111504,0
2111520,0
2111577,0
2111588,0
2111682,0
2111691,0
2111727,0
2111736,0
2111748,0
2111809,0
2111928,0
2112275,0
2112287,0
2112403,0
2112508,0
2112512,0
2112677,0
2112894,0
2112970,0
2113087,0
2113093,0
2113127,0
2113344,0
2113382,0
2113541,0
2113699,0
2113796,0
2113908,0
2113939,0
2113973,0
2113981,0
2114014,0
2114098,0
2114234,0
2114558,0
2114667,0
2114676,0
2114757,0
2114834,0
2114971,0
2115036,0
2115043,0
2115062,0
2115226,0
2115379,0
2115578,0
2115597,0
2115642,0
2115685,0
2115717,0
2115718,0
2115753,0
2115907,0
2115995,0
2116001,0
2116025,0
2116068,0
2116144,0
2116168,0
2116219,0
2116346,0
2116472,0
2116542,0
2116583,1
2116747,0
2116886,0
2116975,0
2116980,0
2117004,0
2117033,0
2117034,0
2117160,0
2117328,0
2117337,0
2117343,0
2117344,0
2117524,1
2117583,0
2117639,0
2117686,0
2117688,0
2117706,0
2117775,0
2117780,0
2117793,0
2117881,0
2118013,0
2118091,0
2118159,0
2118377,0
2118385,0
2118588,0
2118639,0
2118662,0
2118691,0
2118720,0
2118880,0
2118884,0
2118925,0
2119029,0
2119045,0
2119076,0
2119242,0
2119272,0
2119280,0
2119295,0
2119436,0
2119518,0
2119666,0
2119739,0
2119828,0
2119973,0
2119978,0
2120242,0
2120302,0
2120392,0
2120431,0
2120434,0
2120500,0
2120511,0
2120544,0
2120558,0
2120588,0
2120626,0
2120702,0
2120755,0
2120937,0
2121008,0
2121090,0
2121103,0
2121127,0
2121130,0
2121137,0
2121459,0
2121646,0
2121670,0
2121846,0
2122045,0
2122052,0
2122107,0
2122127,0
2122164,0
2122191,0
2122279,0
2122305,0
2122348,0
2122432,0
2122496,0
2122557,0
2122579,0
2122758,0
2123094,0
2123109,0
2123194,0
2123214,0
2123230,0
2123330,0
2123363,0
2123437,0
2123506,0
2123711,0
2123781,0
2123793,0
2123945,0
2123967,0
2123981,0
2124023,0
2124057,0
2124165,0
2124243,0
2124282,0
2124317,0
2124350,0
2124431,0
2124448,0
2124451,0
2124495,0
2124596,0
2124620,0
2124655,0
2124660,1
2124688,0
2124743,1
2124863,0
2124871,0
2125112,0
2125291,1
2125347,0
2125405,0
2125482,0
2125591,0
2125598,0
2125784,0
2126055,0
2126155,0
2126239,0
2126248,0
2126264,0
2126287,0
2126288,0
2126455,0
2126532,0
2126608,0
2126640,0
2126657,0
2126759,0
2126858,0
2126868,0
2126922,0
2126946,0
2126976,0
2126981,0
2126995,0
2127057,0
2127060,0
2127075,0
2127083,0
2127290,0
2127329,0
2127360,1
2127388,0
2127493,0
2127514,0
2127523,0
2127566,0
2127630,0
2127749,1
2127796,0
2127846,0
2127852,0
2127870,0
2127884,0
2127898,0
2128017,0
2128033,0
2128072,0
2128141,0
2128252,0
2128263,0
2128317,0
2128381,0
2128445,0
2128660,0
2128713,0
2128785,0
2128822,0
2128933,0
2129009,0
2129095,0
2129247,0
2129433,0
2129481,0
2129564,0
2129791,0
2129844,1
2129917,0
2129932,0
2129977,0
2130067,0
2130075,0
2130241,0
2130325,0
2130403,0
2130506,0
2130574,0
2130608,0
2130618,0
2130726,0
2130771,0
2130800,0
2130895,0
2130931,0
2130977,0
2130995,0
2131010,0
2131193,0
2131233,0
2131339,0
2131479,0
2131548,0
2131556,0
2131585,0
2131616,0
2131676,0
2131683,0
2131695,0
2131794,0
2131882,0
2131905,0
2131930,0
2132011,0
2132070,0
2132227,0
2132354,0
2132400,0
2132437,0
2132502,0
2132541,0
2132545,0
2132628,0
2132634,0
2132865,0
2132897,0
2133083,0
2133099,0
2133105,0
2133208,0
2133296,0
2133535,0
2133541,0
2133604,0
2133692,0
2133719,0
2133890,0
2133966,0
2134130,0
2134247,0
2134310,0
2134340,0
2134576,0
2134676,0
2134732,0
2134752,0
2134758,0
2134768,0
2134867,0
2135018,0
2135056,0
2135085,0
2135116,0
2135244,0
2135336,0
2135410,0
2135434,0
2135453,0
2135454,0
2135457,0
2135519,0
2135525,0
2135702,0
2135764,0
2135967,0
2136007,0
2136094,0
2136096,0
2136117,0
2136234,0
2136495,0
2136791,0
2136837,0
2136943,0
2137158,0
2137174,0
2137236,0
2137275,0
2137389,0
2137410,0
2137419,0
2137445,0
2137458,0
2137476,0
2137487,0
2137495,0
2137584,0
2137620,0
2137638,0
2137690,0
2137758,0
2137823,0
2138041,1
2138059,0
2138062,0
2138139,0
2138188,0
2138202,0
2138241,0
2138286,0
2138316,0
2138334,0
2138353,0
2138378,0
2138534,0
2138545,0
2138616,0
2138645,0
2138687,0
2138704,0
2138771,0
2138774,0
2138809,0
2138894,0
2138900,0
2139005,0
2139059,0
2139156,0
2139296,0
2139341,0
2139630,0
2139648,0
2139704,0
2139755,0
2139811,0
2139903,0
2139956,0
2140038,0
2140181,0
2140201,0
2140479,0
2140585,0
2140657,0
2140724,0
2140751,0
2140808,0
2140835,0
2140884,0
2140921,0
2141134,0
2141161,1
2141174,0
2141197,0
2141261,0
2141262,0
2141296,0
2141328,0
2141485,0
2141513,0
2141542,0
2141610,0
2141638,0
2141735,0
2141744,0
2141778,0
2142073,0
2142076,0
2142186,0
2142197,0
2142200,0
2142212,0
2142252,0
2142382,0
2142419,0
2142859,0
2142928,0
2142956,0
2142983,0
2143109,0
2143142,0
2143241,0
2143260,0
2143399,0
2143416,0
2143462,0
2143473,1
2143559,0
2143585,0
2143602,0
2143622,0
2143690,0
2143702,1
2143851,0
2143864,0
2143874,0
2143904,0
2143926,0
2143966,0
2144010,0
2144244,0
2144323,0
2144337,0
2144343,0
2144566,0
2144579,0
2144589,0
2144648,0
2144654,0
2144734,0
2144768,0
2144796,0
2144830,0
2144837,0
2144859,0
2144991,0
2145039,0
2145087,0
2145114,0
2145276,0
2145349,0
2145352,0
2145360,0
2145423,0
2145427,0
2145439,0
2145468,0
2145501,0
2145566,0
2145609,0
2145671,0
2145694,0
2145835,0
2145918,0
2146012,0
2146043,0
2146097,0
2146134,0
2146144,0
2146250,0
2146324,0
2146335,0
2146404,0
2146463,0
2146494,0
2146559,0
2146645,0
2146646,0
2146829,0
2146856,0
2146931,0
2147134,0
2147172,0
2147185,0
2147207,0
2147211,0
2147268,0
2147281,0
2147293,0
2147322,0
2147406,0
2147415,0
2147427,0
2147489,0
2147505,0
2147589,0
2147612,0
2147723,0
2147729,0
2147778,0
2147787,0
2147839,0
2147853,0
2148024,0
2148095,0
2148176,0
2148180,0
2148274,0
2148361,0
2148529,0
2148562,0
2148650,0
2148696,0
2148764,0
2148797,0
2148839,0
2148844,0
2148869,0
2148919,0
2148946,0
2149057,0
2149072,0
2149357,0
2149374,0
2149406,0
2149942,0
2149953,0
2149985,0
2150039,0
2150091,0
2150144,0
2150191,0
2150241,0
2150470,0
2150514,0
2150555,0
2150618,0
2150735,0
2150814,0
2150830,0
2151057,0
2151090,0
2151127,0
2151159,0
2151160,0
2151231,0
2151359,0
2151384,0
2151408,0
2151596,0
2151658,0
2151761,0
2151766,0
2151787,0
2151812,0
2151813,0
2151865,0
2151997,0
2152118,0
2152128,0
2152151,0
2152158,0
2152209,0
2152231,0
2152261,0
2152329,0
2152335,0
2152349,0
2152357,0
2152444,0
2152483,1
2152489,1
2152597,0
2152652,0
2152653,0
2152677,0
2152681,0
2152709,0
2152871,0
2152910,0
2153154,0
2153243,0
2153268,0
2153327,0
2153406,0
2153453,0
2153482,0
2154000,0
2154038,0
2154072,0
2154074,0
2154208,0
2154249,0
2154311,0
2154315,0
2154567,0
2154655,0
2154716,0
2154741,0
2154799,0
2154834,0
2154836,0
2154961,0
2155036,0
2155043,0
2155132,0
2155189,0
2155230,0
2155277,0
2155295,0
2155328,0
2155446,0
2155502,0
2155689,0
2155714,0
2155949,0
2156009,0
2156079,0
2156116,0
2156259,0
2156261,0
2156283,0
2156329,0
2156334,0
2156339,0
2156349,0
2156596,0
2156729,1
2156848,0
2156948,0
2156979,0
2156983,0
2157075,0
2157084,0
2157120,0
2157178,0
2157339,1
2157344,0
2157664,0
2157674,0
2157697,0
2157892,0
2158025,0
2158372,0
2158424,0
2158463,0
2158476,0
2158494,0
2158600,0
2158614,0
2158694,0
2158697,0
2158787,0
2158855,0
2158893,0
2158909,0
2158963,0
2159037,0
2159271,0
2159311,0
2159335,0
2159385,0
2159397,0
2159424,0
2159444,0
2159510,0
2159512,0
2159535,0
2159566,0
2159675,0
2159703,0
2159845,0
2160121,0
2160173,0
2160244,0
2160356,0
2160521,0
2160533,0
2160579,0
2160627,0
2160676,0
2160691,0
2160830,0
2160836,0
2160901,0
2160919,0
2160978,0
2161047,0
2161056,0
2161111,0
2161144,0
2161274,0
2161292,0
2161375,0
2161376,0
2161409,0
2161429,0
2161433,0
2161511,0
2161575,0
2161592,0
2161623,0
2161632,0
2161648,0
2161787,0
2161838,0
2161915,0
2161924,0
2161941,0
2161982,0
2162008,0
2162062,0
2162115,0
2162159,0
2162173,0
2162205,0
2162229,0
2162326,0
2162341,0
2162378,0
2162402,0
2162437,1
2162487,0
2162534,0
2162711,0
2162713,0
2162749,0
2162776,0
2162858,0
2162912,0
2162922,0
2163008,0
2163011,0
2163140,0
2163318,0
2163338,0
2163531,0
2163605,0
2163661,0
2163702,0
2163750,0
2163766,0
2163809,0
2163866,0
2163874,0
2163906,0
2163982,0
2163991,0
2164041,0
2164128,0
2164141,0
2164152,0
2164177,0
2164255,0
2164321,0
2164324,0
2164356,0
2164358,0
2164439,0
2164468,0
2164557,1
2164580,0
2164630,0
2164731,0
2164766,0
2164814,0
2164818,0
2164839,0
2164845,0
2164861,0
2164883,0
2164902,0
2164912,0
2164981,0
2165036,0
2165037,0
2165195,1
2165200,0
2165261,0
2165265,0
2165313,0
2165358,0
2165406,0
2165413,0
2165498,0
2165563,0
2165585,0
2165629,0
2165632,0
2165692,0
2165744,0
2165745,0
2165777,0
2165830,0
2165851,0
2166008,0
2166133,0
2166220,0
2166310,0
2166374,0
2166461,0
2166487,1
2166501,0
2166529,0
2166586,0
2166657,0
2166681,0
2166762,0
2166835,0
2166850,0
2166877,0
2166898,0
2166913,0
2166945,0
2166990,0
2167044,0
2167142,0
2167155,0
2167173,0
2167199,0
2167214,0
2167250,0
2167284,0
2167352,0
2167453,0
2167458,0
2167484,0
2167499,0
2167510,0
2167544,1
2167551,0
2167552,0
2167628,0
2167736,0
2167753,0
2167759,0
2167771,0
2167814,0
2167881,0
2167957,0
2167968,0
2168200,0
2168259,0
2168311,0
2168384,0
2168409,0
2168466,0
2168469,0
2168495,0
2168514,0
2168548,0
2168563,0
2168588,0
2168604,0
2168666,0
2168918,0
2168988,0
2169015,0
2169027,0
2169030,0
2169064,0
2169067,0
2169166,0
2169172,0
2169183,0
2169209,0
2169309,0
2169311,0
2169327,0
2169468,1
2169536,0
2169605,0
2169627,0
2169671,0
2169731,0
2169732,0
2169769,0
2169874,0
2169900,0
2170053,0
2170065,0
2170073,0
2170080,0
2170085,0
2170095,0
2170102,0
2170107,0
2170140,0
2170184,0
2170288,0
2170296,0
2170479,0
2170489,0
2170516,0
2170525,0
2170552,0
2170566,0
2170592,0
2170624,0
2170680,0
2170745,0
2170844,0
2170845,0
2170943,0
2171261,0
2171406,0
2171510,0
2171535,0
2171608,0
2171622,0
2171692,0
2171721,0
2171738,0
2171741,0
2171764,0
2171775,0
2171966,0
2171976,0
2172005,0
2172029,0
2172080,0
2172081,0
2172085,0
2172111,0
2172175,0
2172296,0
2172336,0
2172391,0
2172435,0
2172485,0
2172634,0
2172751,0
2172919,0
2172944,0
2172985,0
2173118,0
2173191,0
2173236,0
2173384,0
2173430,0
2173674,0
2173687,0
2173749,0
2173768,0
2173788,0
2173799,0
2173809,0
2173831,0
2173838,0
2173873,0
2173901,0
2173916,0
2173989,0
2174008,0
2174105,0
2174133,0
2174164,0
2174215,0
2174280,0
2174347,0
2174382,0
2174457,0
2174712,0
2174732,0
2174739,0
2174776,0
2174818,0
2174946,0
2175002,0
2175075,0
2175092,0
2175131,0
2175144,0
2175239,0
2175306,0
2175424,0
2175440,0
2175479,0
2175490,0
2175514,0
2175534,0
2175548,0
2175552,0
2175685,0
2175689,0
2175703,0
2175717,0
2175742,0
2175807,0
2175855,0
2176020,0
2176036,0
2176091,0
2176121,0
2176155,0
2176168,0
2176216,0
2176245,0
2176277,0
2176291,0
2176504,0
2176509,0
2176533,0
2176548,0
2176650,0
2176656,0
2176662,0
2176720,0
2176777,0
2176838,0
2176843,0
2176902,0
2176957,0
2176974,0
2176993,0
2177011,1
2177020,0
2177042,0
2177131,0
2177132,0
2177266,0
2177287,1
2177318,0
2177370,1
2177404,0
2177405,0
2177536,0
2177537,0
2177565,0
2177638,0
2177659,0
2177685,0
2177702,0
2177735,0
2177737,0
2177858,0
2177871,0
2177921,0
2177969,0
2178068,0
2178077,0
2178082,0
2178085,0
2178086,0
2178091,0
2178183,0
2178223,0
2178234,0
2178241,0
2178286,0
2178388,0
2178499,0
2178551,0
2178556,0
2178671,0
2178680,0
2178782,0
2178807,1
2178872,0
2178968,0
2179033,0
2179205,0
2179212,0
2179286,0
2179293,0
2179337,0
2179362,0
2179379,0
2179382,0
2179383,0
2179504,0
2179511,0
2179555,0
2179559,0
2179616,0
2179627,0
2179649,0
2179669,0
2179713,0
2179754,0
2179786,0
2179793,0
2179830,0
2179841,0
2179846,0
2179847,0
2179905,0
2179914,0
2179956,0
2179992,0
2180009,0
2180042,0
2180087,0
2180094,0
2180244,0
2180282,0
2180432,0
2180448,0
2180567,0
2180625,0
2180632,0
2180699,0
2180736,0
2180759,0
2180819,0
2180825,0
2180843,0
2180860,0
2180865,0
2180966,0
2180979,0
2180992,0
2181058,0
2181122,0
2181130,0
2181136,0
2181143,0
2181155,0
2181218,0
2181292,0
2181386,0
2181556,0
2181597,0
2181606,0
2181635,0
2181636,0
2181648,0
2181664,0
2181780,0
2181812,0
2181864,0
2181896,0
2181948,0
2181956,0
2182104,0
2182106,0
2182304,0
2182326,0
2182342,0
2182461,0
2182546,0
2182651,0
2182702,0
2182750,0
2182819,0
2182861,0
2182867,0
2182877,0
2182904,0
2182909,0
2182928,0
2183074,0
2183144,0
2183379,0
2183412,0
2183504,0
2183508,1
2183512,0
2183547,0
2183559,0
2183634,0
2183656,0
2183746,0
2183761,0
2183774,0
2183820,0
2183823,0
2183831,1
2183896,0
2183921,1
2184107,0
2184142,0
2184180,0
2184316,0
2184426,0
2184441,0
2184483,0
2184578,0
2184581,0
2184655,0
2184675,0
2184712,0
2184721,0
2184753,0
2184942,0
2184964,0
2184987,0
2185012,0
2185056,0
2185067,0
2185104,0
2185117,0
2185138,0
2185185,0
2185246,0
2185326,0
2185345,0
2185376,0
2185383,0
2185470,0
2185556,0
2185557,0
2185606,0
2185725,0
2185727,0
2185739,0
2185846,0
2185882,0
2185902,0
2185922,0
2185943,0
2185979,0
2186007,0
2186088,0
2186144,1
2186213,0
2186258,0
2186296,0
2186305,0
2186373,0
2186422,1
2186468,0
2186502,0
2186519,0
2186585,0
2186589,0
2186609,0
2186624,0
2186642,0
2186714,0
2186755,0
2186811,0
2186839,0
2187045,0
2187179,0
2187299,0
2187321,0
2187347,0
2187558,0
2187584,0
2187623,0
2187686,0
2187734,0
2187736,0
2187840,0
2187894,0
2187897,0
2188094,0
2188097,0
2188123,0
2188240,0
2188262,0
2188289,0
2188323,0
2188330,0
2188337,0
2188350,0
2188463,0
2188540,0
2188565,0
2188581,0
2188587,0
2188602,0
2188638,0
2188796,0
2188851,0
2189006,0
2189063,0
2189087,0
2189091,0
2189240,0
2189263,1
2189327,0
2189333,0
2189334,0
2189395,0
2189418,0
2189528,0
2189545,0
2189572,0
2189609,0
2189689,0
2189706,0
2189718,0
2189755,0
2189771,0
2189828,0
2189846,0
2189868,0
2189873,0
2189907,0
2189985,0
2190026,0
2190029,0
2190048,0
2190166,0
2190291,0
2190461,0
2190462,0
2190508,0
2190516,0
2190572,0
2190603,0
2190677,0
2190689,0
2190859,0
2190905,0
2190912,0
2191021,0
2191067,0
2191070,0
2191072,0
2191122,0
2191123,0
2191150,0
2191216,0
2191219,0
2191299,0
2191319,0
2191402,0
2191438,0
2191526,0
2191531,0
2191542,0
2191559,0
2191634,0
2191684,0
2191747,0
2191761,0
2191812,0
2191851,0
2191858,0
2191876,0
2191906,0
2192031,0
2192037,0
2192148,0
2192155,0
2192164,0
2192209,0
2192229,0
2192270,0
2192307,0
2192311,0
2192346,0
2192355,0
2192391,0
2192406,0
2192528,0
2192542,0
2192555,0
2192645,0
2192654,0
2192686,0
2192704,0
2192733,0
2192790,0
2192883,0
2192963,0
2192984,0
2192986,0
2193020,0
2193053,0
2193124,0
2193139,0
2193195,0
2193209,0
2193239,0
2193312,0
2193386,0
2193471,0
2193483,0
2193487,0
2193534,0
2193671,0
2193732,0
2193799,0
2193849,0
2193878,0
2193889,0
2193891,0
2193909,0
2193952,1
2193966,0
2194021,0
2194027,0
2194050,0
2194139,0
2194146,0
2194161,0
2194207,0
2194214,0
2194232,0
2194249,0
2194273,0
2194277,0
2194294,0
2194314,0
2194448,0
2194498,0
2194621,0
2194636,0
2194699,0
2194772,0
2194775,0
2194796,0
2194859,0
2194866,0
2194896,0
2194903,0
2194932,0
2194980,0
2195028,0
2195038,0
2195173,0
2195180,0
2195186,0
2195257,0
2195344,0
2195464,0
2195492,0
2195494,0
2195501,0
2195540,0
2195558,0
2195565,0
2195566,0
2195588,0
2195609,0
2195680,0
2195694,0
2195749,0
2195765,0
2195766,0
2195805,0
2195811,0
2195815,1
2195889,0
2195898,0
2195914,0
2195945,0
2195955,0
2196085,0
2196092,0
2196131,0
2196226,0
2196312,0
2196362,0
2196379,0
2196468,0
2196499,0
2196538,0
2196550,1
2196554,0
2196579,0
2196722,0
2196755,0
2196854,0
2196871,0
2196905,0
2196958,0
2197047,0
2197065,0
2197119,0
2197130,0
2197155,0
2197188,0
2197209,0
2197212,0
2197243,0
2197244,0
2197294,0
2197356,0
2197433,0
2197435,0
2197442,0
2197520,0
2197592,0
2197593,0
2197741,0
2197765,0
2197821,0
2197847,1
2197996,0
2198035,0
2198082,0
2198143,0
2198217,0
2198228,0
2198244,0
2198285,0
2198374,0
2198381,0
2198426,0
2198488,0
2198494,0
2198507,0
2198560,0
2198571,0
2198649,0
2198694,0
2198752,0
2198755,0
2198771,0
2198790,0
2198825,0
2198849,0
2198861,0
2198925,0
2198932,0
2198934,0
2198981,0
2199074,0
2199100,0
2199113,0
2199120,0
2199128,0
2199156,0
2199184,0
2199219,0
2199224,0
2199247,0
2199252,0
2199261,0
2199269,0
2199311,0
2199330,0
2199373,0
2199452,0
2199507,0
2199510,0
2199528,0
2199540,0
2199605,0
2199672,0
2199765,0
2199871,0
2199874,0
2199921,0
2199928,0
2199942,0
2199943,0
2199997,0
2200002,0
2200137,0
2200173,0
2200206,0
2200274,0
2200386,0
2200390,0
2200415,0
2200512,0
2200662,0
2200668,0
2200686,0
2200695,0
2200709,0
2200750,0
2200832,0
2200842,0
2200872,0
2200917,0
2200970,0
2200973,0
2201006,0
2201010,0
2201195,0
2201251,0
2201307,0
2201424,0
2201491,0
2201520,0
2201563,0
2201662,0
2201719,0
2201746,0
2201783,0
2201828,0
2201859,0
2202023,0
2202027,0
2202058,0
2202096,0
2202106,0
2202276,0
2202311,0
2202331,0
2202396,0
2202426,0
2202510,0
2202626,0
2202656,0
2202756,0
2202847,0
2202868,1
2203020,0
2203056,0
2203158,0
2203414,0
2203469,0
2203572,0
2203579,0
2203592,0
2203624,0
2203655,0
2203707,0
2203710,0
2203726,0
2203775,0
2203803,0
2203869,0
2203877,0
2203920,0
2203927,0
2204051,0
2204053,0
2204151,0
2204210,0
2204294,0
2204297,0
2204332,0
2204369,0
2204411,0
2204420,0
2204442,0
2204454,0
2204499,0
2204516,0
2204528,0
2204599,0
2204651,0
2204698,0
2204775,0
2204803,0
2204832,0
2204841,0
2204869,0
2204895,0
2204915,0
2205108,0
2205155,0
2205180,0
2205181,0
2205207,0
2205258,0
2205273,0
2205281,0
2205292,0
2205435,0
2205455,0
2205460,0
2205539,1
2205549,0
2205582,0
2205671,0
2205679,0
2205734,1
2205879,0
2205880,0
2205891,0
2205896,0
2205947,0
2206020,0
2206053,0
2206068,0
2206095,0
2206263,0
2206307,0
2206355,0
2206384,0
2206419,0
2206447,0
2206505,0
2206535,0
2206537,0
2206602,0
2206843,0
2206907,0
2206938,0
2207093,0
2207130,0
2207166,0
2207269,0
2207328,0
2207398,0
2207425,0
2207433,0
2207561,0
2207646,0
2207669,0
2207697,0
2207724,0
2207913,0
2207925,0
2207972,0
2207981,0
2208005,0
2208013,0
2208016,0
2208040,1
2208059,0
2208098,0
2208153,0
2208181,0
2208285,0
2208306,0
2208350,0
2208379,0
2208384,0
2208428,0
2208463,0
2208479,0
2208525,0
2208641,0
2208678,0
2208680,0
2208782,0
2208909,0
2208933,0
2208936,0
2208983,0
2208996,0
2209083,1
2209103,0
2209113,0
2209159,0
2209206,0
2209216,0
2209247,0
2209378,0
2209421,0
2209429,0
2209435,0
2209458,0
2209495,0
2209509,0
2209551,0
2209572,0
2209664,0
2209679,0
2209777,0
2209843,0
2209915,0
2209989,0
2210117,0
2210196,0
2210260,0
2210316,0
2210367,0
2210463,0
2210480,0
2210490,0
2210522,0
2210534,0
2210583,0
2210593,0
2210633,0
2210637,0
2210648,0
2210696,0
2210748,0
2210762,0
2210816,0
2210853,0
2210918,0
2210950,0
2210951,0
2210956,0
2211052,0
2211092,0
2211125,0
2211244,0
2211270,0
2211296,0
2211528,0
2211555,0
2211583,0
2211609,0
2211632,0
2211653,0
2211745,0
2211751,1
2211812,0
2211835,0
2211865,0
2211870,0
2211900,0
2211911,0
2211997,0
2212012,0
2212029,0
2212101,0
2212167,0
2212224,0
2212260,0
2212284,0
2212285,0
2212333,0
2212360,0
2212373,0
2212424,0
2212444,0
2212599,0
2212605,0
2212776,0
2212784,0
2212802,1
2212913,0
2212925,0
2212957,0
2212967,0
2213092,0
2213355,0
2213415,0
2213440,0
2213444,0
2213451,0
2213492,0
2213503,0
2213625,0
2213639,0
2213643,0
2213711,0
2213751,0
2213764,0
2213890,1
2213935,0
2213968,0
2213971,0
2214014,0
2214060,0
2214076,0
2214121,0
2214140,0
2214154,0
2214187,0
2214197,0
2214203,0
2214250,0
2214251,0
2214265,0
2214303,0
2214398,0
2214506,0
2214577,0
2214598,0
2214612,0
2214655,0
2214688,0
2214796,0
2214833,0
2214890,0
2214938,0
2215089,0
2215234,0
2215251,0
2215254,0
2215255,0
2215346,0
2215357,0
2215360,0
2215386,0
2215432,0
2215581,0
2215741,0
2215750,0
2215753,0
2215754,0
2215797,0
2215862,0
2215900,0
2216036,0
2216088,0
2216120,0
2216197,0
2216272,0
2216305,0
2216415,0
2216494,0
2216511,0
2216517,0
2216578,0
2216599,0
2216634,0
2216704,0
2216707,0
2216829,0
2216841,0
2216851,0
2217062,0
2217066,0
2217104,0
2217112,0
2217119,0
2217164,0
2217178,0
2217286,0
2217288,0
2217325,0
2217345,0
2217348,0
2217431,0
2217437,0
2217451,0
2217472,0
2217479,0
2217654,0
2217656,0
2217696,0
2217712,0
2217721,0
2217741,0
2217785,0
2217937,0
2217940,0
2218283,0
2218331,0
2218413,0
2218417,0
2218556,0
2218567,0
2218654,0
2218658,1
2218670,0
2218759,0
2218794,0
2218915,0
2219002,0
2219007,0
2219049,0
2219220,0
2219267,0
2219317,0
2219389,0
2219464,0
2219479,0
2219597,0
2219603,0
2219666,0
2219694,0
2219711,0
2219724,0
2219742,0
2219743,0
2219762,0
2219764,0
2219783,0
2219830,1
2219865,0
2219924,0
2220016,0
2220224,0
2220269,0
2220288,0
2220343,0
2220356,0
2220394,1
2220424,0
2220504,0
2220575,0
2220686,0
2220713,0
2220783,0
2220883,0
2220964,0
2220996,0
2221035,0
2221040,0
2221095,0
2221194,0
2221206,0
2221273,0
2221330,0
2221348,0
2221360,0
2221366,0
2221437,0
2221452,0
2221458,0
2221463,0
2221470,0
2221506,0
2221529,0
2221662,0
2221673,0
2221722,0
2221723,0
2221727,0
2221814,1
2221838,0
2221859,0
2221874,0
2221879,0
2221922,0
2221954,0
2221960,0
2222008,0
2222023,0
2222084,0
2222096,0
2222180,0
2222185,0
2222193,0
2222309,0
2222384,0
2222550,0
2222572,0
2222631,0
2222655,0
2222683,0
2222722,0
2222796,0
2222899,0
2222942,0
2222975,0
2222988,0
2223108,0
2223132,0
2223143,0
2223148,0
2223175,0
2223204,0
2223243,0
2223264,0
2223265,0
2223273,0
2223275,0
2223288,0
2223308,0
2223329,0
2223408,0
2223427,0
2223444,0
2223464,0
2223503,0
2223583,0
2223639,0
2223700,0
2223701,0
2223748,0
2223825,0
2223862,0
2223877,0
2223879,0
2223926,0
2223960,0
2223978,0
2223987,0
2223992,0
2224028,0
2224197,0
2224236,0
2224250,0
2224315,0
2224322,0
2224387,0
2224479,0
2224488,0
2224532,0
2224620,0
2224640,0
2224642,0
2224684,0
2224741,0
2224760,0
2224862,0
2224868,0
2224885,0
2224887,0
2224952,0
2224954,1
2225033,0
2225059,0
2225076,0
2225164,0
2225225,0
2225240,0
2225249,0
2225324,0
2225352,0
2225382,0
2225388,0
2225424,0
2225474,0
2225570,0
2225755,0
2225796,0
2225801,0
2225836,0
2225850,0
2225892,0
2225930,0
2226022,0
2226061,0
2226085,0
2226172,0
2226334,0
2226352,0
2226427,0
2226441,0
2226470,0
2226495,0
2226518,0
2226522,0
2226578,0
2226582,0
2226636,0
2226912,0
2226959,0
2227005,0
2227054,0
2227195,1
2227249,0
2227315,0
2227320,0
2227326,0
2227418,0
2227428,0
2227467,0
2227556,0
2227568,0
2227616,0
2227673,0
2227740,0
2227754,0
2227772,0
2227788,0
2227790,0
2227814,0
2227825,0
2227856,0
2227918,0
2227957,0
2227962,0
2228005,0
2228018,0
2228046,0
2228080,0
2228094,0
2228184,1
2228188,0
2228222,0
2228233,0
2228263,0
2228409,0
2228467,0
2228470,0
2228538,0
2228544,0
2228582,0
2228596,0
2228627,0
2228629,0
2228643,0
2228645,0
2228657,0
2228747,0
2228765,0
2228770,0
2228780,0
2228790,0
2228835,0
2228958,0
2228973,0
2229067,0
2229113,0
2229134,0
2229165,0
2229188,0
2229224,0
2229251,0
2229260,0
2229302,0
2229308,0
2229377,0
2229439,0
2229470,1
2229474,0
2229476,0
2229501,0
2229531,0
2229549,0
2229573,0
2229619,0
2229662,0
2229681,0
2229706,0
2229730,0
2229755,0
2229840,0
2229873,0
2229874,0
2229891,0
2230066,0
2230087,0
2230153,0
2230182,0
2230193,0
2230238,0
2230334,0
2230454,0
2230596,0
2230717,0
2230725,0
2230756,0
2230874,0
2230894,0
2231496,0
2231542,0
2231562,0
2231637,0
2231646,0
2231693,0
2231697,0
2231752,0
2231811,0
2231819,0
2231984,0
2231998,0
2232007,0
2232430,0
2232455,0
2232550,0
2232601,0
2232708,0
2232750,0
2232794,0
2232810,0
2232830,0
2232870,0
2232919,0
2232932,0
2232976,0
2232981,0
2233019,0
2233021,0
2233051,0
2233089,0
2233172,0
2233206,0
2233239,0
2233245,0
2233248,0
2233252,0
2233378,0
2233462,0
2233465,0
2233484,0
2233504,0
2233510,0
2233618,0
2233718,0
2233750,0
2233768,0
2233902,0
2233937,0
2234011,0
2234013,0
2234022,0
2234059,0
2234229,0
2234239,0
2234273,0
2234279,0
2234420,0
2234461,0
2234499,0
2234518,0
2234558,0
2234576,0
2234600,0
2234642,0
2234663,0
2234704,0
2234734,0
2234767,0
2234814,0
2234943,0
2234966,0
2234975,0
2234982,0
2234991,0
2234998,0
2235122,0
2235156,0
2235240,0
2235278,1
2235289,0
2235359,0
2235659,1
2235694,0
2235791,0
2235957,0
2236003,0
2236207,0
2236281,0
2236355,0
2236362,0
2236421,0
2236489,0
2236525,0
2236528,1
2236761,0
2236833,0
2236979,0
2237175,0
2237182,0
2237222,0
2237240,0
2237352,0
2237354,0
2237372,0
2237384,0
2237390,0
2237414,0
2237431,0
2237513,0
2237576,0
2237640,0
2237660,0
2237672,0
2237807,0
2237816,0
2237911,0
2237979,0
2238009,0
2238084,0
2238174,0
2238209,0
2238252,0
2238283,0
2238315,0
2238323,0
2238335,0
2238414,1
2238475,0
2238534,0
2238649,0
2238654,0
2238721,0
2238766,0
2238864,0
2238901,0
2238920,0
2238933,0
2239069,0
2239091,1
2239102,0
2239226,0
2239233,0
2239343,0
2239451,0
2239532,0
2239553,0
2239662,0
2239709,0
2239752,0
2239893,0
2239958,0
2239994,0
2240052,0
2240116,0
2240133,0
2240200,0
2240358,0
2240382,0
2240592,0
2240670,0
2240754,0
2240791,0
2240803,0
2240809,0
2240955,0
2240981,0
2241012,0
2241044,0
2241229,0
2241255,0
2241267,0
2241294,0
2241347,0
2241463,0
2241475,0
2241577,0
2241652,0
2241708,0
2241796,0
2241919,0
2241942,0
2241960,0
2241968,0
2242061,0
2242152,0
2242171,0
2242238,0
2242250,0
2242336,0
2242455,0
2242535,0
2242691,0
2242968,0
2242985,0
2243041,0
2243097,0
2243107,0
2243476,0
2243497,0
2243521,0
2243553,0
2243571,0
2243607,0
2243848,0
2243862,0
2243875,0
2243898,0
2243946,0
2243954,1
2243991,0
2244023,0
2244063,0
2244134,0
2244180,0
2244336,1
2244380,0
2244396,0
2244437,0
2244522,0
2244601,0
2244637,0
2244691,0
2244742,0
2244833,0
2244913,0
2244973,0
2244989,0
2245000,0
2245082,0
2245154,0
2245302,0
2245329,0
2245342,0
2245363,0
2245430,0
2245453,0
2245500,0
2245518,0
2245620,0
2245637,0
2245704,0
2245705,0
2245732,0
2245813,0
2245895,0
2245989,0
2246006,0
2246021,0
2246035,0
2246201,0
2246212,0
2246387,0
2246437,0
2246510,0
2246514,0
2246525,0
2246540,0
2246573,0
2246658,0
2246699,0
2246700,0
2246887,0
2247067,0
2247089,0
2247178,0
2247196,0
2247248,0
2247273,0
2247934,0
2247969,0
2248053,0
2248079,0
2248109,0
2248220,0
2248281,0
2248293,0
2248306,0
2248416,0
2248428,0
2248445,0
2248556,0
2248653,0
2248705,0
2248758,0
2248774,0
2248814,0
2248851,0
2248861,0
2248865,0
2249053,0
2249061,0
2249077,0
2249090,0
2249130,0
2249141,0
2249142,0
2249146,0
2249175,0
2249181,0
2249192,0
2249212,0
2249222,0
2249253,0
2249296,0
2249309,0
2249407,0
2249442,0
2249444,0
2249462,0
2249622,0
2249631,0
2249708,0
2249761,0
2249920,0
2250026,0
2250035,0
2250058,0
2250137,0
2250161,0
2250293,0
2250297,0
2250310,0
2250311,0
2250324,0
2250359,0
2250426,0
2250465,0
2250469,0
2250470,0
2250479,0
2250522,0
2250612,0
2250646,0
2250756,0
2250831,0
2250863,0
2250914,0
2251109,0
2251135,0
2251203,0
2251221,0
2251260,0
2251353,0
2251360,0
2251403,0
2251430,0
2251445,0
2251456,0
2251479,0
2251498,0
2251566,0
2251743,0
2251747,0
2251924,0
2251948,0
2251950,0
2251981,0
2251992,0
2252069,0
2252137,0
2252178,0
2252291,0
2252367,0
2252440,0
2252443,0
2252528,1
2252615,0
2252784,0
2252788,0
2252807,0
2252903,0
2252946,0
2253011,0
2253019,0
2253075,0
2253079,0
2253235,0
2253285,0
2253286,0
2253303,0
2253330,0
2253427,0
2253435,0
2253491,0
2253496,0
2253503,0
2253543,0
2253619,0
2253663,0
2253692,0
2253700,0
2253852,0
2253893,0
2253897,0
2253913,0
2254002,0
2254045,0
2254431,0
2254557,0
2254585,0
2254608,0
2254641,0
2254733,0
2254799,0
2254897,0
2254915,0
2254935,0
2255065,0
2255084,0
2255130,0
2255223,0
2255334,0
2255392,0
2255399,0
2255515,0
2255558,0
2255584,0
2255688,0
2255796,0
2255811,0
2255864,0
2255878,0
2255911,0
2255961,0
2256025,0
2256041,0
2256059,0
2256063,0
2256064,0
2256099,0
2256172,0
2256245,0
2256260,0
2256330,0
2256409,0
2256519,0
2256605,0
2256769,0
2256851,0
2256866,0
2256916,0
2256953,0
2256972,0
2257025,0
2257034,0
2257439,0
2257482,0
2257504,0
2257597,0
2257701,0
2257775,0
2257922,0
2257928,0
2258007,0
2258016,0
2258018,0
2258029,0
2258067,0
2258101,1
2258272,0
2258273,0
2258310,0
2258316,0
2258393,0
2258409,0
2258412,0
2258484,0
2258502,0
2258566,0
2258615,0
2258666,0
2258689,0
2258694,0
2258710,0
2258913,0
2258933,0
2258945,0
2259009,0
2259046,0
2259054,0
2259114,0
2259134,0
2259270,0
2259346,0
2259525,0
2259527,0
2259572,0
2259650,0
2259900,0
2259993,0
2260052,0
2260219,0
2260220,0
2260262,0
2260360,0
2260561,0
2260571,0
2260648,0
2260665,0
2260749,0
2260803,0
2260821,0
2260829,0
2260832,0
2260859,0
2261011,0
2261034,0
2261036,0
2261058,0
2261060,0
2261095,0
2261114,0
2261131,0
2261144,0
2261179,1
2261419,0
2261444,0
2261555,0
2261591,0
2261604,0
2261706,0
2261718,0
2261756,0
2261784,0
2261842,0
2261869,0
2261891,0
2261937,0
2262007,1
2262119,0
2262154,0
2262159,0
2262259,0
2262315,0
2262338,0
2262365,0
2262377,0
2262520,0
2262598,0
2262613,0
2262862,0
2262955,0
2262966,0
2263080,0
2263149,0
2263211,0
2263254,0
2263324,0
2263499,0
2263521,0
2263567,0
2263639,0
2263803,0
2263856,0
2263860,0
2263872,0
2263903,0
2264002,0
2264115,0
2264197,0
2264436,0
2264561,0
2264717,0
2264830,0
2264852,0
2264857,0
2264938,0
2265017,0
2265211,0
2265259,0
2265365,0
2265603,0
2265650,0
2265658,0
2265705,0
2265712,0
2265798,0
2265799,0
2265986,0
2266018,0
2266057,0
2266069,0
2266110,0
2266138,0
2266161,0
2266190,0
2266276,0
2266295,0
2266368,0
2266392,0
2266445,0
2266517,0
2266640,0
2266647,0
2266827,0
2266844,0
2266875,0
2266943,0
2266952,0
2267027,0
2267179,0
2267182,0
2267188,0
2267278,0
2267284,0
2267342,0
2267352,0
2267357,0
2267373,0
2267375,0
2267410,0
2267479,0
2267486,0
2267577,0
2267592,0
2267761,0
2267891,0
2267953,0
2267957,0
2267987,0
2267996,0
2268242,0
2268247,0
2268253,0
2268286,0
2268308,0
2268341,0
2268457,0
2268632,0
2268746,0
2268827,0
2268969,0
2268977,1
2268992,0
2269057,0
2269099,0
2269140,0
2269220,0
2269280,0
2269437,0
2269505,0
2269556,0
2269597,0
2269735,0
2269812,0
2269860,0
2269867,0
2269977,0
2270049,0
2270124,0
2270161,0
2270165,0
2270168,0
2270170,0
2270185,0
2270228,0
2270254,0
2270283,0
2270377,0
2270394,0
2270485,0
2270617,0
2270660,0
2270674,0
2270715,0
2270727,0
2270736,0
2270743,0
2270768,0
2270830,0
2270838,0
2270982,1
2271047,0
2271062,0
2271087,0
2271158,0
2271223,0
2271262,0
2271330,0
2271391,0
2271491,0
2271525,0
2271570,0
2271616,0
2271670,0
2271742,0
2271758,0
2271866,0
2271874,0
2271876,0
2271926,0
2271963,0
2272010,0
2272120,0
2272129,0
2272387,0
2272395,0
2272609,0
2272644,0
2272793,0
2272841,0
2272857,0
2272996,0
2273047,0
2273155,0
2273158,0
2273181,0
2273331,0
2273649,0
2273684,0
2273723,0
2273864,0
2273934,0
2273966,0
2274022,0
2274156,0
2274183,0
2274214,0
2274282,0
2274303,0
2274449,0
2274464,0
2274468,0
2274523,0
2274538,0
2274548,0
2274581,0
2274625,0
2274773,0
2274913,0
2274982,0
2275022,0
2275074,0
2275206,0
2275210,1
2275230,0
2275365,0
2275367,0
2275371,0
2275382,0
2275454,0
2275476,0
2275483,0
2275521,0
2275524,0
2275541,0
2275600,0
2275687,0
2275880,0
2275899,1
2275991,0
2276048,0
2276058,0
2276101,0
2276115,0
2276165,0
2276195,0
2276268,0
2276410,0
2276438,0
2276613,0
2276637,0
2276642,0
2276662,0
2276686,0
2276743,0
2276753,0
2276779,0
2276781,0
2276793,0
2276804,0
2276881,0
2276972,0
2277040,0
2277124,0
2277130,0
2277200,0
2277206,0
2277231,0
2277326,0
2277346,0
2277366,0
2277375,0
2277410,0
2277527,0
2277688,0
2277695,0
2277737,0
2277800,0
2277801,0
2277839,1
2277903,0
2277918,0
2277989,0
2278089,0
2278100,0
2278193,0
2278230,0
2278299,0
2278392,0
2278394,0
2278442,0
2278526,0
2278534,0
2278583,0
2278637,0
2278681,0
2278684,0
2278695,0
2278730,0
2278758,0
2278801,0
2278827,0
2278840,0
2278858,1
2278941,0
2279100,0
2279153,0
2279187,0
2279232,0
2279235,0
2279269,0
2279275,0
2279343,0
2279374,0
2279436,0
2279438,0
2279452,0
2279588,1
2279589,0
2279626,0
2279834,0
2279838,0
2279850,0
2279858,0
2279927,0
2280032,0
2280121,0
2280182,0
2280184,0
2280271,0
2280276,0
2280311,0
2280380,0
2280428,0
2280485,0
2280548,0
2280567,0
2280610,0
2280620,0
2280628,0
2280718,0
2280756,0
2280782,0
2281165,0
2281229,0
2281258,0
2281343,0
2281350,0
2281356,0
2281440,0
2281465,0
2281623,0
2281661,0
2281731,0
2281788,0
2281926,0
2281935,0
2281974,0
2282068,0
2282070,0
2282119,0
2282334,0
2282497,0
2282541,0
2282665,0
2282705,0
2282762,0
2282776,0
2282789,0
2282862,0
2282928,0
2282934,0
2283016,0
2283132,0
2283152,0
2283237,0
2283301,0
2283354,0
2283358,0
2283515,0
2283565,0
2283740,0
2284068,0
2284117,0
2284139,0
2284151,0
2284157,0
2284190,0
2284238,0
2284254,0
2284259,0
2284318,0
2284402,0
2284412,0
2284521,0
2284569,0
2284612,0
2284687,0
2284701,0
2284711,0
2284723,0
2284740,0
2284960,0
2284961,0
2285054,0
2285108,0
2285234,0
2285265,0
2285285,0
2285303,0
2285368,0
2285384,0
2285497,0
2285541,0
2285598,0
2285631,0
2285661,0
2285818,0
2285871,0
2285932,0
2285941,0
2286184,0
2286473,0
2286484,0
2286518,0
2286572,0
2286640,0
2286700,0
2286764,0
2286817,0
2286866,0
2286871,0
2286874,0
2286899,0
2286939,0
2286972,0
2287069,0
2287073,0
2287122,0
2287147,0
2287267,0
2287408,0
2287498,0
2287713,0
2287722,1
2287745,0
2287864,0
2287966,0
2287999,0
2288062,0
2288185,0
2288249,0
2288345,0
2288385,0
2288475,0
2288476,0
2288641,0
2288678,0
2288683,0
2288906,0
2288914,0
2288931,0
2288932,0
2288964,0
2288997,0
2289052,0
2289067,0
2289084,0
2289190,0
2289234,0
2289357,0
2289424,0
2289476,0
2289486,0
2289540,0
2289569,0
2289731,0
2289782,0
2289795,0
2289808,0
2290066,0
2290217,0
2290257,0
2290277,0
2290296,0
2290383,0
2290499,0
2290532,0
2290580,0
2290630,0
2290671,0
2290698,0
2290747,0
2290769,0
2290794,0
2290820,0
2290933,0
2290934,0
2290979,0
2291022,0
2291077,0
2291171,0
2291179,0
2291304,0
2291337,0
2291357,0
2291404,0
2291513,0
2291541,0
2291582,0
2291597,0
2291612,0
2291750,0
2291880,0
2291924,0
2291968,1
2291985,0
2292028,0
2292135,0
2292157,0
2292177,0
2292222,0
2292244,0
2292277,0
2292281,0
2292322,0
2292357,0
2292466,0
2292549,0
2292743,0
2292766,0
2292771,0
2292819,0
2292850,0
2292937,0
2292938,0
2292941,0
2293054,0
2293082,0
2293107,0
2293126,0
2293148,0
2293224,0
2293304,0
2293329,0
2293376,0
2293390,0
2293449,0
2293514,0
2293522,0
2293529,0
2293545,0
2293547,0
2293554,0
2293572,0
2293584,0
2293671,0
2293688,0
2293696,0
2293780,0
2293798,0
2293860,0
2293896,0
2293906,0
2293908,0
2293942,1
2294061,0
2294107,0
2294119,0
2294187,0
2294285,0
2294315,0
2294356,0
2294362,0
2294415,0
2294429,0
2294438,0
2294574,0
2294702,0
2294736,0
2294751,0
2294863,0
2294888,0
2294960,0
2294979,0
2295021,0
2295074,0
2295125,0
2295198,0
2295255,0
2295349,0
2295423,0
2295483,0
2295540,0
2295545,0
2295563,0
2295582,0
2295666,0
2295736,0
2295804,0
2295897,0
2295944,0
2295963,0
2296026,0
2296083,0
2296144,0
2296187,0
2296205,0
2296217,0
2296273,1
2296321,0
2296366,0
2296687,0
2296708,0
2296867,0
2296957,0
2297069,0
2297082,0
2297112,0
2297147,0
2297224,0
2297244,0
2297265,0
2297308,0
2297346,0
2297389,0
2297446,0
2297458,0
2297536,0
2297570,0
2297608,0
2297887,0
2298033,0
2298043,0
2298100,0
2298110,0
2298223,0
2298290,0
2298392,0
2298401,0
2298413,0
2298523,0
2298584,0
2298762,0
2298790,0
2298892,0
2298958,0
2299033,0
2299078,0
2299112,0
2299224,0
2299276,0
2299277,0
2299352,0
2299428,0
2299453,0
2299456,0
2299590,0
2299596,0
2299728,0
2299751,0
2299799,0
2299847,0
2299877,0
2299886,0
2299950,0
2299957,0
2299967,0
2299975,0
2300040,0
2300090,0
2300164,0
2300194,0
2300304,0
2300317,0
2300356,0
2300365,0
2300461,0
2300485,0
2300519,0
2300527,0
2300536,0
2300537,0
2300565,0
2300572,0
2300642,0
2300718,0
2300727,0
2300737,0
2300759,0
2300763,0
2300794,0
2300845,0
2300869,0
2300897,0
2300902,0
2301037,0
2301127,0
2301132,0
2301167,0
2301214,0
2301354,0
2301455,0
2301486,0
2301490,0
2301523,0
2301546,0
2301555,0
2301567,1
2301619,0
2301628,0
2301646,0
2301706,0
2301785,0
2301791,0
2301865,0
2301876,0
2301945,0
2301953,0
2301968,0
2302039,0
2302053,0
2302125,0
2302146,0
2302162,0
2302191,0
2302229,0
2302260,0
2302295,0
2302297,0
2302314,0
2302353,0
2302556,0
2302609,0
2302673,0
2302733,0
2302756,0
2302769,0
2302895,0
2302971,0
2303039,0
2303078,0
2303136,0
2303151,0
2303197,0
2303209,0
2303233,0
2303238,0
2303285,0
2303359,0
2303404,0
2303503,0
2303570,0
2303580,0
2303599,0
2303629,0
2303637,0
2303659,0
2303681,0
2303760,0
2303781,0
2303786,0
2303795,0
2303798,0
2303822,0
2303880,0
2304119,0
2304160,0
2304176,1
2304177,0
2304178,0
2304233,0
2304256,0
2304320,0
2304367,0
2304395,0
2304444,0
2304470,0
2304505,0
2304514,0
2304520,0
2304537,0
2304598,0
2304600,0
2304640,0
2304682,0
2304688,0
2304780,0
2304785,0
2304798,1
2304847,0
2304878,0
2304908,0
2304921,0
2304955,0
2304974,0
2305051,0
2305121,0
2305133,0
2305213,0
2305293,0
2305400,0
2305423,0
2305434,0
2305451,0
2305486,0
2305504,0
2305511,0
2305520,1
2305545,0
2305636,0
2305710,0
2305748,0
2305750,0
2305763,0
2305813,0
2305815,0
2305848,0
2305939,0
2305963,0
2305966,0
2305978,0
2305991,0
2306022,0
2306092,0
2306143,0
2306160,0
2306205,0
2306230,0
2306248,0
2306335,0
2306411,0
2306416,0
2306476,0
2306503,0
2306507,0
2306543,0
2306559,0
2306625,0
2306632,0
2306670,0
2306675,0
2306699,0
2306812,0
2306821,0
2306852,0
2306939,0
2306975,0
2306994,0
2307000,0
2307263,0
2307281,1
2307283,0
2307314,0
2307318,0
2307324,0
2307382,0
2307476,0
2307608,0
2307610,0
2307658,0
2307670,0
2307698,0
2307809,0
2307837,0
2307861,0
2307900,1
2307942,0
2308015,0
2308035,0
2308060,0
2308100,0
2308102,0
2308103,0
2308162,0
2308212,0
2308272,0
2308470,0
2308474,0
2308479,0
2308499,0
2308501,0
2308540,0
2308564,0
2308718,0
2308773,0
2308861,0
2308870,0
2308884,0
2308902,0
2308960,0
2308985,0
2309010,0
2309120,0
2309178,1
2309252,0
2309326,0
2309354,0
2309369,0
2309374,0
2309432,0
2309446,0
2309504,0
2309518,0
2309536,0
2309581,0
2309719,0
2309751,0
2309786,0
2309824,0
2309893,0
2309904,0
2309937,0
2309983,0
2309998,0
2310007,0
2310103,0
2310157,0
2310184,0
2310198,0
2310228,0
2310252,0
2310275,0
2310278,0
2310375,0
2310396,0
2310450,0
2310454,0
2310473,0
2310544,0
2310684,0
2310721,0
2310819,0
2310872,1
2310892,0
2310936,0
2311054,0
2311196,0
2311300,0
2311426,0
2311438,0
2311509,0
2311542,0
2311743,0
2311796,0
2311931,0
2311938,0
2311951,0
2311953,0
2312071,0
2312191,0
2312202,0
2312233,0
2312241,0
2312455,0
2312478,0
2312496,0
2312523,0
2312529,0
2312611,0
2312659,0
2312704,0
2312724,0
2312748,0
2312870,0
2312880,1
2312904,0
2312906,0
2312914,0
2313048,0
2313051,0
2313079,0
2313086,0
2313117,0
2313192,0
2313212,0
2313275,0
2313342,0
2313354,0
2313387,0
2313398,0
2313399,0
2313668,0
2313673,0
2313792,1
2313841,0
2313861,0
2313978,0
2314065,0
2314092,0
2314104,0
2314115,0
2314180,0
2314198,0
2314239,0
2314255,0
2314347,0
2314500,0
2314602,0
2314640,0
2314719,0
2314798,0
2314840,0
2314889,0
2314898,0
2314918,0
2314923,0
2314924,0
2314973,0
2315003,0
2315031,0
2315137,0
2315242,0
2315298,0
2315407,0
2315417,0
2315420,0
2315494,0
2315506,0
2315621,0
2315626,0
2315631,0
2315702,0
2315769,0
2315775,0
2315812,0
2315814,0
2315917,0
2315945,0
2315993,0
2316038,0
2316085,0
2316232,1
2316262,0
2316265,0
2316302,0
2316330,0
2316333,0
2316407,0
2316442,0
2316453,0
2316468,0
2316483,0
2316513,0
2316656,0
2316658,0
2316683,0
2316843,0
2316853,0
2316858,0
2316902,0
2316965,0
2317025,0
2317033,0
2317101,0
2317148,0
2317287,0
2317354,0
2317358,0
2317369,0
2317402,0
2317416,0
2317417,0
2317434,0
2317513,0
2317539,0
2317575,0
2317587,0
2317633,0
2317649,1
2317705,0
2317720,0
2317755,1
2317824,0
2317863,0
2317894,0
2318029,0
2318208,0
2318226,0
2318318,0
2318400,0
2318470,0
2318491,0
2318546,0
2318591,0
2318650,0
2318671,0
2318699,0
2318701,0
2318732,0
2318805,0
2318836,0
2318860,0
2318969,0
2319015,0
2319045,0
2319047,0
2319103,1
2319110,0
2319142,0
2319146,0
2319167,1
2319234,0
2319253,0
2319334,0
2319401,0
2319426,0
2319529,0
2319539,0
2319572,0
2319573,0
2319588,0
2319637,0
2319662,0
2319708,0
2319710,0
2319756,0
2319779,0
2319793,0
2319826,0
2319952,0
2319956,0
2319959,0
2320020,0
2320051,0
2320055,0
2320153,0
2320233,0
2320290,0
2320302,0
2320357,0
2320389,0
2320419,0
2320453,1
2320478,0
2320494,0
2320616,0
2320654,0
2320702,0
2320729,0
2320835,0
2320870,0
2320879,0
2320992,0
2321008,0
2321082,0
2321100,0
2321127,0
2321193,0
2321263,0
2321276,0
2321302,0
2321391,0
2321403,0
2321509,0
2321510,0
2321544,0
2321592,0
2321624,0
2321642,0
2321645,0
2321647,0
2321684,1
2321716,0
2321811,0
2321969,0
2322167,0
2322190,0
2322206,0
2322234,0
2322274,0
2322372,0
2322394,0
2322406,0
2322428,0
2322509,0
2322566,0
2322583,0
2322590,0
2322592,0
2322727,0
2322744,0
2322816,0
2322833,0
2322946,0
2322951,0
2323050,0
2323104,0
2323110,0
2323144,0
2323285,0
2323395,0
2323441,0
2323453,0
2323561,0
2323573,0
2323651,0
2323668,0
2323769,0
2323812,0
2323836,0
2323847,0
2323930,0
2323945,0
2324001,0
2324016,1
2324020,0
2324064,0
2324078,0
2324089,0
2324143,0
2324182,0
2324235,0
2324240,0
2324298,0
2324351,0
2324372,0
2324395,0
2324448,0
2324461,0
2324512,0
2324599,0
2324633,0
2324634,0
2324641,0
2324705,0
2324807,0
2324884,0
2324961,0
2325032,0
2325139,0
2325252,0
2325275,0
2325329,0
2325538,0
2325692,0
2325710,0
2325742,0
2325861,0
2325875,0
2325883,0
2325930,0
2325957,0
2326002,0
2326047,0
2326052,0
2326074,0
2326126,0
2326214,0
2326332,0
2326590,0
2326648,0
2326813,0
2326827,0
2326881,0
2326889,0
2326891,0
2326923,0
2326928,0
2326959,0
2326967,0
2327037,0
2327067,0
2327108,0
2327145,0
2327169,0
2327247,0
2327249,0
2327308,0
2327353,0
2327366,0
2327455,0
2327474,0
2327513,0
2327544,0
2327636,0
2327688,0
2327719,0
2327721,0
2327842,0
2327938,0
2327974,0
2328256,0
2328340,0
2328412,0
2328418,0
2328462,0
2328506,0
2328614,0
2328672,0
2328699,0
2328717,0
2328748,0
2328797,0
2328837,0
2328865,0
2328977,0
2329010,0
2329034,0
2329138,0
2329210,0
2329220,0
2329266,0
2329315,0
2329326,0
2329392,0
2329394,0
2329471,0
2329493,0
2329506,0
2329556,0
2329638,0
2329653,0
2329678,0
2329703,0
2329733,0
2329829,0
2329903,0
2329999,0
2330028,0
2330069,0
2330081,0
2330118,0
2330120,0
2330122,0
2330239,0
2330240,0
2330245,1
2330288,0
2330293,0
2330339,0
2330450,0
2330456,0
2330604,0
2330654,0
2330664,0
2330752,0
2330812,0
2330904,0
2330914,0
2330941,0
2330984,0
2330989,0
2331015,0
2331066,0
2331089,0
2331121,0
2331122,0
2331129,0
2331205,0
2331267,0
2331303,0
2331339,0
2331356,0
2331386,0
2331450,0
2331483,0
2331544,0
2331560,0
2331569,0
2331591,0
2331625,0
2331757,0
2331761,0
2331819,0
2331852,0
2331888,0
2331900,0
2331901,0
2332018,0
2332043,0
2332061,0
2332105,0
2332170,0
2332173,0
2332299,0
2332333,0
2332337,0
2332398,0
2332400,0
2332450,0
2332494,0
2332560,0
2332623,0
2332647,0
2332679,0
2332749,0
2332825,0
2332840,0
2332907,0
2332983,0
2333045,0
2333060,0
2333108,0
2333148,0
2333155,0
2333199,0
2333229,0
2333318,0
2333328,0
2333484,0
2333498,0
2333503,0
2333524,0
2333546,0
2333671,0
2333690,0
2333774,0
2333786,0
2333875,0
2333879,0
2333936,0
2333976,0
2334116,0
2334117,0
2334118,0
2334156,0
2334168,0
2334263,0
2334295,0
2334494,0
2334556,0
2334565,0
2334586,0
2334591,0
2334594,0
2334645,0
2334692,0
2334696,0
2334735,0
2334765,0
2334783,0
2334792,0
2334804,0
2334873,0
2334922,0
2334941,0
2334948,0
2335022,0
2335023,0
2335033,0
2335137,0
2335294,0
2335387,0
2335390,0
2335417,0
2335442,0
2335494,0
2335522,0
2335542,0
2335576,0
2335602,0
2335649,0
2335826,0
2335831,0
2335841,0
2335848,0
2335895,0
2335958,0
2336041,0
2336127,1
2336134,0
2336166,0
2336203,0
2336250,0
2336258,0
2336262,0
2336290,0
2336437,0
2336491,0
2336511,0
2336541,0
2336599,0
2336605,0
2336621,0
2336629,0
2336641,0
2336653,0
2336658,0
2336747,0
2336757,0
2336775,0
2336927,0
2337076,0
2337134,0
2337208,0
2337236,0
2337250,0
2337287,0
2337301,0
2337332,0
2337348,0
2337390,0
2337409,1
2337455,0
2337479,0
2337550,0
2337552,0
2337668,0
2337689,0
2337701,0
2337710,0
2337752,0
2337774,0
2337884,0
2337958,0
2337984,0
2338029,0
2338051,0
2338069,0
2338099,0
2338197,0
2338261,0
2338283,0
2338284,0
2338299,0
2338318,0
2338322,0
2338334,0
2338335,0
2338480,0
2338504,0
2338551,0
2338635,0
2338737,0
2338779,0
2338979,0
2339015,0
2339115,0
2339221,0
2339311,0
2339343,0
2339418,0
2339442,0
2339640,0
2339662,0
2339695,0
2339720,0
2339806,0
2339881,0
2339919,0
2340017,0
2340037,0
2340060,0
2340219,0
2340271,0
2340278,0
2340349,0
2340369,0
2340428,0
2340445,0
2340461,0
2340475,0
2340561,0
2340617,0
2340688,0
2340749,0
2340765,0
2340790,0
2340826,0
2340832,0
2340886,0
2340993,0
2340997,0
2341005,0
2341023,0
2341045,0
2341060,0
2341134,0
2341177,0
2341186,0
2341190,0
2341298,0
2341312,0
2341365,0
2341490,0
2341505,0
2341539,0
2341598,0
2341612,0
2341626,0
2341687,0
2341740,0
2341760,0
2341798,1
2341930,0
2341994,0
2342016,0
2342071,0
2342072,0
2342073,0
2342150,0
2342166,0
2342236,0
2342328,0
2342342,0
2342398,0
2342483,0
2342499,0
2342561,0
2342583,0
2342601,0
2342680,0
2342732,0
2342739,0
2342761,0
2342810,0
2342811,0
2342881,0
2342885,0
2342961,0
2343022,0
2343030,0
2343069,0
2343101,0
2343133,0
2343256,0
2343376,0
2343380,0
2343389,0
2343418,0
2343490,0
2343531,0
2343543,0
2343573,0
2343618,0
2343709,0
2343713,0
2343764,0
2343831,0
2343862,0
2343942,0
2343943,0
2343957,0
2343983,0
2344066,0
2344070,0
2344153,0
2344181,0
2344270,0
2344279,0
2344360,0
2344369,0
2344372,0
2344378,0
2344472,0
2344600,0
2344757,0
2344877,0
2344913,0
2344921,0
2344925,0
2345055,0
2345165,0
2345274,0
2345278,0
2345288,0
2345441,1
2345524,0
2345531,0
2345561,0
2345617,0
2345719,0
2345749,0
2345769,0
2345798,0
2345834,0
2345851,0
2345907,0
2345953,0
2345977,0
2345978,0
2346017,0
2346048,0
2346080,0
2346129,0
2346148,0
2346204,0
2346290,0
2346344,0
2346384,0
2346476,0
2346479,0
2346493,0
2346510,0
2346550,0
2346667,0
2346709,0
2346750,0
2346763,0
2346770,0
2346807,0
2346839,0
2346842,0
2346872,0
2346935,0
2346996,1
2347032,0
2347049,0
2347102,0
2347118,0
2347196,0
2347198,0
2347228,0
2347234,0
2347310,0
2347383,0
2347414,0
2347445,0
2347499,0
2347604,0
2347715,0
2347719,0
2347755,0
2347791,0
2347835,0
2347860,0
2347927,0
2348002,0
2348038,0
2348080,0
2348099,0
2348122,0
2348175,0
2348180,0
2348186,0
2348302,0
2348488,0
2348542,0
2348582,0
2348592,0
2348647,0
2348691,0
2348694,0
2348733,0
2348746,0
2348822,0
2348871,0
2348895,0
2349027,0
2349062,0
2349083,0
2349087,0
2349091,0
2349114,0
2349150,0
2349221,0
2349312,0
2349321,0
2349365,0
2349374,1
2349377,0
2349490,0
2349518,0
2349525,0
2349576,0
2349646,0
2349659,0
2349694,0
2349768,0
2349892,1
2350058,0
2350064,0
2350088,1
2350096,0
2350164,0
2350168,0
2350230,0
2350247,0
2350288,0
2350310,0
2350314,0
2350360,0
2350462,0
2350481,0
2350610,0
2350680,0
2350683,0
2350708,0
2350765,0
2350841,0
2350906,0
2350931,0
2350951,0
2350995,0
2350997,0
2351013,1
2351032,0
2351034,0
2351096,0
2351120,0
2351163,0
2351267,0
2351273,0
2351279,0
2351344,0
2351390,0
2351395,0
2351411,0
2351447,0
2351491,0
2351504,0
2351560,0
2351583,0
2351646,0
2351693,1
2351719,0
2351792,0
2351851,0
2351856,0
2351948,0
2351965,0
2351983,0
2352027,0
2352030,0
2352087,0
2352094,0
2352141,0
2352147,0
2352194,0
2352286,0
2352319,0
2352340,0
2352401,0
2352439,0
2352451,0
2352543,0
2352562,0
2352583,0
2352640,0
2352658,0
2352707,0
2352767,1
2352775,0
2352852,0
2352917,0
2352961,0
2352988,0
2353001,0
2353007,0
2353042,0
2353182,0
2353236,0
2353275,0
2353334,0
2353363,0
2353368,0
2353410,0
2353432,0
2353508,0
2353523,0
2353757,0
2353799,0
2353950,0
2353956,0
2354010,0
2354042,1
2354150,0
2354179,1
2354199,0
2354219,0
2354240,0
2354318,0
2354355,0
2354393,0
2354530,0
2354541,0
2354776,0
2354779,0
2354861,0
2354910,0
2354921,0
2355038,0
2355056,0
2355083,0
2355085,0
2355108,0
2355249,0
2355402,0
2355444,0
2355636,0
2355710,0
2355926,0
2355957,0
2356107,0
2356151,0
2356234,0
2356290,0
2356345,0
2356364,0
2356385,0
2356390,0
2356554,0
2356566,0
2356588,0
2356609,0
2356621,0
2356642,0
2356680,0
2356744,1
2356973,0
2356981,0
2356989,0
2357057,0
2357080,0
2357117,0
2357320,0
2357344,0
2357445,0
2357471,0
2357497,0
2357570,0
2357635,0
2357681,0
2357730,0
2357790,0
2357832,0
2357917,0
2358179,0
2358257,0
2358356,0
2358478,0
2358527,0
2358714,0
2358773,1
2358780,1
2358809,0
2358840,0
2358845,0
2358883,0
2358894,0
2358929,0
2358942,0
2358953,0
2358971,0
2358985,0
2359007,0
2359017,0
2359038,0
2359043,0
2359075,0
2359078,0
2359092,0
2359144,0
2359156,0
2359219,0
2359227,0
2359375,0
2359472,0
2359505,0
2359538,0
2359546,0
2359564,0
2359667,0
2359668,0
2359705,0
2359727,0
2359762,0
2359772,0
2359778,0
2359848,0
2359859,0
2359937,0
2360045,0
2360062,0
2360112,0
2360162,0
2360219,0
2360255,0
2360271,0
2360296,0
2360349,0
2360355,0
2360364,0
2360395,0
2360420,0
2360441,0
2360443,0
2360450,0
2360462,0
2360463,0
2360519,0
2360926,0
2361029,0
2361083,0
2361088,0
2361139,0
2361174,0
2361233,0
2361292,0
2361323,0
2361324,0
2361354,0
2361526,0
2361588,0
2361594,0
2361659,0
2361675,0
2361703,0
2361757,0
2361786,0
2361954,0
2361969,0
2362119,0
2362193,0
2362324,0
2362329,0
2362453,0
2362476,0
2362631,0
2362704,0
2362707,0
2362717,1
2362906,0
2362959,0
2362984,0
2363014,0
2363045,0
2363088,0
2363135,0
2363203,0
2363325,0
2363372,0
2363544,0
2363825,0
2363875,0
2363878,0
2363899,0
2363983,0
2364050,0
2364062,0
2364102,0
2364123,0
2364135,0
2364222,0
2364289,0
2364460,0
2364469,0
2364498,0
2364538,0
2364596,0
2364620,0
2364632,0
2364634,0
2364697,0
2364708,0
2364728,0
2364917,0
2364945,0
2364949,1
2364954,0
2364975,0
2364997,0
2365014,0
2365027,0
2365029,0
2365094,0
2365183,0
2365259,0
2365368,0
2365431,0
2365453,0
2365549,0
2365558,0
2365651,0
2365668,0
2365757,0
2365781,0
2365804,0
2365929,0
2365945,0
2366094,0
2366131,0
2366179,0
2366205,0
2366245,0
2366282,0
2366283,0
2366497,0
2366653,0
2366757,0
2366807,0
2366890,0
2366925,0
2366946,0
2367167,0
2367221,1
2367293,0
2367297,0
2367308,0
2367331,0
2367394,0
2367516,0
2367517,0
2367554,0
2367595,0
2367601,0
2367666,0
2367668,0
2367762,0
2367828,0
2367879,0
2368023,0
2368078,0
2368107,0
2368190,0
2368215,0
2368262,0
2368547,0
2368571,0
2368631,0
2368646,0
2368681,0
2368770,0
2368827,0
2368997,0
2369060,0
2369207,0
2369278,0
2369355,0
2369642,0
2369685,0
2369739,0
2369796,0
2369920,0
2369952,0
2370107,0
2370113,0
2370129,0
2370228,0
2370301,0
2370467,0
2370495,0
2370555,0
2370719,0
2370756,0
2370758,0
2370874,0
2370904,0
2370961,0
2370982,0
2371012,0
2371087,0
2371102,0
2371139,0
2371173,0
2371282,0
2371309,0
2371450,0
2371511,0
2371520,0
2371573,0
2371590,0
2371635,0
2371644,0
2371681,0
2371697,0
2371757,0
2371811,0
2371921,0
2372180,0
2372217,0
2372259,0
2372310,0
2372374,0
2372580,1
2372769,0
2372771,0
2372808,0
2372948,0
2373013,0
2373076,0
2373101,0
2373164,0
2373238,0
2373269,0
2373328,0
2373396,0
2373415,0
2373437,0
2373513,0
2373545,0
2373592,0
2373609,0
2373653,0
2373797,0
2373844,0
2373904,0
2373920,0
2373924,0
2374120,0
2374168,0
2374195,0
2374216,0
2374296,0
2374309,0
2374430,0
2374432,0
2374434,0
2374466,0
2374471,0
2374510,0
2374524,0
2374612,0
2374645,0
2374659,0
2374681,0
2374829,0
2374852,0
2374857,0
2374908,0
2375027,0
2375050,0
2375076,0
2375117,0
2375135,0
2375166,0
2375305,0
2375340,0
2375507,0
2375508,0
2375585,0
2375621,0
2375724,0
2375834,0
2375918,0
2376052,0
2376093,0
2376125,0
2376143,0
2376150,0
2376242,0
2376291,0
2376361,0
2376395,0
2376408,0
2376517,0
2376704,0
2376733,0
2376737,0
2376791,1
2377000,0
2377009,0
2377091,0
2377104,0
2377225,0
2377243,0
2377394,0
2377459,0
2377499,0
2377562,0
2377639,0
2377665,0
2377693,0
2377722,0
2377874,0
2377886,0
2378107,0
2378408,0
2378411,0
2378421,0
2378520,0
2378570,0
2378696,0
2378780,0
2378783,0
2378854,0
2378866,0
2378893,0
2378902,0
2378914,0
2379009,0
2379058,0
2379102,0
2379138,0
2379244,0
2379267,0
2379287,0
2379304,0
2379524,0
2379624,0
2379636,0
2379653,0
2379761,0
2379813,0
2379844,0
2379862,0
2379881,1
2379894,0
2379971,0
2380075,0
2380185,0
2380202,0
2380325,0
2380385,0
2380391,0
2380427,0
2380448,0
2380472,0
2380509,0
2380611,0
2380614,0
2380628,0
2380653,0
2380742,0
2380826,0
2380837,0
2380883,0
2380897,0
2380899,0
2381032,0
2381202,0
2381245,0
2381651,0
2381708,0
2381765,0
2381780,0
2381782,0
2381833,0
2382103,0
2382104,0
2382118,0
2382127,0
2382135,0
2382219,0
2382256,0
2382304,0
2382465,0
2382532,1
2382548,0
2382597,0
2382615,0
2382670,0
2383014,0
2383025,0
2383129,0
2383178,0
2383393,0
2383432,0
2383624,0
2383656,0
2383675,0
2383722,0
2383770,0
2384044,0
2384134,0
2384176,0
2384309,0
2384312,0
2384326,0
2384357,0
2384361,0
2384581,0
2384629,0
2384691,0
2384809,0
2384810,0
2384842,0
2384866,0
2384922,0
2384985,0
2384990,0
2385223,0
2385384,0
2385534,0
2385582,0
2385621,0
2385674,0
2385732,0
2385926,0
2385997,0
2386080,0
2386092,0
2386194,0
2386257,0
2386329,0
2386366,0
2386376,0
2386578,0
2386648,0
2386802,0
2386882,0
2386902,0
2386913,0
2386920,0
2386952,0
2386968,0
2386997,0
2387138,0
2387233,0
2387250,0
2387285,0
2387312,0
2387343,0
2387389,0
2387394,0
2387431,0
2387435,0
2387441,0
2387460,0
2387759,0
2387803,0
2387913,0
2387931,0
2387955,0
2387957,0
2388041,0
2388196,0
2388212,0
2388290,0
2388346,0
2388375,0
2388618,0
2388625,0
2388743,0
2388867,0
2388896,0
2388975,0
2388987,0
2389006,0
2389007,0
2389031,0
2389039,0
2389086,0
2389212,0
2389262,0
2389350,0
2389382,0
2389397,0
2389423,0
2389437,0
2389459,0
2389478,0
2389652,0
2389710,0
2389778,0
2389806,0
2389841,0
2389880,0
2389902,0
2389941,0
2390001,0
2390014,0
2390100,0
2390122,0
2390171,0
2390185,0
2390234,0
2390297,0
2390309,0
2390322,0
2390350,0
2390432,0
2390468,0
2390490,0
2390564,0
2390634,0
2390650,0
2390725,0
2390811,0
2390962,0
2390982,0
2391173,1
2391199,0
2391429,0
2391466,1
2391485,0
2391504,0
2391563,0
2391699,0
2391720,0
2391806,0
2391845,0
2391846,0
2392086,0
2392175,0
2392212,0
2392236,0
2392251,0
2392417,0
2392743,0
2392780,0
2392807,0
2392847,0
2392948,0
2392986,0
2393031,0
2393157,0
2393178,0
2393257,0
2393292,0
2393337,0
2393608,1
2393640,0
2393659,0
2393679,0
2393719,0
2393796,0
2393841,0
2393849,0
2393980,0
2394035,0
2394057,0
2394125,0
2394155,0
2394178,0
2394267,0
2394309,0
2394350,0
2394395,0
2394405,0
2394543,0
2394612,1
2394870,0
2394873,0
2395014,0
2395037,0
2395089,0
2395143,0
2395372,0
2395514,0
2395557,0
2395563,0
2395583,0
2395585,0
2395598,0
2395662,0
2395674,0
2395718,0
2395741,0
2395754,0
2395836,0
2395866,0
2395879,0
2395945,0
2395993,0
2396043,0
2396096,0
2396158,0
2396230,0
2396273,0
2396278,0
2396314,0
2396365,1
2396654,0
2396681,0
2396752,0
2396839,0
2396881,0
2397030,0
2397094,0
2397241,0
2397275,0
2397279,0
2397298,0
2397448,0
2397486,0
2397625,0
2397772,0
2397837,0
2397892,0
2397908,0
2397922,0
2398099,0
2398168,0
2398242,0
2398282,0
2398344,0
2398377,0
2398404,0
2398444,0
2398445,0
2398520,0
2398686,0
2398687,0
2398769,0
2398777,0
2398990,0
2399103,0
2399195,0
2399309,0
2399366,0
2399406,0
2399416,0
2399554,0
2399591,0
2399669,0
2399711,0
2399766,0
2399797,0
2399929,0
2399977,0
2400004,0
2400026,0
2400087,0
2400191,0
2400297,0
2400375,0
2400391,0
2400431,0
2400490,0
2400513,0
2400551,0
2400699,0
2400715,0
2400735,0
2400742,0
2400785,0
2400920,0
2400956,0
2400996,0
2401074,0
2401127,1
2401145,0
2401224,0
2401231,0
2401257,0
2401309,0
2401377,0
2401452,0
2401483,0
2401527,0
2401586,1
2401601,0
2401621,0
2401634,0
2401908,0
2401953,0
2402248,0
2402321,0
2402396,0
2402513,0
2402524,0
2402698,0
2402752,0
2402783,0
2402796,0
2402897,0
2402918,0
2402994,0
2403003,0
2403059,0
2403060,0
2403085,0
2403200,0
2403310,0
2403347,0
2403636,1
2403793,0
2403795,0
2403818,0
2403881,0
2403949,0
2403977,0
2404123,0
2404171,0
2404297,0
2404398,0
2404421,0
2404422,0
2404488,0
2404524,0
2404591,0
2404647,0
2404791,0
2404808,0
2404862,0
2404872,0
2405302,0
2405332,0
2405393,0
2405476,0
2405492,0
2405535,0
2405538,0
2405783,0
2405812,0
2405902,0
2405980,0
2406238,0
2406266,0
2406350,0
2406394,0
2406410,0
2406584,0
2406624,0
2406733,0
2406821,0
2406915,0
2406969,0
2407135,0
2407422,0
2407444,0
2407470,0
2407495,0
2407545,0
2407674,0
2407768,0
2407850,0
2407979,0
2408050,0
2408063,0
2408069,0
2408070,0
2408099,0
2408116,1
2408117,0
2408131,0
2408162,0
2408174,0
2408189,0
2408301,0
2408389,0
2408402,0
2408478,0
2408601,0
2408723,0
2408757,0
2408766,0
2408770,0
2408856,0
2408867,0
2408930,0
2408983,0
2409066,0
2409080,0
2409084,0
2409094,0
2409109,0
2409137,0
2409171,0
2409294,0
2409306,0
2409401,0
2409533,0
2409568,0
2409590,0
2409592,0
2409703,0
2409723,0
2409740,0
2409769,0
2409786,0
2409876,0
2409899,0
2409955,0
2409964,0
2409980,0
2410037,0
2410069,0
2410072,0
2410087,0
2410105,0
2410244,0
2410313,0
2410564,0
2410578,0
2410615,0
2410658,0
2410764,1
2410890,0
2410899,0
2410960,0
2410996,0
2411074,0
2411199,0
2411221,0
2411233,0
2411253,0
2411307,0
2411335,0
2411345,0
2411429,0
2411476,0
2411484,0
2411547,0
2411639,0
2411676,0
2411772,0
2411778,0
2412049,0
2412064,0
2412118,0
2412165,1
2412245,0
2412266,0
2412399,0
2412418,0
2412450,0
2412556,0
2412604,0
2412633,0
2412869,1
2412928,0
2413006,0
2413160,0
2413258,0
2413289,0
2413362,0
2413408,1
2413467,0
2413493,0
2413532,0
2413562,0
2413852,0
2413883,0
2413952,0
2413960,0
2414088,0
2414112,0
2414384,0
2414594,0
2414627,0
2414644,0
2414654,0
2414694,0
2414696,0
2414763,0
2414779,0
2414786,0
2414993,0
2415014,0
2415113,0
2415277,0
2415291,0
2415330,0
2415377,0
2415385,0
2415391,0
2415728,0
2415750,0
2416190,0
2416227,0
2416335,0
2416458,0
2416589,0
2416719,0
2416808,0
2416829,0
2416953,0
2417204,0
2417467,0
2417475,0
2417560,0
2417639,0
2417676,0
2417679,0
2417711,0
2417813,0
2417891,0
2417917,0
2417919,0
2417986,0
2418028,0
2418140,0
2418151,0
2418274,0
2418277,0
2418377,0
2418379,0
2418433,0
2418456,0
2418505,0
2418534,0
2418543,0
2418546,0
2418599,0
2418719,0
2418789,0
2418879,0
2418888,0
2418905,0
2418918,0
2418942,0
2418968,0
2419073,0
2419078,0
2419080,0
2419162,0
2419169,0
2419175,0
2419190,0
2419219,0
2419388,0
2419411,0
2419429,0
2419635,0
2419674,1
2419687,0
2419708,0
2419831,0
2419857,0
2419866,0
2419946,0
2419952,0
2420047,0
2420081,0
2420124,0
2420143,0
2420190,0
2420201,0
2420344,0
2420362,0
2420365,0
2420366,0
2420554,0
2420786,0
2420825,0
2420862,0
2420957,0
2420992,0
2421028,0
2421200,0
2421240,0
2421247,0
2421305,0
2421365,0
2421406,0
2421439,0
2421462,0
2421473,0
2421512,0
2421523,0
2421544,0
2421585,0
2421610,0
2421659,0
2421678,0
2421786,0
2421801,0
2421835,0
2421846,0
2421948,0
2422039,0
2422125,0
2422171,0
2422241,0
2422384,0
2422425,0
2422449,0
2422527,0
2422589,0
2422591,0
2422604,0
2422673,0
2422744,0
2422749,0
2422825,0
2422858,0
2422865,0
2422883,0
2422885,0
2422940,0
2422964,0
2422980,0
2423049,0
2423081,0
2423142,0
2423182,0
2423183,0
2423191,0
2423234,0
2423249,0
2423256,0
2423313,0
2423435,0
2423464,0
2423481,1
2423577,1
2423698,0
2423705,0
2423810,0
2423899,0
2423938,0
2424005,0
2424097,0
2424142,0
2424192,0
2424202,0
2424235,0
2424290,0
2424386,0
2424437,0
2424508,0
2424514,0
2424535,0
2424594,0
2424662,0
2424705,0
2424753,0
2424775,0
2424787,0
2424803,0
2424875,0
2424883,0
2424913,0
2424915,0
2425098,0
2425105,0
2425150,0
2425199,0
2425233,0
2425238,0
2425269,0
2425389,0
2425423,0
2425483,0
2425491,0
2425494,0
2425505,0
2425541,0
2425544,0
2425707,0
2425741,0
2425743,0
2425768,0
2425816,0
2425861,1
2425870,0
2425903,0
2425936,0
2425968,0
2426051,0
2426068,0
2426110,0
2426208,0
2426242,0
2426295,0
2426377,0
2426383,0
2426423,0
2426563,0
2426591,0
2426918,0
2426971,0
2426976,0
2426993,0
2427043,0
2427097,0
2427100,0
2427108,0
2427130,0
2427214,0
2427222,0
2427281,0
2427519,0
2427526,0
2427529,0
2427586,0
2427612,0
2427658,1
2427681,0
2427684,0
2427704,0
2427761,0
2427806,0
2428003,0
2428183,0
2428192,0
2428285,0
2428343,0
2428354,0
2428357,0
2428462,0
2428479,0
2428496,0
2428509,0
2428521,0
2428544,0
2428710,0
2428735,0
2428792,0
2428800,0
2428834,0
2428979,0
2429001,0
2429039,0
2429071,0
2429114,0
2429135,0
2429177,0
2429237,0
2429273,0
2429349,0
2429397,0
2429446,0
2429467,0
2429552,0
2429566,0
2429574,0
2429639,0
2429672,0
2429883,0
2429906,0
2429915,0
2430014,0
2430059,0
2430131,0
2430171,0
2430218,1
2430219,1
2430268,0
2430270,0
2430275,0
2430292,0
2430374,0
2430445,0
2430447,0
2430474,0
2430496,1
2430540,0
2430565,0
2430570,0
2430625,0
2430650,0
2430694,0
2430699,0
2430750,0
2430827,0
2430910,1
2430916,0
2430938,0
2430994,0
2431048,0
2431103,0
2431130,0
2431208,0
2431243,0
2431262,0
2431263,0
2431288,0
2431350,0
2431403,0
2431490,0
2431529,0
2431557,0
2431586,0
2431596,0
2431612,0
2431615,0
2431622,0
2431665,0
2431756,0
2431785,0
2431793,0
2431805,0
2431820,0
2431844,0
2431893,0
2431896,0
2431993,0
2432069,0
2432110,0
2432122,0
2432214,0
2432266,0
2432290,0
2432298,0
2432430,0
2432433,0
2432445,0
2432470,0
2432500,0
2432653,1
2432730,0
2432738,0
2432760,0
2432771,0
2432816,0
2433011,0
2433227,0
2433250,0
2433266,0
2433430,0
2433451,0
2433468,0
2433496,0
2433523,0
2433575,0
2433641,0
2433684,1
2433688,0
2433860,0
2433952,0
2433978,0
2433996,0
2434001,0
2434051,0
2434118,0
2434141,0
2434283,0
2434294,0
2434311,0
2434314,1
2434354,0
2434357,0
2434415,0
2434447,1
2434545,0
2434548,0
2434629,0
2434660,0
2434675,0
2434701,0
2434828,0
2434888,0
2434892,0
2434899,0
2434908,0
2434919,1
2434969,0
2435018,0
2435077,0
2435078,0
2435107,0
2435113,0
2435163,0
2435188,0
2435199,1
2435216,0
2435261,0
2435291,0
2435396,0
2435402,0
2435417,0
2435421,0
2435569,0
2435642,0
2435681,0
2435728,0
2435737,0
2435927,0
2436028,0
2436030,0
2436056,0
2436112,0
2436238,0
2436243,0
2436427,0
2436456,0
2436461,0
2436510,0
2436525,0
2436557,0
2436570,0
2436670,0
2436792,0
2436808,0
2436821,0
2436877,0
2436950,1
2437002,0
2437012,0
2437027,0
2437068,0
2437081,0
2437096,0
2437138,0
2437214,0
2437219,0
2437252,0
2437266,0
2437326,0
2437344,0
2437401,0
2437476,0
2437506,0
2437578,0
2437709,0
2437715,0
2437811,0
2437825,0
2437836,0
2437842,0
2437942,0
2437970,0
2438129,0
2438138,0
2438164,0
2438239,0
2438255,0
2438280,0
2438327,0
2438393,0
2438408,0
2438412,0
2438502,0
2438505,0
2438558,1
2438573,0
2438622,0
2438778,0
2438902,0
2438977,0
2438978,0
2439009,0
2439243,0
2439252,0
2439311,0
2439334,0
2439406,0
2439633,0
2439682,0
2439694,0
2439736,0
2439761,0
2439776,1
2439846,0
2439890,0
2439896,0
2439921,0
2439939,0
2440015,0
2440054,0
2440088,0
2440115,0
2440156,0
2440179,0
2440251,0
2440263,0
2440283,0
2440354,0
2440371,0
2440389,0
2440395,0
2440422,0
2440488,0
2440490,1
2440532,0
2440538,0
2440582,0
2440715,0
2440722,0
2440770,0
2440806,0
2440833,0
2440848,0
2440981,0
2441015,0
2441043,0
2441059,0
2441081,0
2441132,0
2441146,0
2441265,0
2441286,0
2441329,0
2441332,0
2441404,0
2441484,0
2441499,0
2441525,0
2441536,0
2441675,0
2441768,0
2441769,0
2441775,0
2441838,0
2441896,0
2441916,0
2442032,0
2442069,0
2442137,0
2442143,0
2442146,0
2442234,0
2442261,0
2442300,0
2442359,0
2442489,0
2442493,0
2442618,0
2442726,0
2442770,0
2442781,0
2442872,0
2442937,0
2442947,0
2442968,0
2443025,0
2443138,0
2443181,0
2443210,0
2443242,0
2443247,0
2443274,0
2443302,0
2443303,0
2443349,0
2443406,0
2443514,0
2443540,0
2443587,0
2443834,0
2443841,0
2443857,0
2443870,0
2443988,0
2444042,0
2444055,1
2444060,0
2444085,0
2444107,1
2444136,0
2444161,0
2444182,0
2444379,0
2444602,0
2444695,0
2444699,0
2444746,1
2444771,0
2444857,0
2444935,0
2445054,0
2445077,0
2445149,0
2445181,0
2445182,0
2445222,0
2445335,0
2445340,0
2445382,0
2445413,0
2445436,0
2445450,0
2445492,0
2445500,0
2445509,0
2445524,0
2445554,0
2445605,0
2445614,0
2445706,0
2445710,0
2445777,0
2445780,0
2445787,0
2445790,0
2445795,0
2445816,0
2445822,0
2445833,0
2446031,0
2446044,0
2446152,0
2446238,0
2446348,0
2446365,0
2446419,0
2446430,0
2446501,0
2446521,0
2446526,0
2446538,0
2446551,0
2446562,0
2446567,0
2446636,0
2446688,0
2446693,0
2446712,0
2446718,0
2446737,0
2446765,0
2446799,0
2446814,0
2446815,0
2446817,0
2446824,0
2446860,0
2446864,0
2447007,0
2447029,0
2447060,0
2447082,0
2447083,0
2447096,0
2447114,0
2447122,0
2447184,0
2447260,0
2447266,0
2447289,0
2447358,0
2447390,0
2447646,0
2447659,0
2447664,0
2447694,0
2447722,0
2447758,0
2447852,0
2447934,1
2447963,0
2447968,0
2448047,0
2448112,0
2448144,0
2448150,0
2448194,0
2448368,0
2448447,0
2448459,0
2448471,0
2448539,0
2448547,0
2448554,0
2448620,0
2448660,0
2448760,0
2448792,0
2448812,0
2448832,0
2448846,0
2448849,0
2448858,0
2448914,1
2448918,0
2448925,0
2448926,0
2449095,0
2449113,0
2449199,0
2449203,0
2449207,0
2449231,0
2449298,0
2449326,0
2449335,0
2449396,0
2449463,0
2449530,0
2449537,0
2449545,0
2449580,0
2449663,0
2449695,1
2449750,0
2449782,0
2449788,0
2449826,0
2449874,0
2449913,0
2449921,0
2449931,0
2449987,0
2450011,0
2450061,0
2450098,0
2450110,1
2450114,0
2450155,0
2450165,0
2450173,0
2450235,0
2450273,0
2450345,0
2450428,0
2450460,0
2450467,0
2450522,0
2450558,0
2450602,0
2450661,0
2450667,1
2450842,0
2450921,0
2450972,0
2451012,0
2451067,0
2451210,0
2451248,0
2451291,0
2451425,0
2451433,0
2451449,0
2451585,0
2451586,0
2451671,0
2451672,0
2451702,0
2451724,0
2451799,0
2451801,0
2451821,0
2451830,0
2451999,0
2452040,0
2452066,0
2452090,0
2452112,0
2452168,0
2452223,0
2452247,0
2452321,0
2452335,0
2452349,0
2452368,0
2452377,0
2452497,0
2452527,0
2452556,0
2452687,0
2452851,0
2452914,0
2452935,0
2452958,0
2453059,0
2453127,0
2453140,0
2453142,0
2453192,0
2453251,0
2453303,1
2453558,0
2453740,0
2453791,0
2453871,0
2453920,0
2454004,0
2454175,0
2454213,0
2454216,0
2454223,0
2454317,0
2454352,0
2454435,0
2454441,0
2454501,0
2454526,0
2454551,0
2454563,0
2454921,0
2454959,0
2455013,0
2455082,0
2455084,0
2455162,0
2455332,0
2455339,0
2455399,0
2455449,0
2455463,0
2455492,0
2455579,0
2455630,0
2455641,0
2455798,0
2455863,0
2455884,0
2455947,0
2456051,0
2456054,0
2456093,0
2456190,0
2456294,0
2456302,0
2456319,0
2456333,0
2456342,0
2456398,0
2456406,0
2456434,0
2456592,0
2456669,0
2456712,0
2456821,0
2456864,1
2456989,0
2456997,0
2457004,0
2457045,0
2457062,0
2457071,0
2457115,1
2457130,0
2457229,0
2457272,0
2457275,0
2457277,0
2457311,0
2457322,0
2457343,0
2457356,0
2457410,0
2457422,0
2457494,0
2457514,0
2457536,0
2457549,0
2457555,0
2457614,0
2457641,0
2457666,0
2457672,0
2457697,0
2457733,0
2457769,0
2457774,0
2457898,0
2457903,0
2457938,0
2457945,0
2457955,0
2458006,0
2458134,0
2458181,0
2458261,0
2458343,0
2458457,0
2458645,0
2458651,1
2458655,0
2458789,0
2458823,0
2458985,0
2459022,0
2459049,0
2459120,0
2459174,0
2459238,0
2459320,0
2459413,0
2459419,0
2459485,0
2459515,0
2459624,0
2459703,0
2459719,0
2459790,0
2459845,0
2459980,0
2459985,0
2459988,0
2460037,1
2460197,0
2460208,0
2460244,0
2460262,0
2460265,0
2460279,0
2460282,0
2460358,0
2460433,0
2460452,0
2460537,0
2460624,0
2460702,0
2460722,0
2460861,0
2460879,0
2460913,0
2460945,0
2460985,0
2461157,0
2461186,0
2461187,0
2461194,0
2461322,0
2461346,0
2461398,0
2461543,0
2461556,0
2461611,1
2461701,0
2461720,0
2461743,0
2461866,0
2461929,0
2461931,0
2461932,0
2461959,0
2462015,0
2462119,0
2462137,0
2462251,0
2462384,0
2462387,0
2462404,0
2462407,0
2462531,0
2462552,0
2462558,0
2462585,0
2462601,0
2462675,0
2462756,0
2462777,0
2462909,0
2462926,0
2462956,0
2462968,0
2463010,0
2463092,0
2463097,0
2463129,0
2463189,0
2463219,0
2463227,0
2463283,0
2463320,0
2463339,0
2463388,0
2463466,0
2463468,0
2463481,0
2463494,0
2463496,1
2463497,0
2463586,0
2463645,0
2463647,0
2463649,0
2463795,0
2463804,0
2463870,0
2463892,0
2463944,0
2463956,0
2463967,0
2464030,0
2464045,0
2464072,0
2464106,0
2464156,0
2464249,0
2464251,0
2464279,0
2464280,0
2464298,1
2464362,0
2464427,0
2464440,0
2464463,0
2464508,0
2464530,0
2464640,0
2464741,0
2464799,0
2464803,0
2464816,0
2464946,0
2465051,0
2465130,0
2465180,0
2465191,0
2465196,0
2465218,0
2465323,0
2465340,0
2465350,0
2465421,0
2465427,0
2465494,0
2465523,0
2465551,0
2465578,0
2465671,0
2465680,0
2465720,0
2465782,0
2465801,0
2465812,0
2465946,0
2465955,0
2465989,0
2466037,0
2466039,0
2466062,0
2466066,0
2466144,0
2466180,0
2466194,0
2466313,1
2466317,0
2466325,0
2466357,0
2466407,0
2466478,0
2466505,0
2466530,0
2466561,0
2466608,0
2466736,0
2466741,0
2466771,0
2466884,0
2466905,0
2466929,0
2466985,0
2467057,0
2467077,0
2467085,0
2467120,0
2467207,0
2467218,0
2467238,0
2467327,0
2467376,0
2467382,0
2467422,0
2467437,0
2467446,0
2467483,0
2467502,0
2467515,0
2467662,0
2467723,0
2467744,0
2467797,0
2467808,0
2467825,0
2467884,0
2467917,0
2468025,0
2468091,0
2468131,0
2468181,0
2468191,0
2468193,0
2468254,0
2468257,0
2468377,0
2468378,0
2468424,0
2468436,0
2468481,0
2468585,0
2468657,0
2468705,0
2468724,0
2469084,0
2469124,0
2469264,0
2469344,0
2469347,0
2469348,0
2469366,0
2469369,0
2469372,0
2469400,0
2469416,0
2469445,0
2469537,0
2469576,0
2469610,0
2469617,0
2469732,0
2469786,0
2469802,0
2469884,0
2469936,0
2469961,0
2470072,0
2470085,0
2470224,0
2470264,0
2470313,0
2470346,0
2470351,0
2470480,0
2470533,0
2470618,0
2470624,1
2470661,0
2470698,0
2470700,0
2470721,0
2470741,0
2470807,0
2471007,0
2471128,0
2471136,1
2471253,0
2471254,0
2471259,0
2471263,0
2471290,0
2471301,0
2471503,0
2471535,0
2471592,0
2471603,0
2471679,0
2471689,0
2471771,0
2471791,0
2471825,0
2471848,0
2471876,0
2472012,0
2472018,0
2472054,0
2472071,0
2472077,0
2472179,0
2472367,0
2472383,0
2472461,0
2472475,0
2472500,0
2472502,0
2472506,0
2472560,0
2472596,0
2472604,0
2472612,0
2472639,0
2472673,0
2472869,0
2472879,0
2472906,0
2472919,0
2473144,0
2473162,0
2473264,0
2473349,0
2473456,0
2473740,0
2473758,0
2473798,0
2473971,0
2474019,0
2474118,0
2474120,0
2474287,0
2474290,0
2474302,0
2474334,0
2474341,0
2474357,0
2474457,0
2474460,0
2474463,0
2474521,0
2474536,0
2474590,0
2474716,0
2474776,1
2474804,0
2474863,0
2474868,0
2474892,0
2474915,0
2474920,0
2475026,0
2475088,0
2475094,0
2475152,0
2475217,0
2475222,0
2475226,0
2475227,0
2475373,0
2475387,0
2475438,0
2475743,0
2475765,0
2475813,0
2475852,0
2475873,0
2475922,0
2476015,0
2476293,0
2476327,0
2476388,0
2476395,0
2476512,0
2476565,0
2476628,0
2476686,0
2476790,0
2476799,0
2476985,0
2477051,0
2477063,0
2477068,0
2477158,0
2477201,0
2477226,0
2477345,0
2477369,0
2477378,0
2477385,0
2477430,0
2477537,1
2477607,0
2477720,0
2477744,0
2477753,0
2477809,0
2477837,0
2477840,0
2477853,0
2477936,0
2477951,0
2477959,0
2478075,0
2478083,0
2478175,0
2478248,0
2478281,0
2478396,0
2478583,0
2478671,0
2478701,0
2478751,0
2478791,0
2478849,0
2478855,0
2478925,0
2478982,0
2479007,0
2479028,0
2479141,0
2479203,0
2479279,0
2479377,0
2479384,0
2479450,0
2479491,0
2479536,0
2479561,0
2479580,0
2479680,0
2479785,0
2479795,0
2479811,0
2479819,0
2479822,0
2479826,0
2479870,0
2479885,0
2479928,0
2479954,0
2479994,0
2480004,0
2480087,0
2480109,0
2480124,0
2480158,0
2480207,1
2480221,0
2480237,0
2480336,0
2480347,0
2480435,0
2480454,0
2480566,0
2480623,0
2480668,0
2480791,1
2480835,0
2480895,0
2480946,0
2480974,0
2480988,0
2481039,0
2481068,0
2481101,0
2481162,0
2481266,0
2481331,0
2481360,0
2481386,0
2481433,0
2481503,0
2481656,0
2481657,0
2481682,0
2481696,0
2481702,0
2481712,0
2481802,0
2481809,0
2481826,0
2481832,0
2481927,0
2482012,1
2482022,0
2482040,0
2482109,0
2482153,0
2482155,0
2482261,0
2482270,0
2482322,0
2482333,0
2482360,0
2482364,0
2482387,0
2482401,0
2482469,1
2482536,0
2482572,0
2482575,0
2482583,0
2482627,0
2482645,0
2482700,0
2482705,0
2482824,0
2482830,0
2482902,0
2482911,0
2482959,0
2483041,0
2483046,0
2483049,0
2483054,1
2483118,0
2483199,0
2483207,0
2483217,0
2483219,0
2483245,0
2483260,0
2483327,0
2483397,0
2483419,0
2483555,0
2483565,0
2483613,0
2483639,0
2483642,0
2483708,0
2483744,0
2483747,0
2483787,0
2483878,0
2483880,0
2483889,0
2483947,0
2483994,0
2484035,0
2484155,0
2484188,0
2484287,0
2484324,0
2484327,0
2484336,0
2484349,0
2484353,0
2484381,0
2484546,0
2484610,0
2484629,0
2484682,0
2484727,0
2484732,0
2484803,0
2484819,0
2484860,0
2484905,0
2484907,0
2484914,0
2484986,0
2485002,0
2485013,0
2485032,0
2485036,0
2485049,0
2485074,0
2485123,0
2485143,0
2485598,0
2485726,0
2485759,0
2485973,0
2485987,0
2485992,0
2486000,0
2486051,0
2486093,0
2486170,0
2486182,0
2486256,0
2486279,0
2486329,0
2486366,0
2486445,0
2486462,0
2486493,0
2486692,0
2486706,0
2486721,0
2486752,0
2486759,1
2486780,0
2486832,0
2486867,0
2486899,0
2486946,0
2487004,0
2487139,0
2487143,0
2487204,0
2487263,0
2487454,0
2487519,0
2487538,0
2487569,0
2487578,0
2487728,0
2487832,0
2487876,0
2488019,0
2488025,0
2488111,0
2488257,0
2488336,0
2488359,0
2488372,0
2488401,0
2488406,0
2488422,0
2488527,0
2488567,0
2488613,0
2488662,0
2488663,0
2488744,0
2488757,0
2488795,0
2488816,0
2488822,0
2488829,0
2488901,0
2488928,0
2488961,0
2489027,0
2489031,0
2489055,0
2489083,0
2489157,0
2489173,0
2489236,0
2489300,0
2489716,0
2489799,0
2489854,0
2489858,0
2489870,0
2489962,0
2490040,0
2490199,0
2490285,0
2490301,0
2490394,0
2490395,0
2490491,0
2490512,0
2490551,0
2490593,0
2490618,0
2490743,0
2490828,0
2490843,0
2490923,0
2490955,0
2490957,0
2490980,0
2491021,0
2491022,0
2491029,0
2491070,0
2491084,0
2491129,0
2491202,0
2491264,0
2491331,0
2491361,0
2491408,0
2491443,0
2491447,0
2491604,0
2492013,0
2492068,0
2492137,0
2492146,0
2492177,0
2492326,0
2492369,0
2492421,0
2492503,0
2492530,0
2492541,0
2492808,0
2493044,0
2493079,0
2493149,0
2493159,0
2493237,0
2493290,0
2493324,0
2493368,0
2493438,0
2493470,0
2493613,0
2493685,0
2493726,0
2493791,0
2493797,0
2493826,0
2493877,0
2494004,0
2494104,0
2494161,0
2494481,0
2494560,0
2494639,0
2494777,0
2494898,0
2494915,0
2494975,0
2495161,0
2495251,0
2495260,0
2495273,0
2495291,0
2495318,0
2495400,0
2495502,0
2495687,0
2495718,0
2495746,0
2495797,0
2495822,0
2495828,0
2495879,0
2495893,0
2496032,0
2496049,0
2496191,0
2496269,0
2496286,0
2496382,0
2496388,0
2496449,0
2496458,0
2496531,0
2496558,0
2496591,0
2496604,0
2496687,0
2496721,0
2496772,0
2496840,0
2496859,0
2496887,0
2496923,0
2496924,0
2496929,0
2496995,0
2497257,0
2497308,0
2497323,0
2497379,0
2497399,0
2497432,0
2497473,0
2497485,0
2497492,0
2497504,0
2497575,0
2497781,0
2497786,0
2497790,0
2497816,0
2497863,0
2497964,0
2498034,0
2498068,0
2498105,0
2498370,0
2498413,0
2498511,0
2498518,0
2498800,0
2498814,0
2498850,0
2498887,0
2498931,0
2498941,0
2498996,0
2499049,0
2499172,0
2499292,0
2499421,0
2499474,0
2499480,0
2499724,0
2499826,0
2499978,0
2500038,0
2500053,0
2500058,0
2500116,1
2500157,0
2500196,0
2500445,0
2500475,0
2500616,0
2500681,0
2500687,0
2500717,0
2500841,0
2501003,0
2501033,0
2501081,0
2501346,0
2501381,0
2501389,0
2501396,0
2501506,0
2501562,0
2501565,0
2501663,0
2501665,0
2501685,0
2501848,0
2501877,0
2501900,0
2502011,0
2502120,0
2502226,0
2502248,0
2502257,0
2502280,0
2502290,0
2502347,0
2502368,0
2502376,0
2502465,0
2502585,0
2502690,0
2502752,0
2502783,0
2502903,0
2502931,0
2502956,0
2503031,0
2503139,0
2503235,0
2503410,0
2503455,0
2503501,0
2503533,0
2503737,0
2503770,0
2503796,0
2503834,0
2503838,0
2503857,0
2503991,0
2504056,0
2504064,0
2504234,0
2504249,0
2504427,0
2504479,0
2504551,0
2504567,0
2504627,0
2504705,0
2504718,0
2504745,0
2504835,0
2504837,0
2504852,0
2504853,0
2504866,1
2504936,0
2504966,0
2504973,0
2504989,0
2505016,0
2505059,0
2505074,0
2505145,0
2505158,0
2505169,0
2505170,0
2505185,0
2505243,0
2505339,0
2505363,0
2505422,0
2505531,0
2505540,0
2505542,0
2505549,0
2505568,0
2505680,0
2505724,0
2505734,0
2505737,0
2505841,0
2505878,0
2505994,0
2506011,0
2506052,0
2506058,0
2506202,0
2506307,0
2506346,0
2506380,0
2506384,0
2506390,0
2506414,0
2506458,0
2506520,0
2506625,0
2506680,0
2506689,0
2506751,0
2506753,0
2506841,0
2506844,0
2506848,0
2506929,0
2507034,0
2507086,0
2507089,0
2507110,0
2507299,0
2507315,0
2507355,0
2507435,0
2507476,0
2507543,0
2507568,0
2507606,0
2507616,0
2507636,0
2507707,0
2507708,1
2507718,0
2507815,0
2507885,0
2507890,0
2507898,0
2507943,0
2508062,0
2508080,0
2508092,0
2508105,0
2508116,0
2508121,0
2508148,0
2508150,0
2508156,0
2508206,0
2508253,0
2508269,0
2508336,0
2508406,0
2508409,0
2508434,0
2508445,0
2508477,0
2508511,0
2508548,0
2508831,0
2508880,0
2508884,0
2508927,0
2508975,0
2509024,0
2509029,0
2509046,0
2509081,0
2509133,0
2509135,0
2509154,0
2509288,0
2509315,0
2509340,0
2509346,0
2509349,0
2509386,0
2509388,1
2509417,0
2509454,0
2509530,0
2509549,0
2509561,0
2509621,0
2509652,0
2509678,0
2509709,0
2509728,0
2509826,0
2509966,0
2510029,1
2510146,0
2510152,0
2510275,0
2510288,0
2510309,0
2510366,0
2510410,0
2510411,0
2510427,0
2510449,0
2510467,0
2510568,0
2510570,0
2510685,0
2510727,0
2510780,0
2510803,0
2510831,0
2510835,0
2510872,0
2510907,0
2510910,0
2511070,0
2511180,0
2511183,0
2511185,0
2511216,0
2511225,0
2511274,0
2511330,0
2511336,0
2511369,0
2511420,0
2511487,0
2511494,0
2511545,0
2511612,0
2511628,0
2511647,0
2511753,0
2511778,0
2511853,0
2511905,0
2511953,0
2511956,0
2512036,0
2512075,0
2512124,0
2512201,0
2512209,0
2512249,0
2512365,0
2512431,0
2512449,0
2512474,0
2512491,0
2512520,0
2512578,0
2512593,0
2512620,0
2512636,0
2512697,0
2512731,0
2512766,0
2512768,0
2512782,0
2512817,0
2512827,0
2512828,0
2512992,0
2513012,0
2513080,0
2513097,0
2513109,0
2513173,0
2513231,0
2513261,0
2513311,0
2513323,0
2513331,0
2513347,0
2513362,0
2513376,0
2513405,0
2513514,0
2513523,0
2513555,0
2513629,0
2513677,0
2513761,0
2513851,0
2513913,0
2513979,0
2514011,0
2514044,0
2514132,0
2514173,0
2514183,0
2514188,0
2514231,0
2514276,0
2514279,0
2514369,0
2514425,0
2514433,0
2514456,0
2514521,0
2514578,0
2514687,0
2514749,0
2514760,0
2514762,0
2514790,0
2514836,0
2514938,0
2515001,0
2515021,1
2515066,0
2515144,0
2515179,0
2515195,0
2515220,0
2515253,0
2515270,0
2515291,0
2515293,0
2515395,0
2515512,0
2515518,0
2515585,0
2515599,0
2515604,0
2515637,0
2515702,0
2515814,0
2515844,0
2515889,0
2515940,0
2516252,0
2516302,0
2516340,1
2516407,0
2516418,0
2516469,0
2516481,0
2516560,0
2516591,0
2516612,0
2516679,0
2516708,0
2516785,0
2516788,0
2516797,0
2516843,0
2516847,0
2517016,0
2517032,0
2517147,0
2517167,0
2517184,0
2517211,0
2517333,0
2517420,0
2517493,0
2517558,0
2517600,0
2517631,0
2517680,0
2517736,0
2517789,0
2517830,0
2517924,0
2517965,0
2517975,0
2517992,0
2518005,0
2518033,0
2518037,0
2518070,0
2518183,0
2518242,0
2518247,0
2518309,0
2518326,0
2518385,0
2518411,0
2518423,0
2518539,0
2518592,0
2518694,0
2518710,0
2518742,0
2518754,0
2518790,0
2518822,0
2518846,0
2518879,0
2518947,0
2519036,0
2519050,0
2519167,0
2519179,0
2519190,0
2519233,0
2519357,0
2519396,0
2519398,0
2519422,0
2519436,0
2519438,0
2519488,0
2519519,0
2519545,0
2519558,0
2519581,0
2519589,0
2519593,0
2519599,0
2519644,0
2519653,0
2519672,1
2519675,0
2519725,0
2519758,0
2519788,0
2519796,0
2519850,0
2519942,0
2520024,0
2520031,0
2520052,0
2520080,0
2520165,0
2520171,0
2520199,0
2520203,0
2520257,0
2520312,0
2520421,0
2520462,0
2520482,0
2520537,0
2520605,0
2520685,0
2520814,0
2520872,0
2520922,0
2520935,0
2520948,0
2520973,0
2521040,0
2521050,0
2521061,0
2521080,0
2521146,0
2521154,0
2521169,0
2521187,0
2521232,0
2521320,0
2521432,0
2521521,0
2521525,0
2521567,0
2521577,1
2521676,0
2521692,0
2521798,0
2521907,0
2521921,0
2522035,0
2522038,0
2522089,0
2522309,0
2522312,0
2522335,0
2522454,0
2522490,0
2522542,0
2522622,0
2522651,0
2522697,0
2522758,0
2522778,0
2522861,0
2522876,0
2522952,0
2522978,0
2523007,0
2523041,0
2523115,0
2523116,0
2523201,0
2523209,0
2523234,0
2523254,0
2523332,0
2523335,0
2523368,0
2523486,0
2523529,0
2523535,0
2523610,0
2523681,0
2523693,0
2523706,0
2523731,0
2523779,0
2523787,0
2523793,0
2523828,0
2524011,0
2524073,0
2524083,0
2524171,0
2524178,0
2524212,0
2524222,0
2524268,0
2524271,0
2524278,0
2524312,0
2524400,0
2524409,0
2524410,0
2524442,0
2524470,0
2524609,0
2524901,0
2524923,0
2524934,0
2525082,0
2525086,0
2525109,0
2525212,0
2525227,0
2525243,0
2525279,0
2525285,0
2525335,0
2525360,0
2525388,1
2525399,0
2525410,0
2525440,0
2525443,0
2525524,0
2525655,0
2525688,0
2525737,0
2525752,0
2525755,0
2525780,0
2525917,0
2525943,0
2525979,0
2526044,0
2526070,0
2526160,0
2526189,0
2526221,0
2526354,0
2526409,0
2526457,0
2526492,0
2526538,0
2526587,0
2526614,0
2526629,0
2526635,0
2526667,0
2526778,0
2526827,0
2526831,0
2526832,0
2526888,0
2526912,0
2527086,0
2527214,0
2527230,0
2527268,0
2527473,0
2527496,1
2527500,0
2527521,0
2527621,0
2527642,0
2527654,0
2527655,0
2527720,0
2527867,0
2527899,0
2527929,0
2528031,0
2528126,0
2528142,0
2528258,0
2528370,0
2528442,0
2528468,0
2528498,0
2528639,0
2528675,0
2528725,0
2528860,0
2528873,0
2528878,0
2528944,0
2529070,0
2529099,0
2529171,0
2529274,0
2529300,0
2529344,0
2529376,0
2529381,0
2529436,0
2529493,0
2529710,0
2529711,0
2529725,0
2529870,0
2529871,0
2529872,0
2529964,0
2530000,0
2530109,0
2530129,0
2530131,0
2530341,0
2530488,0
2530566,0
2530682,0
2530715,0
2530727,0
2530796,0
2530802,0
2530821,0
2530822,0
2530832,0
2530869,0
2530900,0
2530902,0
2530918,0
2530936,0
2530940,0
2530977,0
2531102,0
2531104,0
2531199,0
2531274,0
2531305,0
2531306,0
2531334,0
2531360,0
2531437,0
2531457,0
2531491,0
2531494,0
2531599,0
2531643,0
2531669,0
2531730,0
2531745,0
2531798,0
2531826,0
2531909,0
2531942,0
2531984,0
2531990,0
2532037,0
2532039,0
2532109,0
2532211,0
2532213,0
2532395,0
2532468,0
2532524,0
2532572,0
2532573,0
2532610,0
2532611,0
2532700,1
2532790,0
2532820,1
2532934,0
2532940,0
2533038,0
2533385,0
2533399,0
2533560,0
2533617,0
2533683,0
2533689,0
2533712,0
2533722,0
2533819,0
2533867,0
2533868,0
2534006,0
2534035,0
2534068,0
2534085,0
2534088,0
2534114,0
2534223,0
2534236,0
2534241,0
2534247,0
2534277,0
2534301,0
2534411,0
2534444,0
2534491,0
2534554,0
2534568,0
2534571,0
2534671,0
2534759,0
2534824,0
2534847,0
2534877,0
2534887,0
2534932,0
2534990,0
2534998,0
2535130,0
2535207,0
2535230,0
2535399,0
2535500,0
2535521,0
2535585,0
2535731,0
2535775,0
2535793,0
2535837,0
2535959,0
2536051,0
2536060,0
2536084,0
2536174,0
2536215,0
2536219,0
2536269,0
2536292,0
2536361,0
2536428,0
2536446,0
2536486,0
2536511,0
2536546,0
2536549,0
2536654,0
2536772,0
2536816,0
2536826,0
2536990,0
2536995,0
2537098,0
2537149,0
2537159,0
2537254,0
2537265,0
2537290,0
2537313,0
2537388,0
2537442,0
2537452,0
2537552,0
2537612,0
2537650,0
2537669,0
2537733,0
2537749,0
2538009,0
2538073,0
2538093,0
2538197,0
2538356,0
2538381,0
2538518,0
2538519,0
2538525,0
2538561,0
2538578,0
2538605,0
2538631,0
2538739,0
2538744,0
2538751,0
2538786,0
2538815,0
2538828,0
2538957,0
2539009,0
2539142,0
2539170,1
2539191,0
2539309,0
2539313,0
2539412,0
2539422,0
2539481,0
2539539,0
2539608,0
2539656,0
2539657,0
2539903,0
2539942,0
2539951,0
2539952,0
2539973,1
2539983,0
2540034,0
2540119,0
2540135,0
2540155,0
2540201,0
2540225,0
2540237,0
2540239,0
2540268,0
2540330,0
2540332,0
2540413,0
2540442,0
2540446,0
2540512,0
2540518,0
2540545,0
2540568,0
2540574,0
2540617,0
2540619,0
2540720,0
2540770,0
2540804,0
2540819,0
2540876,0
2540888,0
2540957,0
2541001,0
2541035,0
2541073,0
2541101,0
2541112,0
2541126,0
2541200,0
2541206,0
2541372,0
2541448,0
2541455,0
2541591,0
2541694,0
2541751,0
2541758,0
2541785,0
2541790,0
2541799,0
2541921,0
2541967,0
2542177,0
2542207,0
2542211,0
2542222,0
2542251,0
2542267,0
2542303,0
2542314,0
2542358,0
2542372,0
2542383,0
2542425,0
2542438,0
2542474,0
2542542,0
2542575,0
2542726,0
2542739,0
2542803,0
2542870,0
2542882,0
2542924,0
2542970,0
2542978,0
2543078,0
2543080,0
2543122,0
2543140,0
2543149,0
2543154,0
2543299,0
2543333,0
2543368,0
2543448,0
2543477,0
2543480,0
2543523,0
2543533,0
2543626,0
2543652,0
2543851,0
2543891,0
2543922,0
2543930,0
2543938,0
2543952,0
2543994,0
2544010,0
2544023,0
2544041,0
2544042,0
2544089,0
2544102,0
2544155,0
2544170,0
2544218,0
2544250,0
2544258,0
2544333,0
2544400,0
2544448,0
2544564,0
2544583,0
2544617,0
2544726,0
2544774,0
2544784,1
2544796,0
2544829,0
2544979,0
2544991,0
2545040,0
2545151,0
2545176,0
2545215,0
2545273,0
2545381,0
2545513,0
2545537,0
2545567,0
2545613,0
2545615,0
2545702,0
2545709,1
2545802,0
2545814,0
2545869,0
2545931,0
2545937,0
2545962,0
2546017,0
2546021,0
2546051,0
2546079,0
2546138,0
2546162,0
2546235,0
2546270,0
2546291,0
2546370,0
2546412,0
2546427,0
2546464,0
2546465,0
2546505,1
2546510,0
2546531,0
2546539,0
2546642,1
2546644,0
2546654,0
2546718,0
2546741,0
2546758,0
2546800,0
2546867,0
2546957,0
2546978,0
2547036,0
2547087,1
2547116,0
2547163,0
2547175,0
2547201,0
2547228,0
2547232,1
2547255,0
2547301,0
2547417,0
2547425,0
2547462,0
2547479,0
2547521,0
2547527,0
2547573,0
2547578,0
2547594,0
2547613,0
2547705,0
2547717,0
2547738,0
2547754,0
2547762,0
2547791,0
2547805,1
2547828,0
2547830,0
2547883,0
2547904,0
2547906,0
2547926,0
2547945,1
2547957,0
2548103,0
2548195,0
2548249,0
2548327,0
2548408,0
2548450,0
2548476,0
2548520,0
2548524,0
2548530,0
2548560,0
2548685,0
2548725,0
2548736,0
2548843,0
2548916,0
2548951,0
2548982,0
2549033,0
2549073,0
2549120,0
2549148,0
2549204,0
2549224,0
2549274,0
2549339,0
2549372,0
2549423,0
2549449,0
2549493,0
2549498,0
2549541,0
2549601,0
2549642,0
2549655,0
2549719,0
2549734,0
2549746,0
2549799,0
2549846,0
2549865,0
2549919,0
2549925,0
2549950,0
2549966,0
2549993,0
2550022,0
2550028,0
2550071,0
2550122,0
2550171,0
2550198,0
2550350,0
2550378,0
2550382,0
2550418,0
2550441,0
2550443,0
2550450,0
2550527,0
2550597,0
2550604,0
2550706,0
2550708,0
2550731,0
2550829,0
2550898,0
2550905,0
2550943,0
2550986,0
2551086,0
2551100,0
2551139,0
2551146,0
2551192,0
2551267,0
2551306,0
2551307,0
2551347,0
2551374,0
2551414,0
2551476,0
2551511,0
2551515,0
2551594,0
2551618,0
2551736,0
2551755,0
2551785,0
2551790,0
2551819,0
2551855,0
2551887,0
2551893,0
2551909,0
2551922,0
2551981,0
2551995,0
2552023,0
2552169,0
2552227,0
2552241,0
2552255,0
2552297,0
2552312,0
2552382,0
2552490,0
2552495,0
2552539,0
2552582,0
2552667,0
2552707,0
2552764,0
2552778,0
2552784,0
2552807,0
2552835,0
2552845,0
2552859,0
2552875,0
2552927,0
2553002,0
2553089,0
2553106,0
2553193,0
2553206,0
2553222,0
2553254,0
2553317,0
2553364,0
2553372,0
2553430,0
2553504,0
2553554,0
2553589,0
2553618,0
2553632,0
2553803,0
2553804,0
2553928,0
2553942,0
2553969,0
2554230,0
2554268,0
2554333,0
2554376,0
2554487,0
2554664,0
2554715,0
2554741,0
2554745,0
2554756,0
2554780,0
2554826,0
2554855,0
2555059,0
2555094,0
2555233,0
2555258,0
2555273,0
2555277,0
2555374,0
2555487,0
2555501,0
2555581,0
2555612,0
2555636,0
2555690,0
2555699,0
2555718,0
2555748,0
2555760,0
2555822,0
2555838,1
2555849,0
2555853,0
2555885,0
2555886,0
2556000,0
2556197,0
2556264,0
2556306,0
2556319,0
2556328,0
2556358,0
2556367,0
2556393,0
2556405,0
2556413,0
2556421,0
2556432,0
2556471,0
2556516,0
2556524,0
2556540,0
2556615,0
2556788,0
2556797,0
2556908,0
2556959,0
2556966,0
2557005,0
2557147,0
2557187,0
2557207,0
2557212,0
2557347,0
2557355,0
2557410,0
2557467,0
2557503,0
2557594,0
2557619,0
2557661,0
2557704,0
2557769,0
2557831,0
2557840,0
2557872,0
2557904,0
2557945,0
2557969,1
2557993,0
2558053,1
2558071,0
2558132,0
2558178,0
2558190,0
2558207,0
2558222,0
2558259,0
2558287,0
2558360,0
2558401,0
2558406,0
2558459,0
2558472,1
2558509,1
2558575,0
2558613,0
2558693,0
2558738,0
2558747,0
2558764,0
2558894,0
2558938,0
2558996,0
2559018,0
2559041,0
2559062,0
2559196,0
2559264,0
2559295,0
2559297,0
2559321,0
2559420,0
2559423,0
2559456,0
2559534,0
2559544,0
2559586,0
2559606,0
2559617,0
2559732,0
2559738,0
2559750,0
2559777,0
2559879,0
2559932,0
2559948,0
2560166,0
2560203,0
2560258,0
2560321,0
2560336,0
2560357,0
2560410,0
2560422,0
2560426,0
2560435,0
2560449,0
2560515,0
2560527,0
2560545,0
2560593,0
2560627,0
2560717,1
2560750,0
2560756,0
2560770,0
2560773,0
2560801,0
2560828,0
2560834,0
2560862,0
2560940,0
2560968,0
2561050,0
2561113,0
2561241,0
2561437,0
2561443,0
2561485,0
2561572,0
2561634,0
2561653,0
2561728,0
2561815,0
2561951,0
2562048,0
2562065,0
2562072,0
2562117,0
2562137,0
2562202,0
2562216,0
2562231,0
2562249,0
2562355,0
2562371,0
2562435,0
2562490,0
2562498,0
2562519,0
2562531,0
2562558,0
2562601,0
2562629,0
2562769,0
2562782,0
2562795,0
2562809,0
2562847,0
2562890,0
2562911,0
2562914,0
2562915,0
2562961,0
2562988,0
2563081,0
2563095,0
2563103,0
2563165,0
2563283,0
2563286,0
2563326,0
2563342,0
2563364,0
2563443,0
2563637,0
2563727,0
2563731,0
2563812,0
2563821,0
2563843,0
2563844,0
2563845,0
2563873,0
2563926,0
2563943,0
2563961,0
2563977,0
2564025,0
2564082,0
2564183,0
2564199,0
2564213,0
2564226,0
2564263,0
2564304,0
2564319,0
2564352,0
2564411,0
2564435,0
2564438,0
2564493,0
2564525,0
2564543,0
2564576,0
2564585,0
2564588,0
2564597,1
2564607,0
2564635,0
2564692,0
2564750,0
2564761,0
2564781,0
2564789,0
2564866,0
2564904,0
2565036,0
2565039,0
2565125,0
2565240,0
2565254,0
2565370,0
2565520,0
2565607,0
2565648,0
2565658,1
2565705,0
2565729,0
2565734,0
2565744,0
2565808,0
2565867,0
2565945,0
2566022,0
2566033,0
2566076,0
2566113,0
2566226,0
2566318,0
2566340,0
2566386,0
2566458,0
2566535,0
2566556,1
2566586,0
2566609,0
2566628,0
2566676,0
2566722,0
2566727,0
2566759,0
2566760,0
2566762,0
2566773,0
2566812,0
2566822,0
2566866,0
2566905,0
2566912,0
2566946,1
2566971,0
2566982,0
2566991,0
2567005,0
2567046,0
2567116,0
2567123,0
2567124,0
2567176,0
2567223,0
2567517,0
2567608,0
2567698,0
2567755,0
2567780,0
2567840,0
2567872,0
2567953,0
2568027,0
2568039,0
2568125,0
2568133,0
2568168,0
2568207,0
2568353,0
2568580,0
2568599,0
2568602,0
2568614,0
2568615,0
2568699,0
2568720,0
2568729,0
2568789,0
2568793,0
2568812,0
2568880,0
2568922,0
2568951,0
2569046,0
2569059,0
2569137,0
2569138,0
2569162,0
2569185,0
2569263,0
2569339,0
2569430,0
2569437,0
2569462,0
2569492,0
2569495,0
2569534,0
2569544,0
2569549,0
2569612,1
2569620,0
2569749,0
2569815,0
2569828,0
2569868,0
2569912,0
2569929,0
2569974,0
2570007,0
2570123,0
2570150,0
2570155,0
2570167,0
2570218,0
2570229,0
2570370,0
2570447,0
2570499,0
2570513,0
2570519,0
2570521,0
2570566,0
2570686,0
2570850,0
2570857,0
2570953,0
2571099,0
2571192,0
2571324,0
2571360,0
2571378,0
2571456,0
2571486,0
2571488,0
2571506,0
2571547,0
2571632,0
2571698,0
2571723,0
2571724,0
2571756,0
2571867,0
2571893,0
2572000,0
2572032,0
2572051,0
2572057,0
2572132,0
2572150,0
2572289,0
2572423,0
2572497,0
2572510,0
2572535,0
2572582,0
2572656,0
2572658,0
2572687,0
2572722,0
2572723,0
2572725,0
2572726,0
2572737,0
2572862,0
2572870,0
2572891,0
2572910,1
2572948,0
2573018,0
2573047,0
2573087,0
2573092,0
2573200,0
2573321,0
2573377,0
2573381,0
2573401,0
2573440,0
2573468,0
2573500,0
2573509,0
2573526,0
2573538,0
2573560,0
2573615,0
2573655,0
2573680,0
2573772,0
2573817,0
2573831,0
2573840,0
2573845,0
2573853,0
2573903,0
2573922,0
2573938,0
2573971,0
2573977,0
2574001,0
2574077,1
2574079,0
2574170,0
2574200,1
2574206,0
2574230,0
2574251,0
2574255,0
2574284,0
2574329,0
2574330,0
2574380,0
2574485,0
2574500,0
2574592,0
2574601,0
2574637,0
2574639,0
2574699,0
2574721,0
2574765,0
2574871,0
2574879,0
2574990,0
2575042,0
2575098,0
2575135,0
2575159,0
2575237,0
2575248,0
2575266,0
2575309,0
2575353,0
2575390,0
2575396,0
2575420,0
2575437,0
2575442,0
2575456,0
2575493,0
2575571,0
2575610,0
2575634,0
2575642,0
2575653,0
2575676,0
2575704,0
2575713,0
2575720,0
2575815,0
2575822,0
2575886,0
2575991,0
2576011,0
2576038,0
2576079,0
2576174,0
2576240,0
2576311,0
2576413,0
2576423,0
2576446,0
2576516,0
2576533,0
2576670,0
2576675,0
2576695,0
2576739,0
2576807,0
2576833,0
2576834,0
2576924,0
2576932,0
2577002,1
2577063,0
2577142,0
2577208,0
2577324,0
2577427,0
2577485,0
2577524,0
2577600,0
2577611,0
2577659,0
2577778,0
2577787,0
2577793,0
2577806,0
2577846,0
2577856,0
2577885,0
2577891,0
2577928,0
2577929,0
2578066,0
2578086,0
2578105,0
2578118,0
2578129,0
2578139,0
2578159,0
2578168,0
2578268,0
2578304,0
2578420,0
2578449,0
2578552,0
2578607,0
2578663,0
2578679,0
2578695,0
2578704,0
2578710,0
2578800,0
2578805,0
2578898,0
2578932,0
2578992,0
2578995,0
2579000,0
2579024,0
2579099,0
2579101,0
2579129,0
2579221,0
2579256,0
2579285,0
2579328,0
2579347,0
2579405,0
2579418,0
2579450,0
2579479,0
2579505,0
2579539,0
2579643,0
2579644,0
2579731,0
2579775,0
2579800,0
2579835,0
2579844,0
2579877,0
2579886,0
2579893,0
2580007,0
2580078,0
2580095,0
2580115,0
2580131,0
2580140,0
2580146,0
2580176,0
2580206,0
2580236,0
2580237,0
2580240,0
2580266,0
2580287,0
2580369,0
2580387,0
2580406,0
2580407,0
2580447,0
2580512,0
2580514,0
2580517,0
2580541,0
2580550,0
2580598,0
2580601,0
2580632,0
2580677,0
2580735,0
2580746,0
2580782,0
2580791,0
2580794,0
2580801,0
2580823,0
2580861,0
2580880,0
2580893,0
2580985,0
2581041,0
2581045,0
2581051,0
2581126,0
2581153,0
2581163,0
2581177,0
2581233,0
2581292,0
2581312,1
2581381,0
2581437,0
2581480,0
2581510,0
2581529,0
2581569,0
2581661,0
2581705,0
2581712,0
2581749,0
2581779,0
2581782,0
2581804,0
2581844,0
2581852,0
2581878,0
2581881,0
2581919,0
2581923,0
2581943,0
2581947,0
2581959,0
2581978,0
2582008,0
2582037,0
2582071,0
2582092,0
2582102,0
2582112,0
2582149,0
2582212,0
2582215,0
2582234,0
2582277,0
2582328,0
2582410,0
2582421,0
2582434,0
2582442,0
2582449,0
2582450,0
2582482,0
2582492,0
2582497,0
2582509,0
2582529,0
2582568,0
2582602,0
2582614,0
2582631,0
2582633,0
2582635,0
2582655,0
2582659,0
2582682,0
2582704,0
2582718,0
2582756,0
2582791,0
2582797,0
2582825,0
2582839,0
2582853,0
2582889,0
2582946,0
2582948,0
2582952,0
2582955,0
2582995,0
2582996,0
2583004,0
2583089,0
2583090,0
2583103,0
2583104,0
2583139,0
2583145,0
2583157,0
2583173,0
2583187,0
2583205,0
2583279,0
2583314,0
2583324,0
2583345,0
2583351,0
2583382,0
2583407,0
2583442,0
2583448,0
2583476,0
2583490,0
2583495,0
2583564,0
2583601,0
2583611,0
2583662,0
2583674,0
2583682,0
2583725,0
2583729,0
2583730,0
2583777,0
2583806,0
2583867,0
2583915,0
2583922,0
2583978,0
2583981,0
2583991,0
2584001,0
2584007,0
2584023,0
2584034,0
2584084,0
2584115,0
2584130,0
2584157,0
2584182,0
2584233,0
2584246,0
2584270,0
2584284,0
2584333,0
2584369,0
2584392,0
2584414,0
2584450,0
2584452,0
2584497,0
2584499,0
2584527,0
2584556,0
2584586,0
2584605,0
2584628,0
2584643,0
2584682,0
2584694,0
2584704,0
2584726,0
2584737,0
2584764,0
2584772,0
2584800,0
2584830,0
2584846,0
2584863,0
2584906,0
2584943,0
2584949,0
2584957,0
2584979,0
2585003,0
2585067,0
2585091,0
2585097,0
2585105,0
2585184,0
2585198,0
2585208,0
2585228,0
2585241,0
2585315,0
2585331,0
2585336,0
2585337,0
2585372,0
2585376,0
2585394,0
2585479,0
2585499,0
2585501,0
2585547,0
2585554,0
2585568,0
2585571,0
2585596,0
2585609,0
2585621,0
2585647,0
2585661,0
2585710,0
2585754,0
2585785,0
2585788,0
2585829,0
2585838,0
2585839,0
2585875,0
2585929,0
2585932,0
2585934,0
2585947,0
2585965,0
2586011,0
2586013,0
2586025,0
2586029,0
2586049,0
2586069,0
2586103,0
2586136,0
2586144,0
2586147,0
2586149,0
2586161,0
2586177,0
2586200,0
2586221,0
2586260,0
2586272,0
2586279,0
2586282,0
2586284,0
2586292,0
2586320,0
2586333,0
2586336,0
2586339,0
2586346,0
2586361,0
2586362,0
2586390,0
2586391,0
2586406,0
2586435,0
2586478,0
2586480,0
2586498,0
2586525,0
2586554,0
2586559,0
2586602,0
2586622,0
2586650,0
2586660,0
2586681,0
2586686,0
2586694,0
2586731,0
2586761,0
2586763,0
2586803,0
2586822,0
2586850,0
2586856,0
2586954,0
2586986,0
2587018,0
2587038,0
2587069,0
2587070,0
2587100,0
2587116,0
2587129,0
2587131,0
2587134,0
2587135,0
2587149,0
2587177,0
2587202,0
2587240,0
2587252,0
2587266,0
2587320,0
2587324,0
2587327,0
2587334,0
2587372,0
2587446,0
2587450,0
2587457,0
2587485,0
2587489,0
2587512,0
2587513,1
2587517,0
2587563,0
2587565,0
2587566,0
2587572,0
2587591,1
2587628,0
2587630,0
2587641,0
2587665,0
2587719,0
2587735,0
2587738,0
2587775,0
2587788,0
2587823,0
2587848,0
2587852,0
2587867,0
2587925,0
2587933,0
2587936,0
2587957,0
2587992,0
2587993,0
2588017,0
2588023,0
2588038,0
2588051,0
2588055,0
2588059,0
2588078,0
2588084,0
2588100,0
2588121,0
2588138,0
2588168,0
2588191,0
2588213,0
2588218,0
2588219,0
2588223,0
2588241,0
2588272,0
2588303,0
2588319,0
2588339,0
2588340,0
2588391,0
2588395,0
2588407,0
2588411,0
2588426,0
2588443,0
2588454,0
2588457,0
2588461,0
2588463,0
2588475,0
2588490,0
2588515,0
2588525,0
2588529,0
2588566,0
2588572,0
2588589,0
2588605,0
2588610,0
2588613,0
2588628,0
2588667,0
2588689,0
2588701,0
2588717,0
2588728,0
2588753,0
2588756,0
2588764,0
2588765,0
2588775,0
2588810,0
2588829,0
2588842,0
2588893,0
2588910,0
2588950,0
2588960,0
2589008,0
2589016,0
2589032,0
2589034,0
2589070,0
2589083,0
2589086,0
2589098,0
2589111,0
2589124,0
2589149,0
2589167,0
2589217,0
2589236,0
2589256,0
2589259,0
2589261,0
2589266,0
2589281,0
2589301,0
2589329,0
2589334,0
2589364,0
2589400,0
2589419,0
2589425,0
2589432,0
2589444,0
2589471,0
2589503,0
2589543,0
2589547,0
2589563,0
2589580,0
2589597,0
2589622,0
2589626,1
2589670,0
2589681,0
2589705,0
2589707,1
2589750,0
2589783,0
2589788,0
2589800,0
2589820,0
2589831,0
2589882,0
2589902,0
2589928,0
2589960,0
2590022,0
2590044,0
2590060,0
2590081,0
2590089,0
2590093,0
2590150,0
2590151,0
2590173,0
2590262,0
2590274,0
2590303,0
2590308,0
2590309,0
2590429,0
2590497,0
2590500,0
2590556,0
2590604,0
2590621,0
2590654,0
2590818,0
2590853,0
2590897,0
2590906,1
2590969,0
2590979,0
2591002,0
2591082,0
2591086,0
2591208,0
2591227,0
2591251,0
2591264,0
2591289,0
2591301,0
2591309,0
2591350,0
2591379,0
2591387,0
2591410,0
2591431,0
2591445,0
2591484,0
2591506,0
2591510,0
2591545,0
2591604,0
2591630,0
2591682,0
2591688,0
2591737,0
2591738,0
2591742,0
2591764,0
2591785,0
2591788,0
2591800,0
2591812,1
2591821,0
2591828,0
2591938,0
2592023,1
49562,0
58503,0
137748,0
461841,0
662777,0
708054,0
746446,0
1015113,0
1099325,0
1173310,0
1188699,0
1283991,0
1320503,0
1392299,0
1491958,0
1503799,0
1507998,0
1609979,0
1693469,1
1742318,0
1957504,0
2042079,0
2118740,0
2139589,0
2217912,0
2226197,0
2357552,1
2385101,0
2442679,0
2476384,0
2494766,0
2540566,0
2387,0
5522,0
5696,0
9712,0
11433,0
15204,0
15683,0
16518,0
17521,0
18189,0
20471,0
21110,0
21512,0
21829,0
28808,0
30335,0
31139,0
32525,0
35825,0
39780,0
42792,0
42845,0
45054,0
46291,0
48821,0
51810,0
51939,0
53551,0
56380,0
57214,0
58722,0
58793,0
59555,0
61330,0
62370,0
65098,0
65362,0
66644,0
67061,0
69002,0
70839,0
71209,0
73677,0
75204,0
76132,0
78957,0
80397,0
80420,0
81916,0
87125,0
88224,0
91386,0
93584,0
94177,0
97118,0
99913,0
100515,0
103893,0
109781,0
112013,0
112172,0
118082,0
120779,0
121473,1
127926,0
134411,0
135356,0
135358,0
141039,0
141784,0
147132,0
148876,0
160487,0
161262,0
165404,0
167020,0
167204,0
171448,0
174652,0
176978,0
177250,0
177885,1
183645,0
185637,0
189827,0
190012,0
196196,0
197612,0
198728,0
199087,0
201791,0
205598,0
210335,0
210669,0
211673,0
213686,0
216006,0
220091,0
224458,0
224801,0
225354,0
225753,0
226716,0
232248,0
234165,0
235846,0
241633,0
244678,0
249143,0
253872,0
258220,0
258451,0
258531,0
260343,0
261846,0
261847,0
261918,0
261936,0
261954,0
261995,0
262362,0
262405,0
263316,0
267345,0
269521,0
273154,0
273232,0
274527,0
278395,0
280949,0
281231,0
281302,0
285958,0
289352,0
289602,0
291143,0
293799,0
294501,0
295477,0
297137,0
300486,0
302309,0
303065,0
304262,0
308189,0
308566,0
309663,0
310619,0
312107,0
315718,0
316316,0
317902,0
318573,0
323643,0
324367,0
325430,0
326699,0
328487,0
338099,0
339095,0
352518,0
353301,0
353677,0
361225,0
361344,0
362104,0
367230,0
367800,0
368434,0
370397,0
370465,0
370636,0
371679,0
372662,0
372732,0
375171,0
376136,0
376750,0
377230,0
377247,0
377964,0
382500,0
382640,0
382784,0
383548,0
383998,0
384398,0
387465,0
389612,0
389928,0
389984,0
390596,0
390674,0
396126,0
400007,0
401055,0
401291,0
401371,0
401907,0
402676,0
410312,0
415280,0
415542,0
418394,0
421068,0
426087,0
430388,0
432374,0
435641,0
439200,0
439663,0
440688,0
443693,0
445546,0
451680,0
455200,0
459210,0
460126,0
462216,0
465386,0
481341,0
485144,0
491936,0
492039,0
496003,0
501609,0
502328,0
505799,0
505971,0
508545,0
511544,0
511956,0
513635,0
515471,0
515933,0
516071,0
516182,0
519472,0
521373,0
523768,0
527469,0
527706,0
527969,0
528327,0
530033,0
535618,0
537527,0
540194,0
542638,0
544693,0
545651,0
549694,0
551609,0
553675,0
556251,0
556462,0
556509,0
561812,0
565040,0
565164,0
565400,0
565616,0
567113,0
580188,0
581026,0
581451,0
584245,0
584836,0
586287,0
589107,0
592554,0
592755,0
594552,0
597233,0
597889,0
600380,0
600518,0
601960,0
603118,0
604303,0
606446,0
615087,0
615738,0
618454,0
620348,0
622086,0
627274,0
628451,0
628507,0
633780,0
638119,0
640821,0
641438,0
643676,0
644251,0
644364,0
645793,0
645819,0
651493,0
654263,0
654338,0
658347,0
660971,0
661506,0
666366,0
668593,0
668911,0
669190,0
669747,0
670995,0
672885,0
673075,0
673506,0
673960,0
677295,0
679475,0
680166,0
682278,0
682360,0
682870,0
683998,0
684648,0
686855,0
687048,0
687263,0
687755,0
692737,0
695126,0
696040,0
697674,0
699964,0
702661,0
702950,0
706591,0
709131,0
713092,0
713139,0
715799,0
717327,0
718592,0
719067,0
719981,0
720619,0
722115,0
725520,0
726109,0
726676,0
726779,0
727382,0
727667,1
729192,0
732244,0
733380,0
738298,0
739013,0
739230,0
740249,0
740291,0
741687,0
743072,0
751023,0
755207,0
757065,0
757309,0
757653,0
759276,0
759813,0
760027,0
761153,0
763125,0
763805,1
764510,0
764608,0
765842,0
766580,0
767610,0
768481,0
772612,0
773434,0
774385,0
777609,0
779220,0
779540,0
780640,0
781035,0
783333,0
786292,0
789127,0
791186,0
792253,0
792425,0
795267,0
796542,0
797719,0
798020,0
798157,0
799030,0
802926,0
803105,0
804629,0
805229,0
810539,0
810842,0
813115,0
813893,0
814649,0
817758,0
817954,0
818907,0
820451,0
821896,0
824707,0
825790,0
841329,0
842140,0
842742,0
849719,0
850957,0
852063,0
855186,0
860233,0
863644,0
866281,0
876747,0
877583,0
878914,0
880775,0
880798,0
882098,0
883771,0
885948,0
889184,0
889893,0
891557,0
892141,0
893782,0
895265,0
898066,0
901249,0
903881,0
910805,0
914592,0
915726,0
920238,0
920377,0
920677,0
921891,0
926248,0
927556,0
931815,0
933857,0
934891,0
935671,0
939965,0
940589,0
941954,0
942312,0
944885,0
948837,0
949048,0
949137,0
949790,0
952045,0
953065,0
958064,0
960150,0
963016,0
967945,0
969339,0
969440,0
971816,0
972168,0
973632,0
976883,0
976920,0
980467,0
981673,0
984122,0
985151,0
985291,0
986418,0
994108,0
996586,0
998787,0
1001867,0
1002032,0
1002249,0
1002253,0
1002290,0
1002308,0
1002353,0
1002370,0
1002467,0
1002650,0
1002750,0
1002814,0
1002831,0
1002882,0
1005282,0
1012831,0
1013864,0
1014377,0
1015611,0
1018602,0
1018837,0
1021534,0
1027113,0
1029441,0
1032381,0
1034312,0
1037577,0
1037686,0
1038689,0
1039454,0
1039691,0
1049244,0
1049907,0
1054446,0
1056100,0
1058695,0
1059019,0
1060496,0
1064238,0
1064571,0
1066141,0
1066206,0
1066866,0
1066945,0
1070515,0
1070545,0
1071437,0
1073788,0
1074454,0
1074641,0
1074951,0
1076826,0
1079746,0
1089607,1
1091981,0
1093681,0
1096583,0
1097566,0
1101180,0
1101226,0
1102031,0
1102985,0
1104024,0
1104720,0
1106829,0
1118037,0
1118907,0
1119639,0
1121727,0
1125080,0
1126073,0
1129911,0
1132954,0
1134969,0
1138887,0
1142529,0
1143994,0
1146547,0
1146663,0
1151613,0
1152341,0
1153133,0
1153731,1
1153850,0
1156206,0
1157004,0
1157267,0
1157579,0
1160943,0
1161484,0
1167314,0
1168746,0
1175356,0
1175714,0
1187914,0
1188224,0
1193998,0
1199582,0
1199716,0
1199778,0
1200704,0
1200911,0
1201167,0
1202317,0
1203476,0
1204424,0
1204457,0
1205645,0
1206783,0
1208104,0
1212912,0
1214957,0
1215766,0
1219081,0
1219444,0
1220221,0
1223862,0
1223909,0
1229074,0
1233480,0
1234546,0
1235052,0
1236071,0
1240223,0
1240495,0
1241552,0
1251669,0
1252379,0
1255591,0
1258221,0
1258898,0
1262078,0
1264003,0
1265110,0
1265116,0
1265124,0
1265202,1
1265226,0
1265325,0
1265500,0
1265571,0
1266215,0
1271321,0
1271505,0
1273224,0
1274249,0
1275128,0
1275362,0
1276071,0
1278771,0
1279668,0
1280023,0
1280368,0
1295604,0
1300185,0
1301157,0
1301814,0
1309206,0
1313772,0
1318401,0
1320184,0
1322371,0
1327852,0
1328135,0
1332972,1
1333418,0
1335025,0
1335565,0
1336247,0
1337437,0
1343465,0
1355870,0
1356037,0
1358518,0
1360659,0
1366650,0
1366675,0
1366682,0
1369496,0
1370212,0
1372875,0
1374407,0
1374838,0
1375693,0
1375884,0
1376155,0
1378766,0
1379570,0
1387096,0
1387810,0
1388370,0
1391896,0
1393343,0
1394301,0
1395018,0
1396130,0
1396676,0
1397938,0
1399294,0
1399888,0
1400589,0
1403868,0
1405229,0
1405798,0
1405885,0
1411307,0
1413754,0
1414045,0
1419089,0
1419159,0
1419700,0
1420207,0
1422132,0
1426301,0
1426754,0
1432301,0
1432417,0
1435756,0
1436539,0
1438982,0
1440166,0
1440627,0
1441014,0
1445008,0
1447273,0
1450736,0
1453455,0
1453472,0
1453488,0
1453522,0
1453538,0
1453578,0
1453666,0
1456451,0
1457681,0
1457849,0
1459291,0
1465682,0
1466634,0
1466672,0
1472792,0
1473043,0
1473138,0
1474895,0
1479611,0
1480810,0
1485120,0
1485986,0
1486244,0
1487105,0
1488548,0
1489001,0
1489114,0
1490945,0
1493922,0
1495375,0
1495458,0
1495939,0
1496374,0
1499424,0
1499494,0
1500288,0
1502434,0
1502697,0
1504111,0
1514058,0
1515520,0
1515769,0
1517031,0
1517180,0
1518846,0
1519637,0
1520202,0
1523018,0
1523999,0
1525187,0
1527941,0
1528948,0
1529219,0
1529523,0
1537508,0
1539385,0
1540718,0
1543255,0
1545970,0
1548884,0
1557438,0
1557737,0
1557789,0
1557868,1
1559330,0
1559383,0
1568461,0
1571063,0
1575273,0
1580235,0
1580545,0
1582876,0
1587100,0
1589929,0
1590080,0
1592735,0
1593218,0
1593546,0
1593587,0
1596394,0
1598049,0
1598191,0
1601899,0
1602563,0
1603467,0
1604145,0
1605493,0
1605530,0
1605531,0
1605544,0
1605571,0
1605676,0
1605753,0
1605884,0
1609583,0
1611828,0
1614155,0
1614718,0
1621121,0
1625042,0
1625691,0
1626413,0
1627163,0
1627613,0
1632833,0
1636071,0
1640921,0
1644763,0
1646209,0
1646580,0
1646998,0
1650490,0
1650506,0
1653997,0
1654007,0
1654225,0
1655177,0
1655496,0
1658108,0
1658686,0
1659827,0
1660305,0
1661635,0
1663632,0
1665149,0
1665428,0
1669309,0
1674663,0
1677734,0
1678599,0
1680450,0
1682060,0
1682535,0
1686365,0
1688405,0
1691062,0
1698531,0
1699616,0
1700780,0
1703690,0
1704671,0
1705611,0
1705687,0
1709398,0
1710760,0
1713053,0
1713061,0
1713670,0
1714238,0
1715236,0
1718394,0
1718853,0
1719866,0
1721535,0
1730415,0
1735646,0
1737113,0
1739100,0
1740641,0
1744271,0
1745100,0
1745569,0
1747671,0
1750542,0
1758713,0
1759382,0
1760434,0
1763335,0
1765492,0
1780334,0
1780975,0
1783569,0
1785627,0
1787629,0
1792742,0
1798402,0
1798842,0
1805451,0
1807716,0
1809097,0
1813280,0
1814493,0
1816102,0
1831123,1
1838034,0
1840048,0
1840499,0
1847447,0
1847659,0
1849791,0
1853290,0
1857543,0
1857957,0
1858465,0
1860153,0
1863910,0
1863984,0
1864014,0
1864089,0
1868057,0
1868866,0
1872489,0
1872959,0
1873968,0
1875284,0
1882846,0
1884979,0
1885629,0
1892803,0
1892921,0
1893774,0
1894119,0
1895136,0
1895353,0
1896867,0
1899241,0
1903332,0
1903882,1
1906528,0
1906925,0
1907052,0
1907205,0
1907350,0
1911550,0
1911826,0
1911866,1
1918532,0
1921780,0
1923184,0
1927658,0
1930631,0
1930849,0
1933218,0
1933236,0
1937519,0
1937963,0
1938206,0
1942297,0
1942619,0
1946625,0
1949124,0
1949850,0
1951974,0
1955097,0
1956752,0
1964267,0
1964634,0
1964935,0
1970816,0
1978485,0
1981215,0
1996508,0
2002355,0
2005684,0
2005819,0
2016150,0
2025575,0
2027996,0
2028781,0
2029384,0
2034738,0
2035067,0
2037012,0
2039393,0
2041977,0
2044594,0
2045442,0
2046267,0
2054316,0
2059326,0
2065039,0
2066517,0
2067275,0
2067754,0
2068053,0
2070117,0
2071479,0
2075327,0
2075615,0
2076489,0
2081332,0
2083842,0
2090721,0
2096963,0
2100524,0
2101115,0
2101119,0
2101122,0
2103851,0
2107567,0
2108552,0
2109899,0
2110272,0
2115449,0
2117462,0
2118585,0
2118837,0
2122944,0
2124273,0
2124469,0
2125964,0
2126043,0
2126512,0
2136321,0
2137300,0
2140717,0
2145266,0
2148729,0
2149478,0
2150571,0
2156234,0
2158315,0
2159348,0
2160865,0
2161655,0
2171058,0
2172948,0
2178572,0
2178746,0
2181357,0
2183384,0
2184021,0
2185716,0
2190171,0
2193465,0
2207233,0
2209340,0
2210049,0
2215652,0
2218069,0
2219384,0
2219932,0
2224634,0
2225143,0
2225824,0
2227129,0
2229045,0
2231192,0
2231375,0
2233131,0
2234017,0
2235964,0
2237915,0
2242748,0
2242993,0
2245111,0
2248136,0
2248617,0
2249103,0
2249395,0
2251734,0
2259963,0
2260993,0
2261372,0
2264919,0
2265681,0
2267397,0
2269306,0
2270116,0
2274321,0
2277562,0
2278814,0
2280455,0
2281778,0
2282004,0
2286020,0
2288269,0
2288653,0
2292611,0
2294655,0
2295821,0
2297718,0
2309722,0
2311019,0
2311389,0
2313887,0
2314812,0
2316977,0
2317323,0
2324248,0
2326203,0
2328757,0
2329655,0
2331862,0
2339479,0
2340698,0
2342059,0
2344177,0
2346665,0
2347312,0
2350567,0
2356349,0
2360217,0
2360603,0
2361616,0
2367529,0
2370866,0
2372560,0
2375592,0
2379061,0
2383993,0
2384880,0
2390037,0
2395895,0
2401869,0
2404035,0
2404812,0
2407174,0
2407568,0
2408250,0
2410180,0
2413156,0
2413865,0
2414649,0
2414926,0
2415508,0
2416193,0
2417778,0
2418768,0
2422730,0
2430742,0
2435445,0
2437774,0
2440396,0
2441836,0
2445606,0
2458673,0
2459681,0
2462178,0
2463537,0
2465941,0
2471261,0
2476158,0
2478532,0
2479927,0
2480497,0
2481717,0
2485208,0
2485217,0
2485384,0
2485393,0
2485461,0
2488393,0
2490004,0
2497806,1
2501827,0
2503421,0
2504004,0
2508943,0
2509044,0
2510334,0
2514769,0
2515787,0
2525453,0
2527392,0
2528139,0
2532228,0
2534524,0
2538075,0
2540476,0
2548943,0
2553131,0
2558117,0
2562045,0
2562687,0
2568018,0
2571325,0
2573313,0
2574713,0
2581058,0
48,0
55,0
62,0
72,0
73,0
84,0
149,0
154,0
155,0
156,0
176,0
217,0
255,0
256,0
308,0
323,0
330,0
370,0
528,0
1007,0
2019,0
2130,0
2816,0
3367,0
3799,0
3959,0
3989,0
4439,0
4630,0
4901,0
5298,0
6002,0
6375,0
6406,0
7634,0
7693,0
7850,0
7879,0
7882,0
8629,0
8722,0
8781,0
9244,0
9372,0
9576,0
10157,0
10449,0
10579,0
11692,0
11972,0
12696,0
13311,0
13978,0
14014,0
14028,0
14134,0
14455,0
14489,0
14529,0
15168,0
15354,0
15390,0
15499,0
16093,0
16131,0
16447,0
16636,0
16791,0
17028,0
17640,0
17688,0
18103,0
18348,0
18947,0
19052,0
19882,0
20236,0
20774,0
21416,0
21577,0
21661,0
21984,0
22216,0
22235,0
22469,0
23163,0
23385,0
23501,0
23590,0
24398,0
26163,0
26727,0
26810,0
26970,0
27603,0
27717,0
27913,0
28291,0
30029,0
30063,0
30204,0
30418,0
30946,0
31512,0
32271,0
33748,0
33863,0
33879,0
34054,0
34210,0
34808,0
35224,0
35292,0
35752,0
36158,0
36541,0
36868,0
36936,0
37529,0
37712,0
38207,0
38486,0
38542,0
39401,0
39710,0
40215,0
40406,0
41031,0
41723,0
42097,0
42459,0
42684,0
42973,0
44336,0
44959,0
45689,0
46510,0
46733,0
46885,0
47508,0
47735,0
47800,0
48328,0
49060,0
49195,0
49598,0
49864,0
50742,0
50789,0
50890,0
50923,0
51360,0
51924,0
52186,0
52521,0
52528,0
52859,0
53145,0
53162,0
53358,0
53365,0
54151,0
54442,0
54556,0
54602,0
54760,0
55002,0
55008,0
55802,0
56223,0
56469,0
56922,0
57255,0
58161,0
58168,0
58394,0
58404,0
58817,0
59800,0
60161,0
60828,0
61192,0
61536,0
61614,0
61623,0
61710,0
62344,0
62712,0
63249,0
63549,0
63672,0
64212,0
64646,0
64727,0
65775,0
66065,0
67615,0
67890,0
68928,0
69230,0
69308,0
69635,0
69821,0
69939,0
69989,0
70100,0
70240,0
70398,0
70997,0
71354,0
71506,0
71743,0
72278,0
72462,0
72776,0
73884,0
73998,0
74107,0
74162,0
74208,0
74692,0
75029,0
75530,0
75716,0
75934,0
76340,0
77019,0
77505,0
77566,0
78473,0
78862,0
78977,0
79841,0
80086,0
80092,0
80201,0
80387,0
80591,0
80993,0
81054,0
81431,0
81513,0
82102,0
82468,0
83444,0
84174,0
84481,0
84704,0
84745,0
84943,0
84972,0
85498,0
85704,0
85774,0
86490,0
86553,0
87146,0
87181,0
87455,0
87945,0
88124,0
88762,0
88811,0
89186,0
89468,0
90313,0
90565,0
91182,0
91251,0
91746,0
92021,0
92069,0
92408,0
92900,0
93647,0
93671,0
93865,0
93950,0
94405,0
95427,0
95654,0
95923,0
96197,0
97049,0
97069,0
98361,0
98803,0
98991,0
99395,0
101050,0
101417,0
102081,0
102252,0
102572,0
103933,0
104084,0
104177,0
104998,0
105281,0
105656,0
105937,0
106015,0
106495,0
106702,0
106979,0
107076,0
107737,0
107974,0
108688,0
108712,0
108932,0
109157,0
109646,0
109826,0
110068,0
110635,0
111134,0
111576,0
111725,0
112143,0
112399,0
112700,0
112917,0
113297,0
113745,0
113985,0
114284,0
114418,0
114425,0
115158,0
115519,0
115614,0
115740,0
115853,0
116028,0
117344,0
117417,0
117451,0
117656,0
118288,0
118601,0
118942,0
119021,0
119043,0
119565,0
119676,0
120110,0
120641,0
121468,0
121892,0
122041,0
122194,0
122213,0
122336,0
123110,0
123118,0
123152,0
123428,0
124571,0
124939,0
125039,0
126445,0
126450,0
126697,0
127812,0
128102,0
128189,0
129115,0
129121,0
129163,0
129205,0
129780,0
129858,0
131104,0
131549,0
132608,0
133970,0
134591,0
135036,0
135862,0
136006,0
136058,0
137328,0
137586,0
138662,0
138829,0
139242,0
139821,0
140403,0
140777,0
141270,0
142702,0
143129,0
143348,0
143699,0
143820,0
145496,0
145884,0
146040,0
146099,0
146113,0
146575,0
149155,0
149257,0
150625,0
150741,0
150809,0
150863,0
152571,0
153420,0
153516,0
154288,0
157779,0
158201,0
158466,0
158828,0
159785,0
160082,0
160310,0
160778,0
160860,0
161652,0
162481,1
162831,0
163749,0
164136,0
165202,0
165298,0
165584,0
165905,0
166234,0
166253,0
166672,0
168455,0
168951,0
169693,0
169780,0
170557,0
170693,0
173591,0
174360,0
174586,0
176341,0
176393,0
177278,0
177351,0
177812,0
178128,0
178418,0
178745,0
179016,0
179883,0
183744,0
185280,0
185771,0
186842,0
187003,0
187098,0
187959,0
188986,0
190993,0
191261,0
194462,0
194928,0
195378,0
198309,0
198708,0
198736,0
199015,0
200430,0
200882,0
201023,0
201320,0
201545,0
202542,0
202617,0
202889,0
202990,0
203255,0
203788,0
206010,0
206334,0
206495,0
206663,0
207050,0
207672,0
207883,0
209660,0
210330,0
210516,0
210835,0
211588,0
211780,0
212678,0
214794,0
214970,0
215453,0
216122,0
216651,0
218850,0
219686,0
221117,0
222863,0
223269,0
223450,0
224904,0
226747,0
226851,0
227305,0
227386,0
227422,0
227772,0
228361,0
229636,0
229911,0
230502,0
230817,0
231948,0
236234,0
236424,0
236532,0
236902,0
237092,0
238107,0
238409,0
238611,0
239418,0
241923,0
243406,0
243882,0
244140,0
245266,0
246340,0
247556,0
248432,0
251107,0
251806,0
252576,0
254301,0
255474,0
256088,0
256160,0
259296,0
260022,0
260955,0
261126,0
261168,0
261431,0
261697,0
261700,0
261757,0
261761,0
261836,0
261894,0
261900,0
261902,0
261938,0
261960,0
261963,0
261965,0
261974,0
262031,0
262036,0
262045,0
262053,0
262056,0
262085,0
262134,0
262335,0
262351,0
262354,0
262385,0
262410,0
262418,0
262422,0
262919,0
262949,0
263042,0
263380,0
263657,0
263811,0
263972,0
264991,0
265117,0
268515,0
268664,0
268933,0
268963,0
270608,0
270816,0
270957,0
271229,0
272062,0
273299,0
273446,0
274309,0
274547,0
274589,0
275108,0
275447,0
275518,0
275569,0
275894,0
275963,0
275979,0
276754,0
277314,0
277389,0
277630,0
278216,0
279384,0
280525,0
280718,0
280866,0
281580,0
281607,0
283179,0
283271,0
283691,0
284205,0
284617,0
285050,0
285260,0
285952,0
285979,0
286154,0
287586,0
287588,0
287679,0
288784,0
289780,0
289851,0
291151,0
291285,0
292022,0
292147,0
292221,0
292223,0
292576,0
293189,0
293595,0
294329,0
294368,0
294723,0
295043,0
295290,0
295863,0
297073,0
297113,0
297410,0
297489,0
297635,0
297964,0
298801,0
298833,0
299105,0
299219,0
299533,0
299860,0
299904,0
300677,0
300740,0
300773,0
300944,0
301402,0
301719,0
302036,0
302349,0
302691,0
303114,0
303582,0
303621,0
303929,0
304053,0
304607,0
304627,0
304688,0
306312,0
307343,0
308455,0
308770,0
309622,0
309915,0
310098,0
310358,0
310789,0
310941,0
310983,0
311398,0
311607,0
312807,0
314523,0
315458,0
316055,0
318607,0
319903,0
324620,0
324980,0
325370,0
325969,0
327238,0
327348,0
327775,0
329264,0
330030,0
330747,0
331254,0
334666,0
335676,0
338655,0
339223,0
340288,0
340488,0
340581,0
340939,0
341205,0
341717,0
342459,0
343882,0
344633,0
345400,0
346128,0
347485,0
347572,0
348270,0
351380,0
351491,0
351693,0
352343,0
352356,0
354958,0
355288,0
355545,0
355694,0
356182,0
357328,0
357899,0
358739,0
358887,0
359736,0
360740,0
364023,0
364478,0
364549,0
364551,0
365238,0
365323,0
366029,0
367705,0
368838,0
370434,0
370492,0
370920,0
371549,0
371620,0
371730,0
372036,0
372073,0
372547,0
372560,0
372708,0
372738,0
372904,0
373020,0
373579,0
373676,0
373701,0
374037,0
374108,0
374205,0
374228,0
374741,0
375059,0
375111,0
375231,0
375382,0
375480,0
375588,0
375758,0
375920,0
376184,0
376442,0
377395,0
377829,0
378125,0
378254,0
378313,0
378455,0
378469,0
378953,0
379717,0
379787,0
379795,0
380152,0
380308,0
380345,0
380666,0
380868,0
381236,0
381401,0
381440,0
381815,0
381935,0
382444,0
382742,0
382761,0
383874,0
383947,0
384095,0
384493,0
384651,0
384794,0
384890,0
385766,0
385938,0
386530,0
386637,0
386834,0
386941,0
387169,0
387553,0
387686,0
387818,0
387895,0
387917,0
388261,0
388356,0
388729,0
388856,0
389391,0
389514,0
389585,0
389651,0
389773,0
390754,0
391599,0
391808,0
392181,0
392300,0
392990,0
393123,0
393750,0
394931,0
395055,0
395078,0
395298,0
395444,0
395858,0
395867,0
396864,0
399261,0
399656,0
400185,0
401014,0
401380,0
402699,0
403229,0
404603,0
404877,0
406301,0
406951,0
409765,0
410656,0
411203,0
411525,0
412238,0
413289,0
413292,0
413327,0
413966,0
414056,0
414759,0
414885,0
414895,0
415240,0
415911,0
416355,0
416630,0
416986,0
417496,0
417875,0
418305,0
418729,0
419261,0
419889,0
419918,0
420071,0
420104,0
420132,0
421517,0
421542,0
421850,0
422615,0
423661,0
423980,0
424835,0
425680,0
426235,0
426955,0
427715,0
427968,0
428601,0
428831,0
429098,0
429212,0
429292,0
429990,0
430974,0
431079,0
431385,0
431415,0
431643,0
431957,0
432914,0
433161,0
433651,0
433672,0
434784,0
435002,0
436363,0
436636,0
436820,0
437412,0
437674,0
438371,0
438689,0
439052,0
439432,0
439534,0
439688,0
440934,0
441903,0
442099,0
442188,0
442656,0
443405,0
443904,0
444102,0
445201,0
445300,0
445748,0
446033,0
447939,0
448294,0
449413,0
450019,0
451570,0
451851,0
452159,0
452607,0
454031,0
454220,0
455139,0
455231,0
455735,0
456439,0
456673,0
456849,0
456966,0
457025,0
457157,0
457334,0
458017,0
459953,0
460114,0
461855,0
462388,0
462620,0
464765,0
465495,0
466955,0
468217,0
469131,0
470532,0
472313,0
472424,0
472717,0
473172,0
473530,0
473809,0
476345,0
477323,0
477791,0
477829,0
478843,0
480472,0
480739,0
480888,0
481041,0
482148,0
482174,0
482818,0
483255,0
483492,0
483610,0
483658,0
485219,0
488246,0
490464,0
490621,0
493944,0
494017,0
495092,0
495209,0
495451,0
495998,0
497634,0
498425,0
498743,0
502183,0
502312,0
502659,0
504008,0
504214,0
505801,0
505808,0
505824,0
505847,0
505866,0
505912,0
505946,0
506327,0
506619,0
507085,0
507444,0
508031,0
508050,0
508865,0
509024,0
509983,0
510041,0
510304,0
510458,0
510991,0
511528,0
512146,0
512382,0
513062,0
513401,0
513483,0
513715,0
513967,0
514051,0
514301,0
514938,0
515286,0
515419,0
515495,0
515735,0
516394,0
516475,0
516656,0
517405,0
517527,0
518160,0
518598,0
519093,0
519264,0
519369,0
519516,0
519740,0
520064,0
520338,0
520657,0
521052,0
521428,0
521947,0
522375,0
522619,0
523272,0
523783,0
525111,0
525311,0
526159,0
526188,0
526264,0
526303,0
526711,0
527016,0
527047,0
527393,0
527462,0
527519,0
527611,0
528663,0
528943,0
529234,0
529299,0
529480,0
530347,0
530702,0
530876,0
531047,0
531456,0
531472,0
531506,0
531802,0
531998,0
532248,0
532271,0
532295,0
532312,0
532390,0
532452,0
532456,0
532577,0
532778,0
533131,0
533864,0
534233,0
534355,0
534574,0
534659,0
535257,0
535335,0
536978,0
537254,1
537512,0
539172,0
539207,0
539414,0
539611,0
539803,0
540167,0
540836,0
540889,0
541355,0
541449,0
541640,0
541647,0
541902,0
543324,0
543336,0
543598,0
543613,0
543680,0
544024,0
544675,0
544898,0
545435,0
545514,0
545607,0
546042,0
547665,0
547752,0
547817,0
547881,0
547991,0
548188,0
548809,0
549547,0
549706,0
549837,0
550287,0
550424,0
550865,0
550904,0
550936,0
551204,0
551237,0
551543,0
551985,0
552197,0
552386,0
552452,0
552934,0
553401,0
553693,0
553707,0
555131,0
555391,0
556102,0
556472,0
556931,0
557285,0
557749,0
558175,0
558393,0
558414,0
558494,0
558531,0
558896,0
558977,0
559290,0
559905,0
559924,0
560189,0
560430,0
560733,0
561118,0
561409,0
561488,0
562169,0
562763,0
562814,0
563758,0
563905,0
564541,0
564611,0
564645,0
564814,0
564957,0
565584,0
566826,0
567006,0
567486,0
567526,0
567614,0
569097,0
569101,0
569402,0
569403,0
570864,0
570988,0
571437,0
571837,0
573039,0
573517,0
573678,0
573732,0
574622,0
574949,0
575974,0
576119,0
576548,0
576894,0
578279,0
578504,0
578584,0
578649,0
578805,0
578847,0
579034,0
579905,0
580610,0
580716,0
581646,0
581935,0
582446,0
582447,0
582481,0
582613,0
583193,0
583336,0
583878,0
585071,0
585521,0
585726,0
586398,0
587395,0
588843,0
588923,0
590327,0
592042,0
592064,0
592253,0
593788,0
594026,0
596253,1
597600,0
597934,0
602227,0
604144,0
604601,0
605610,1
605762,0
606176,0
608004,0
608374,0
608419,0
609415,0
610347,0
610804,0
611210,0
611245,0
613060,0
613118,0
613771,0
614371,0
614607,0
615063,0
615882,1
616925,0
617032,0
617370,0
617818,0
620021,0
621725,0
621729,0
622075,0
622348,0
622619,0
622965,0
623212,0
623632,0
624518,0
624886,0
625001,0
626369,0
626649,0
627586,0
628367,0
628565,0
628996,0
629605,0
630142,0
631107,0
631201,0
631761,0
632125,0
632499,0
633173,0
633294,0
633476,0
634880,0
635551,0
635806,0
636263,0
636366,0
638358,0
638420,0
640160,0
640577,0
641043,0
641138,0
641490,0
642543,0
642771,0
643755,0
643910,0
644107,0
644157,0
644508,0
644638,0
644709,0
645156,0
646216,0
646946,0
647053,0
650499,0
651369,0
653837,0
654316,0
654542,0
655212,0
655275,0
656293,0
656772,0
657026,0
658972,0
659337,0
660068,0
660688,0
661206,0
661533,0
661721,0
661773,0
662626,0
662990,0
664119,0
666095,0
666632,0
668008,0
668062,0
668127,0
668395,0
668939,0
669002,0
669006,0
669092,0
669099,0
669250,0
669253,0
669274,0
669765,0
669978,0
670750,0
670826,0
671160,0
671714,0
671869,0
672313,0
673863,0
674502,0
674553,0
674678,0
675385,0
675801,0
676770,0
676804,0
677199,0
677457,0
678024,0
678167,0
678339,0
678359,0
679529,0
679548,0
680372,0
680586,0
680689,0
681860,0
682009,0
682485,0
682945,0
684185,0
684429,0
684442,0
684656,0
684793,0
685025,0
685034,0
685513,0
685834,0
686093,0
686573,0
686621,0
687375,0
687624,0
687713,0
688707,0
689717,0
690108,0
690664,0
690696,0
691277,0
691347,0
691410,0
691553,0
691829,0
692164,0
692537,0
693215,0
693488,0
694160,0
694273,0
694464,0
695169,0
695379,0
695382,0
695727,0
695820,0
696316,0
696807,0
697017,0
697166,0
698075,0
698462,0
699006,0
699333,0
699484,0
699723,0
700086,0
700138,0
700308,0
701165,0
703059,0
703121,0
703179,0
704014,0
704087,0
704539,0
704663,0
704852,0
705031,0
705293,0
706122,0
706463,0
706569,0
706570,0
706697,0
707107,0
707398,0
707554,0
707604,0
707715,0
708145,0
708624,0
708659,0
709661,0
709668,0
710194,0
710664,0
714194,0
714234,0
714244,0
714444,0
714634,0
714636,0
715039,0
715519,0
715708,0
717411,0
717437,0
717712,0
717763,0
717798,0
718556,0
721363,0
721704,0
721846,0
722004,0
722712,0
723339,0
723745,0
724785,0
725357,0
726001,0
726398,0
726452,0
727788,0
727806,0
728053,0
728463,0
728532,0
728745,0
728856,0
728943,0
729242,0
729282,0
730589,0
730948,0
731311,0
732271,0
732854,0
733146,0
733749,0
733794,0
733799,0
734064,0
736166,0
736197,0
736447,0
737110,0
738293,0
738558,0
739194,0
739330,0
739386,0
739945,0
740492,0
740905,0
742079,0
742268,0
742506,0
742532,0
742586,0
742620,0
743343,0
743663,0
743923,0
745056,0
745474,0
745977,0
747345,0
747784,0
748505,0
748539,0
748995,0
749473,0
749763,0
750283,0
750979,0
751009,0
751667,0
752734,0
753905,0
754299,0
755662,0
755902,0
756010,0
756384,0
756896,0
757263,0
757718,0
757828,0
757866,0
757875,0
758300,0
758625,0
758764,0
759704,0
759756,0
760058,0
760148,0
760336,0
760416,0
760747,0
761595,0
762220,0
762543,0
763306,0
763722,0
764060,0
764132,0
764156,0
764233,0
764290,0
764840,0
765053,0
765799,0
766040,0
766900,0
767337,0
767985,0
768284,0
768607,0
768808,0
768915,0
769918,0
770475,0
770672,0
770682,0
771262,0
772550,0
773316,0
773938,0
774255,0
774395,0
774529,0
774719,0
776013,0
776228,0
776756,0
776760,0
776929,0
777068,0
777093,0
777128,0
777431,0
777610,0
778706,0
779112,0
779640,0
779991,0
780324,0
781459,0
781657,0
781864,0
783904,0
784477,0
784831,0
784835,0
785278,0
785524,0
785557,0
785822,0
785867,0
787237,0
787244,0
787347,0
787489,0
787492,0
788644,0
788690,0
788721,0
789108,0
789343,0
789894,0
789927,0
790204,0
790869,0
790889,0
790935,0
791180,0
791337,0
791437,0
791531,0
792092,0
792429,0
792506,0
792883,0
793395,0
794071,0
795252,0
796368,0
797675,0
797951,0
798171,0
798280,0
798644,0
798972,0
799648,0
800169,0
800224,0
801072,0
801197,0
801475,0
801580,0
802008,0
802068,0
802238,0
802584,0
802940,0
803156,0
803577,0
803601,0
803951,0
805223,0
805693,0
806213,0
806785,0
806812,0
806972,0
806990,0
807467,0
807470,0
807848,0
808494,0
808844,0
808975,0
809384,0
810105,0
810324,0
810452,0
811063,0
811236,0
811875,0
812848,0
812860,0
813122,0
813142,0
813291,0
814200,0
814227,0
814816,0
815015,0
815628,0
816284,0
817116,0
817201,0
817509,0
818720,0
819098,0
819274,0
819980,0
820337,0
820551,0
821031,0
821201,1
821325,0
821709,0
822390,0
823170,0
823885,0
823893,0
825007,0
825200,0
826738,0
827704,0
828348,0
828612,0
830207,0
830519,0
831884,0
832622,0
833851,0
833989,0
835569,0
835930,0
835987,0
836044,0
836156,0
836186,0
838112,0
838252,0
838348,0
839531,0
841837,0
841856,0
841951,0
842514,0
843852,0
844145,0
845464,0
846282,0
849803,0
850220,0
852012,0
852643,0
853231,0
855099,0
858150,0
858285,0
858612,0
860035,0
861468,0
861597,0
861972,0
862033,0
863240,0
863309,0
864034,0
864882,0
864984,0
865668,0
866305,0
866572,0
866587,0
866972,0
867744,0
868099,0
868958,0
870412,0
871928,0
872259,0
875440,0
876812,0
877417,0
877871,0
878473,0
879812,0
880321,0
881526,0
881793,0
882343,0
883472,0
883768,0
884502,0
885449,0
886324,0
886454,0
887774,0
889180,0
889337,0
890036,0
891183,0
892156,0
893570,0
893623,0
893638,0
893976,0
894180,0
894379,0
894898,0
895284,0
895340,0
895711,0
897158,0
898496,0
900048,0
900508,0
905614,0
905992,0
906257,0
906372,0
907477,0
907640,0
909549,0
909875,0
915420,0
915748,0
916130,0
916629,0
916913,0
916940,0
917498,0
918676,0
918817,0
919542,0
919605,0
920659,0
923419,0
925206,0
925875,0
926013,0
926289,0
928390,0
931289,0
932872,0
933693,0
934374,0
934386,0
940809,0
942094,0
942165,0
942661,0
942725,0
942977,0
945347,0
946188,0
947318,0
949665,0
953101,0
953468,0
955036,0
955341,0
956611,0
957870,0
957889,0
957967,0
958216,0
958708,0
959828,0
960476,0
960847,0
961819,0
962198,0
962319,0
962660,0
964464,0
964545,0
966665,0
966778,0
970000,0
970321,0
972679,0
973536,0
973774,0
975291,0
975360,0
976003,0
976367,0
977404,0
979377,0
979555,0
979694,0
979912,0
980595,0
980921,0
981376,0
981386,0
982006,0
982236,0
982374,0
982776,0
984035,0
984197,0
984246,0
985017,0
985889,0
986636,0
987169,0
987201,0
987286,0
987922,0
988633,0
989674,0
989982,0
989991,0
990197,0
991144,0
991148,0
991471,0
992283,0
992753,0
993081,0
995823,0
995914,0
996272,0
996811,0
998542,0
1000072,0
1000113,0
1001838,0
1001864,0
1001871,0
1001917,0
1001935,0
1001949,0
1001955,0
1001960,0
1002016,0
1002025,0
1002137,0
1002139,0
1002150,0
1002186,0
1002259,0
1002269,0
1002362,0
1002434,0
1002460,0
1002513,0
1002542,0
1002562,0
1002616,0
1002626,0
1002633,0
1002638,0
1002685,0
1002789,0
1002790,0
1002798,0
1002812,0
1002828,0
1002870,0
1002887,0
1002890,0
1002960,0
1002976,0
1003171,0
1003678,0
1003690,0
1004217,0
1004299,0
1004518,0
1005004,0
1005984,0
1006001,0
1006358,0
1006859,0
1007023,0
1007909,0
1008036,0
1008061,0
1008287,0
1008457,0
1008488,0
1008660,0
1008708,0
1008937,0
1009226,0
1010069,0
1010189,0
1010674,0
1010880,0
1010931,0
1011424,0
1012080,0
1012284,0
1012995,0
1013014,0
1013371,0
1013509,0
1013516,0
1013716,0
1013907,0
1014019,0
1014497,0
1014825,0
1015057,0
1015401,0
1015412,0
1015779,0
1015926,0
1016109,0
1016265,0
1016616,0
1016726,0
1016800,0
1016893,0
1017521,0
1017781,0
1018597,0
1018873,0
1018949,0
1019010,0
1019352,0
1019736,0
1020073,0
1020080,0
1020562,0
1020857,0
1020898,0
1021069,0
1021541,0
1022412,0
1022634,0
1022974,0
1023042,0
1023092,0
1023162,0
1023590,0
1024074,0
1024127,0
1024297,0
1024759,0
1024896,0
1025451,0
1025755,0
1026192,0
1026353,0
1027502,0
1027691,0
1027828,0
1028067,0
1028311,0
1029379,0
1029884,0
1030108,0
1030124,0
1030359,0
1030920,0
1030965,0
1031089,0
1031857,0
1032816,0
1033199,0
1035035,0
1035182,0
1035256,0
1035769,0
1036342,0
1036813,0
1036994,0
1037123,0
1037157,0
1039047,0
1039805,0
1040178,0
1041666,0
1043081,0
1043568,0
1043622,0
1043883,0
1045622,0
1045870,0
1047061,0
1047441,0
1048268,0
1048289,0
1048496,0
1048689,0
1049991,0
1050215,0
1050517,0
1050536,0
1052369,0
1052595,0
1053008,0
1053125,0
1055809,0
1056154,0
1057116,0
1058214,0
1060591,0
1060747,0
1060829,0
1061238,0
1061988,0
1062929,0
1063144,0
1063402,0
1066135,0
1066142,0
1066155,0
1066158,0
1066160,0
1066176,0
1066181,0
1066192,0
1066198,0
1066271,0
1066558,0
1066851,0
1066953,0
1067800,0
1068214,0
1068443,0
1068493,0
1068865,0
1069797,0
1069970,0
1070095,0
1070950,0
1071163,0
1072408,0
1072901,0
1073018,0
1073412,0
1073426,0
1073736,0
1073992,0
1074082,0
1074274,0
1075191,0
1075392,0
1075684,0
1076558,0
1076737,0
1076959,0
1077162,0
1078164,0
1078501,0
1079394,0
1079624,0
1079849,0
1080200,0
1081133,0
1081286,0
1082061,0
1082841,0
1082872,0
1083096,0
1083157,0
1083548,0
1083758,0
1083852,0
1084246,0
1084282,0
1084536,0
1084735,0
1084921,0
1084986,0
1085091,0
1085316,0
1085616,0
1085797,0
1086936,0
1087064,0
1087663,0
1087733,0
1087994,0
1089279,0
1090645,0
1091848,0
1092515,0
1092587,0
1094216,0
1094407,0
1094768,0
1097060,0
1097525,0
1098264,0
1098759,0
1099285,0
1099513,0
1099606,0
1100228,0
1100488,0
1100643,0
1100794,0
1102542,0
1102966,0
1103276,0
1103386,0
1104070,0
1104147,0
1105498,0
1106443,0
1106703,0
1106731,0
1106820,0
1106929,0
1106972,0
1107040,0
1107955,0
1108061,0
1108892,0
1109156,0
1109525,0
1109891,0
1110461,0
1110829,0
1111403,0
1112180,0
1112470,0
1112702,0
1113542,0
1114889,0
1115195,0
1116099,0
1116308,0
1116416,0
1116629,0
1116635,0
1117461,0
1118726,0
1119827,0
1119911,1
1120064,0
1120099,0
1120118,0
1121120,0
1121669,0
1122187,0
1122768,0
1124700,0
1125667,0
1125676,0
1126480,0
1126989,0
1127396,0
1127422,0
1127674,0
1128216,0
1128267,0
1128912,0
1129040,0
1130378,0
1130658,0
1130855,0
1131701,0
1132265,0
1133710,0
1134017,0
1134912,0
1134973,0
1135818,0
1135909,0
1135943,0
1135978,0
1136018,0
1136162,0
1136270,0
1136987,0
1137084,0
1137328,0
1137448,0
1137564,0
1138301,0
1138398,0
1138455,0
1138835,0
1139082,0
1139422,0
1140281,0
1142186,0
1142214,0
1142512,0
1143467,0
1143872,0
1144018,0
1144551,0
1144814,0
1144840,0
1145865,0
1145949,0
1146341,0
1146363,0
1146433,0
1147065,0
1147391,0
1147688,0
1147944,0
1148102,0
1148346,0
1148712,0
1148794,0
1148907,0
1148986,0
1149237,0
1149287,0
1150979,0
1151197,0
1151435,0
1151778,0
1152459,0
1152526,0
1152885,0
1153328,0
1153879,0
1154349,0
1154554,0
1154596,0
1155060,0
1155694,0
1158346,0
1158978,0
1159017,0
1163615,0
1164544,0
1164726,0
1165526,0
1165751,0
1166081,0
1166583,0
1167979,0
1168244,0
1168763,0
1171430,0
1173127,0
1173478,0
1176687,0
1177453,0
1179615,0
1182811,0
1183084,0
1183160,0
1183499,0
1183604,0
1183861,0
1184086,0
1184371,0
1185446,0
1185464,0
1185646,0
1185732,0
1187828,0
1190324,0
1190812,0
1191239,0
1193879,0
1193922,0
1196215,0
1196274,0
1196880,0
1196904,0
1196914,0
1198658,0
1199498,0
1199510,0
1199826,0
1201838,0
1203154,0
1203303,0
1206323,0
1207062,0
1207433,0
1208201,0
1208468,0
1210638,0
1211085,0
1211100,0
1211419,0
1213347,0
1213745,0
1215169,0
1215380,0
1221279,0
1227291,0
1227550,0
1227562,0
1228631,0
1229964,0
1230575,0
1231688,0
1233243,0
1234241,0
1234746,0
1234852,0
1235073,0
1236067,0
1236443,0
1237198,0
1237247,0
1238543,0
1240443,0
1240730,0
1243714,0
1244275,0
1244483,0
1245595,0
1248071,0
1249213,0
1249227,0
1249340,0
1249363,0
1250363,0
1251114,0
1251169,0
1256047,0
1256550,0
1257507,0
1259167,0
1259205,0
1260013,0
1263072,0
1264894,0
1264917,0
1265114,0
1265130,0
1265146,0
1265186,0
1265203,0
1265237,0
1265253,0
1265280,0
1265285,0
1265310,0
1265312,0
1265316,0
1265319,0
1265340,0
1265360,0
1265372,0
1265375,0
1265381,0
1265385,0
1265413,0
1265430,0
1265460,0
1265466,0
1265485,0
1265617,0
1265620,0
1265637,0
1265668,0
1265707,0
1265709,0
1265736,0
1265770,0
1265779,0
1265782,0
1265968,0
1274076,0
1276587,0
1277585,0
1282365,0
1282370,0
1282372,0
1282504,0
1283176,0
1283577,0
1283962,0
1284007,0
1284010,0
1284018,0
1284182,0
1284363,0
1284591,0
1285457,0
1286277,0
1286698,0
1286780,0
1287316,0
1287976,0
1288823,0
1288929,0
1289058,0
1289254,0
1289457,0
1289494,0
1289767,0
1289837,0
1289842,0
1290153,0
1290529,0
1291029,0
1291188,0
1291298,0
1291592,0
1292540,0
1292787,0
1292906,0
1292925,0
1293083,0
1293902,0
1294563,0
1295156,0
1295490,0
1296016,0
1296093,0
1296107,0
1296893,0
1297133,0
1297343,0
1297404,0
1297462,0
1297615,0
1297657,0
1297843,0
1298152,0
1298219,0
1298548,0
1298713,0
1298862,0
1298956,0
1299043,0
1299406,0
1299426,0
1299954,0
1300621,0
1300836,0
1300998,0
1301097,0
1301627,0
1301730,0
1301876,0
1302049,0
1302109,0
1303237,0
1303786,0
1303915,0
1304319,0
1304657,0
1304765,0
1305073,0
1305300,0
1305517,0
1306181,0
1306228,0
1306495,0
1307390,0
1307778,0
1307886,0
1307976,0
1308238,0
1308691,0
1308988,0
1309204,0
1309552,0
1310061,0
1310152,0
1310242,0
1310324,0
1310341,0
1311565,0
1311949,0
1311967,0
1312154,0
1312477,0
1312553,0
1313195,0
1313252,0
1313930,0
1314015,0
1314256,0
1314265,0
1314303,0
1314436,0
1314688,0
1315163,0
1315284,0
1315858,0
1315959,0
1315987,0
1315990,0
1316144,0
1317088,0
1317100,0
1317162,0
1317445,0
1317585,0
1317908,0
1318192,0
1318777,0
1318867,0
1319057,0
1319210,0
1319553,0
1319878,0
1319929,0
1320010,0
1320264,0
1320539,0
1320654,0
1320720,0
1320760,0
1321130,0
1321635,0
1321957,0
1323000,0
1324017,0
1324099,0
1326053,0
1326338,0
1326407,0
1327473,0
1327861,0
1328335,0
1328711,0
1328942,0
1329439,0
1331298,0
1331373,0
1331573,0
1332037,0
1332431,0
1333271,0
1334238,0
1340314,0
1340737,0
1340849,0
1341670,0
1341948,0
1342721,0
1342911,0
1343657,0
1343753,0
1344680,0
1344936,0
1344945,0
1345840,0
1346852,0
1347024,0
1347841,0
1348961,0
1349568,0
1350737,0
1350788,0
1353261,0
1354666,0
1355046,0
1356157,0
1357273,0
1359044,0
1359063,0
1361082,0
1362339,0
1364498,0
1366632,0
1366666,0
1366686,0
1366735,0
1366743,0
1366773,0
1366783,0
1366807,0
1367269,0
1367510,0
1367886,0
1368509,0
1368514,0
1368606,0
1368697,0
1369075,0
1369196,0
1369266,0
1369337,0
1369377,0
1370073,0
1370131,0
1370165,0
1370227,0
1370442,0
1370578,0
1372003,0
1372383,0
1372418,0
1373017,0
1373069,0
1373215,0
1373919,0
1374688,0
1374943,0
1374949,0
1375749,0
1376302,0
1376444,0
1376583,0
1377130,0
1377155,0
1377312,0
1378053,0
1378460,0
1378929,0
1379083,0
1379089,0
1379801,0
1380413,0
1381845,0
1382605,0
1383027,0
1383215,0
1383234,0
1384178,0
1384238,0
1384435,0
1384629,0
1385418,0
1385462,0
1385597,0
1386034,0
1387331,0
1387723,0
1387823,0
1387833,0
1387938,0
1388433,0
1388648,0
1389088,0
1389346,0
1389673,0
1389770,0
1389789,0
1389946,0
1390421,0
1390704,0
1390765,0
1391015,0
1391246,0
1391417,0
1391452,0
1392195,0
1392968,0
1393018,0
1393858,0
1394073,0
1394984,0
1395970,0
1396355,0
1396520,0
1396580,0
1397471,0
1397541,0
1399377,0
1399445,0
1399548,0
1399783,0
1400480,0
1400907,0
1401131,0
1402163,0
1402743,0
1403747,0
1404688,0
1404693,0
1405130,0
1406457,0
1406704,0
1407176,0
1407375,0
1408576,0
1409285,0
1411117,0
1412449,0
1413722,0
1414414,0
1415180,0
1415227,0
1415504,0
1415827,0
1415919,0
1416527,0
1416529,0
1417794,0
1419952,0
1420568,0
1421775,0
1422325,0
1425485,0
1425630,0
1425885,0
1429133,0
1429230,0
1433191,0
1433711,0
1434678,0
1434820,0
1435287,0
1435783,0
1435947,0
1436156,0
1436592,0
1438863,0
1439618,0
1440480,0
1441241,0
1442594,0
1442958,0
1443004,0
1446344,0
1446749,0
1447022,0
1447566,0
1448312,0
1448729,0
1450453,0
1451154,0
1452126,0
1452324,0
1452674,0
1453409,0
1453418,0
1453435,0
1453470,0
1453495,0
1453532,0
1453569,0
1453587,0
1453592,0
1453682,0
1454477,0
1454792,0
1455492,0
1456214,0
1456613,0
1457996,0
1458669,0
1458813,0
1459009,0
1459262,0
1459416,0
1460247,0
1460895,0
1461249,0
1461927,0
1461976,0
1461981,0
1462239,0
1462593,0
1462721,0
1462968,0
1463522,0
1464113,0
1464736,0
1465744,0
1465842,0
1466530,0
1466609,0
1467668,0
1468181,0
1468197,0
1468419,0
1469831,0
1470303,0
1470386,0
1470689,0
1471365,0
1471532,0
1471998,0
1472477,0
1473153,0
1473708,0
1474404,0
1474620,0
1475444,0
1475473,0
1475640,0
1476228,0
1476336,0
1476359,0
1476573,0
1477678,0
1477722,0
1478157,0
1478189,0
1478301,0
1478531,0
1478612,0
1479373,0
1479580,0
1479808,0
1480259,0
1480334,0
1480766,0
1481021,0
1481055,0
1481277,0
1482183,0
1482249,0
1482527,0
1482828,0
1483120,0
1483202,0
1483519,0
1483877,0
1484893,0
1485313,0
1485636,0
1486869,0
1487884,0
1488722,0
1489216,0
1489503,0
1489622,0
1490073,0
1490894,0
1491108,0
1491369,0
1491516,0
1491980,0
1494022,0
1494846,0
1495124,0
1495239,0
1495655,0
1496157,0
1496497,0
1496682,0
1496834,0
1497080,0
1497179,0
1497374,0
1498003,0
1498642,0
1499069,0
1499212,0
1499317,0
1499350,0
1499461,0
1499530,0
1499684,0
1500106,0
1500393,0
1500536,0
1500711,0
1501000,0
1501610,0
1501947,0
1503018,0
1503042,0
1503047,0
1503326,0
1503393,0
1503595,0
1504030,0
1504614,0
1505509,0
1505619,0
1506029,0
1506415,0
1507069,0
1507132,0
1508390,0
1508464,0
1508520,0
1508911,0
1510222,0
1510600,0
1511259,0
1511670,0
1512467,0
1512916,0
1512988,0
1513917,0
1514023,0
1514061,0
1514184,0
1514458,0
1515250,0
1516855,0
1517002,0
1517126,0
1517841,0
1517930,0
1518212,0
1518735,0
1519096,0
1519198,0
1519856,0
1520785,0
1521212,0
1521484,0
1521647,0
1521679,0
1522157,0
1522518,0
1522573,0
1523020,0
1524515,0
1526133,0
1526849,0
1529535,0
1529788,0
1531155,0
1531167,0
1531512,0
1532531,0
1532632,0
1534509,0
1534522,0
1534699,0
1534771,0
1535218,0
1536493,0
1536976,0
1539029,0
1539721,0
1541629,0
1542164,0
1542889,0
1542912,0
1544289,0
1544604,0
1544646,0
1545009,0
1545540,0
1549247,0
1549869,0
1550827,0
1551923,0
1552116,0
1552452,0
1554619,0
1555158,0
1555466,0
1557640,0
1558619,0
1558730,0
1559501,0
1559688,0
1561000,0
1561513,0
1561888,0
1562321,0
1564016,0
1566273,0
1566632,0
1566866,0
1567123,0
1568168,0
1568836,0
1570388,0
1570409,0
1572109,0
1572512,0
1573449,0
1574058,0
1574284,0
1576314,0
1576732,0
1581296,0
1582389,0
1582622,0
1583362,0
1583443,0
1584528,0
1584586,0
1584981,0
1585697,0
1585833,0
1585926,0
1585998,0
1586678,0
1587261,0
1587407,0
1588145,0
1589055,0
1589494,0
1591381,0
1591575,0
1593131,0
1593585,0
1593759,0
1594270,0
1595843,0
1595974,0
1596298,0
1600620,0
1600762,0
1601380,0
1601641,0
1602245,0
1603258,0
1603877,0
1605506,0
1605509,0
1605556,0
1605589,0
1605592,0
1605621,0
1605622,0
1605635,0
1605655,0
1605660,0
1605701,0
1605729,0
1605741,0
1605745,0
1605752,0
1605825,0
1605852,0
1605861,0
1605890,0
1605918,0
1606431,0
1606690,0
1606771,0
1606777,0
1606888,0
1607061,0
1607757,0
1607831,0
1607899,0
1608682,0
1609103,0
1610064,0
1611226,0
1611617,0
1611834,0
1612466,0
1613078,0
1613365,0
1613848,0
1614096,0
1614874,0
1615000,0
1615138,0
1615392,0
1615543,0
1615786,0
1615986,0
1616041,0
1616266,0
1616634,0
1617241,0
1617587,0
1618179,0
1618470,0
1619604,0
1619647,0
1619932,0
1620014,0
1620269,0
1620472,0
1620864,0
1620985,0
1621158,0
1621963,0
1622114,0
1622344,0
1622527,0
1622531,0
1622541,0
1622656,0
1622917,0
1623912,0
1624125,0
1624788,0
1624916,0
1625332,0
1625628,0
1625841,0
1626033,0
1627312,0
1627725,0
1628277,0
1628793,0
1629254,0
1629586,0
1630275,0
1630282,0
1632195,0
1632393,0
1632413,0
1632488,0
1632495,0
1632701,0
1633039,0
1633377,0
1634092,0
1634197,0
1634274,0
1634341,0
1634492,0
1634940,0
1636538,0
1637728,0
1637979,0
1638244,0
1639580,0
1639809,0
1640360,0
1640766,0
1642271,0
1643894,0
1644099,0
1644216,0
1644936,0
1646320,0
1646814,0
1646905,0
1648547,0
1652846,0
1654117,0
1654392,0
1654554,0
1654971,0
1657395,0
1657635,0
1658347,0
1659264,0
1659549,0
1659952,0
1660554,0
1660688,0
1661019,0
1662822,0
1665396,0
1666975,0
1667460,0
1667499,0
1667809,0
1668531,0
1668997,0
1669615,0
1669827,0
1671752,0
1672087,0
1673356,0
1673877,0
1675464,0
1676065,0
1677275,0
1677619,0
1677688,0
1677720,0
1677852,0
1678164,0
1678492,0
1678646,0
1679473,0
1680377,0
1680542,0
1680589,0
1680882,0
1680910,0
1681385,0
1682140,0
1682485,0
1682769,0
1682930,0
1685242,0
1686009,0
1686185,0
1687187,0
1687236,0
1687377,0
1687397,0
1687741,0
1687791,0
1688660,0
1688721,0
1688883,0
1689293,0
1689422,0
1689574,0
1690113,0
1690686,0
1691616,0
1692347,0
1692476,0
1692800,0
1693319,0
1694725,0
1695091,0
1696454,0
1696749,0
1697021,0
1697071,0
1697836,0
1697857,0
1697950,0
1698319,0
1698413,0
1698864,0
1699067,0
1699895,0
1700235,0
1700676,0
1700778,0
1701085,0
1701882,0
1702008,0
1702932,0
1703630,0
1703930,0
1704464,0
1705019,0
1705490,0
1705792,0
1705948,0
1706043,0
1706159,0
1706303,0
1706472,0
1709085,0
1709116,0
1709583,0
1709825,0
1710039,0
1710066,0
1710521,0
1710949,0
1711065,0
1711371,0
1712361,0
1712719,0
1713063,0
1713435,0
1713544,0
1714348,0
1714634,0
1714824,0
1715639,0
1715811,0
1716303,0
1716876,0
1717035,0
1717586,0
1718663,0
1718864,0
1718976,0
1719260,0
1719400,0
1719616,0
1719736,0
1719997,0
1720056,0
1720809,0
1720952,0
1720993,0
1721083,0
1721412,0
1721591,0
1721636,0
1722073,0
1723068,0
1723350,0
1723582,0
1723593,0
1723708,0
1723710,0
1724161,0
1724167,0
1725165,0
1725666,0
1725860,0
1726195,0
1726366,0
1726946,0
1727290,0
1727384,0
1727426,0
1728504,0
1728541,0
1729376,0
1729974,0
1730670,0
1731029,0
1731043,0
1731416,0
1731683,0
1732269,0
1732823,0
1732890,0
1733098,0
1733113,0
1734431,0
1734500,0
1735272,0
1735805,0
1736364,0
1736447,0
1736576,0
1736883,0
1736904,0
1736981,0
1737905,0
1738572,0
1739836,0
1740000,0
1740283,0
1740315,0
1740319,0
1740979,0
1741301,0
1741700,0
1741794,0
1742518,0
1742736,0
1743056,0
1744051,0
1744669,0
1745217,0
1745813,0
1746160,0
1746650,0
1747172,0
1747947,0
1748112,0
1748758,0
1749041,0
1749268,0
1749805,0
1749892,0
1750438,0
1750841,0
1751077,0
1751723,0
1752951,0
1754367,0
1754464,0
1754550,0
1754816,0
1755010,0
1755048,0
1755784,0
1755835,0
1756296,0
1756365,0
1756573,0
1756895,0
1757675,0
1758678,0
1759479,0
1759504,0
1759619,0
1760329,0
1760367,0
1761216,0
1762119,0
1762616,0
1763581,1
1763777,0
1763948,0
1764482,0
1764964,0
1766925,0
1768575,0
1769870,0
1770275,0
1773578,0
1773803,0
1775468,0
1776202,0
1776905,0
1777313,0
1778878,0
1779315,0
1780028,0
1780212,0
1780818,0
1781195,0
1781439,0
1782227,0
1783066,0
1784099,0
1784285,0
1785460,0
1787276,0
1788325,0
1788428,0
1788454,0
1788768,0
1788838,0
1790477,0
1790968,0
1791415,0
1792217,0
1792672,0
1792883,0
1793818,0
1794192,0
1794282,0
1795263,0
1795455,0
1795747,0
1796164,0
1797351,0
1798211,0
1798766,0
1799283,0
1802049,0
1803807,0
1805863,0
1806332,0
1806706,0
1807298,0
1807325,0
1807832,0
1807979,0
1810223,0
1810544,0
1811022,0
1811104,0
1813168,0
1813761,0
1813897,0
1815916,0
1816154,0
1816701,0
1816977,0
1817141,0
1817481,0
1818858,0
1819785,0
1821127,0
1822086,0
1823445,0
1824066,0
1825001,0
1825076,0
1825214,0
1826988,0
1827516,0
1827671,0
1828592,0
1829915,0
1830253,0
1830468,0
1830744,0
1831583,0
1832850,0
1833885,0
1834293,0
1835262,0
1838464,0
1839129,0
1840674,0
1840886,0
1841045,0
1841140,0
1841450,0
1842670,0
1843393,0
1843962,0
1844421,0
1845396,0
1845555,0
1846117,0
1848859,0
1849068,0
1850983,0
1852438,0
1852501,0
1852759,0
1853214,0
1853387,0
1853961,0
1854320,0
1855266,0
1855494,0
1855577,0
1855638,0
1855815,0
1856472,0
1858145,0
1859478,0
1860564,0
1862449,0
1862841,0
1862976,0
1863208,0
1863965,0
1863990,0
1864033,0
1864105,0
1864185,0
1864192,0
1864204,0
1871795,0
1874597,0
1886597,0
1888722,0
1891572,0
1898693,0
1898743,0
1898775,0
1898777,0
1898781,0
1898800,0
1898812,0
1900282,0
1901061,0
1901548,0
1901816,0
1901835,0
1901978,0
1902152,0
1902319,0
1902341,0
1902451,0
1902916,0
1903808,0
1903983,0
1904393,0
1904472,0
1904593,0
1904668,0
1904905,0
1906307,0
1906664,0
1906868,0
1906991,0
1907002,0
1907013,0
1907448,0
1908229,0
1908893,0
1909156,0
1909303,0
1909559,0
1909749,0
1910886,0
1911091,0
1911159,0
1911775,0
1911864,0
1912248,0
1913029,0
1913117,0
1913360,0
1913381,0
1913839,0
1914064,0
1914525,0
1914591,0
1914808,0
1914962,0
1914970,0
1915017,0
1915700,0
1916113,0
1916746,0
1916753,0
1917584,0
1918985,0
1919680,0
1919987,0
1920048,0
1920223,0
1920405,0
1920629,0
1920920,0
1921307,0
1921428,0
1922126,0
1922401,0
1922797,0
1923059,0
1923335,0
1923337,0
1923468,0
1923613,0
1923648,0
1924011,0
1924762,0
1924854,0
1925161,0
1925262,0
1925578,0
1925968,0
1926404,0
1926833,0
1927288,0
1927847,0
1927861,0
1928088,0
1929541,0
1930139,0
1930249,0
1930622,0
1930630,0
1930844,0
1931051,0
1931257,0
1931283,0
1931312,0
1932128,0
1932492,0
1932619,0
1932666,0
1933200,0
1933400,0
1933798,0
1933879,0
1933950,0
1934535,0
1935240,0
1935300,0
1935659,0
1935783,0
1935814,0
1935935,0
1935960,0
1936187,0
1937014,0
1937504,0
1937594,0
1937654,0
1937768,0
1937824,0
1938058,0
1938201,0
1938613,0
1938999,0
1939059,0
1939145,0
1939427,0
1939516,0
1939786,0
1940078,0
1940206,0
1941035,0
1941041,0
1941170,0
1943141,0
1943170,0
1943651,0
1944073,0
1944117,0
1944517,0
1944712,0
1944978,0
1945254,0
1945421,0
1945926,0
1945943,0
1946054,0
1946328,0
1946541,0
1947002,0
1947083,0
1948476,0
1948719,0
1950910,0
1951098,0
1951213,0
1951281,0
1952762,0
1953529,0
1954399,0
1955235,0
1955844,0
1957168,0
1957322,0
1957658,0
1958656,0
1959062,0
1959167,0
1959572,0
1959618,0
1960302,0
1960361,0
1960615,0
1961287,0
1962400,0
1962658,0
1964016,0
1964635,0
1965109,0
1965798,0
1965866,0
1965902,0
1966103,0
1967591,0
1973033,0
1974254,0
1974857,0
1975318,0
1975330,0
1976175,0
1976250,0
1976898,0
1977079,0
1977940,0
1977945,0
1978053,0
1979095,0
1980660,0
1982234,0
1982742,0
1984335,0
1985452,0
1985505,0
1986670,0
1988093,0
1988614,0
1989716,0
1989951,0
1992920,0
1993638,0
1994289,0
1994493,0
1994774,0
1996385,0
1996468,0
1996481,0
1997521,0
1997880,0
1997968,0
1998380,0
1999663,0
2002251,0
2004308,0
2004333,0
2004380,0
2005220,0
2005510,0
2005621,0
2005643,0
2005664,0
2005675,0
2005705,0
2005707,0
2005711,0
2005742,0
2005757,0
2005809,0
2005835,0
2006036,0
2006270,0
2006368,0
2006631,0
2006841,0
2007087,0
2007100,0
2007423,0
2007447,0
2008202,0
2008492,0
2008916,0
2010296,0
2010311,0
2010752,0
2011506,0
2011512,0
2011697,0
2011715,0
2012008,0
2012050,0
2012163,0
2012628,0
2013035,0
2013132,0
2013326,0
2014374,0
2014399,0
2014519,0
2014970,0
2015176,0
2015728,1
2016426,0
2016501,0
2017999,0
2018298,0
2018555,0
2018704,0
2019363,0
2019477,0
2019665,0
2019994,0
2020230,0
2020383,0
2020524,0
2020596,0
2020698,0
2021076,0
2021114,0
2021464,0
2022105,0
2022268,0
2022461,0
2022599,0
2022785,0
2023088,0
2023251,0
2024265,0
2024504,0
2024508,0
2024800,0
2025457,0
2025596,0
2025654,0
2026144,0
2027260,0
2027324,0
2027796,0
2028045,0
2028283,0
2028415,0
2028586,0
2028665,0
2028687,0
2028844,0
2028850,0
2028919,0
2029567,0
2029742,0
2030677,0
2030716,0
2030757,0
2031002,0
2031329,0
2031359,0
2031721,0
2032012,0
2032015,0
2032081,0
2032085,0
2032664,0
2033816,0
2033896,0
2034097,0
2035010,0
2035117,0
2035350,0
2035725,0
2036323,0
2036668,0
2036751,0
2036931,0
2037187,0
2037429,0
2037465,0
2037479,0
2038282,0
2038828,0
2038912,0
2038952,0
2039285,0
2039505,0
2039664,1
2040064,0
2040217,0
2040527,0
2040589,0
2041224,0
2041277,0
2041390,0
2041784,0
2042057,0
2042589,0
2042779,0
2042931,0
2043113,0
2043398,0
2043449,0
2043478,0
2043484,0
2043611,0
2043834,0
2043856,0
2043889,0
2043977,0
2044625,0
2044657,0
2044660,0
2044688,0
2044869,0
2045061,0
2045130,0
2045490,0
2046222,0
2046441,0
2046645,0
2047069,0
2047239,0
2047312,0
2047472,0
2047770,0
2048338,0
2048401,0
2048479,0
2048836,0
2048942,0
2050855,0
2051354,0
2051417,0
2051615,0
2052683,0
2055552,0
2056631,0
2057552,0
2060172,0
2060552,0
2061714,0
2061942,0
2063737,0
2063908,0
2064378,0
2064456,0
2065642,0
2066452,0
2068461,0
2069250,0
2070191,0
2070400,0
2071165,0
2072673,0
2074488,0
2074668,0
2075914,0
2075932,0
2076443,0
2076467,0
2077052,0
2077662,0
2078572,0
2078710,0
2078903,0
2079815,0
2080249,0
2080402,0
2080893,0
2081679,0
2082086,0
2082130,0
2082425,0
2084534,0
2084922,0
2085524,0
2086238,0
2086317,0
2087457,0
2087892,0
2089012,0
2090260,0
2090297,0
2090472,0
2090581,0
2091899,0
2092530,0
2092611,0
2093227,0
2093272,0
2093657,0
2093871,0
2094142,0
2094771,0
2095005,0
2098968,0
2099307,0
2099443,0
2099468,0
2100147,0
2101096,0
2101170,0
2101179,0
2101230,0
2101253,0
2101950,0
2102253,0
2103672,0
2103971,0
2105029,0
2105171,0
2105501,0
2105624,0
2107461,0
2107809,0
2108042,0
2109178,0
2109249,0
2110154,0
2110280,0
2111267,0
2111463,0
2111793,0
2111986,0
2112216,0
2112678,0
2112884,0
2113482,0
2113518,0
2114239,0
2114444,0
2115886,0
2116247,0
2116546,0
2116669,0
2116785,0
2116994,0
2117770,0
2118332,0
2120404,0
2120529,0
2120798,0
2121089,0
2121492,0
2122857,0
2123489,0
2123999,0
2124076,0
2124198,0
2124233,0
2124370,0
2124504,0
2124509,0
2124616,0
2125613,0
2126308,0
2126358,0
2126469,0
2126950,0
2127359,0
2127780,0
2127803,0
2128295,0
2128909,0
2129386,0
2129467,0
2129892,0
2130136,0
2130254,0
2130476,0
2130755,0
2131186,0
2131902,0
2132207,0
2132507,0
2132779,0
2133001,0
2133213,0
2133617,0
2133650,0
2133915,0
2134045,0
2134182,0
2134923,0
2135019,0
2135368,0
2136210,0
2136252,0
2136285,0
2137456,0
2137855,0
2138373,0
2139000,0
2139611,0
2140357,0
2140557,0
2140873,0
2143029,0
2143074,0
2143247,0
2143357,0
2145420,0
2145583,0
2146442,0
2147557,0
2147979,0
2148886,0
2148931,0
2149203,0
2150294,0
2150338,0
2151046,0
2151344,0
2152517,0
2152781,0
2153208,0
2153477,0
2153641,0
2154242,0
2154582,0
2154701,0
2155282,0
2155412,0
2155896,0
2156581,0
2157457,0
2157540,0
2157871,0
2158884,0
2159436,0
2160728,0
2163040,0
2164626,0
2165558,0
2165707,0
2166964,0
2168726,0
2169190,0
2171664,0
2172352,0
2172746,0
2173624,0
2174526,0
2174874,0
2176564,0
2177143,0
2178144,0
2178906,0
2182145,0
2182414,0
2182604,0
2183116,0
2184296,0
2184711,0
2186038,0
2186417,0
2186972,0
2187003,0
2188801,0
2188962,0
2192121,0
2192942,0
2195435,0
2196398,0
2197219,0
2197848,0
2198518,0
2198602,0
2199806,0
2200911,0
2201669,0
2202245,0
2202808,0
2203159,0
2205387,0
2205820,0
2206189,0
2206212,0
2206639,0
2206821,0
2207610,0
2208366,0
2209920,0
2210470,0
2210533,0
2211558,0
2213158,0
2214633,0
2217092,0
2217844,0
2218727,0
2218850,0
2220098,0
2221112,0
2221402,0
2221413,0
2221423,0
2222511,0
2223348,0
2223867,0
2224591,0
2224802,0
2224858,0
2225283,0
2226650,0
2226756,0
2227204,0
2227545,0
2227570,0
2227585,0
2227690,0
2228664,0
2228771,0
2229267,0
2230361,0
2231143,0
2231169,0
2231211,0
2231224,0
2231246,0
2231260,0
2231267,0
2231269,0
2231286,0
2231316,0
2231322,0
2231335,0
2231379,0
2231877,0
2232374,0
2233437,0
2233681,0
2233754,0
2234076,0
2234294,0
2234632,0
2234834,0
2234895,0
2235014,0
2235131,0
2235420,0
2235519,0
2235995,0
2236106,0
2236950,0
2237062,0
2237367,0
2237642,0
2237670,0
2237716,0
2238356,0
2238489,0
2238676,0
2239159,0
2239581,0
2239932,0
2240088,0
2240812,0
2240813,0
2240825,0
2240859,0
2242114,0
2242174,0
2242449,0
2242516,0
2243278,0
2243325,0
2244661,0
2244951,0
2245018,0
2245368,0
2246399,0
2246523,0
2246556,0
2247351,0
2247553,0
2247859,0
2248373,0
2248662,0
2248898,0
2249262,0
2249821,0
2250333,0
2250594,0
2250651,0
2251528,0
2252054,0
2252520,0
2252554,0
2252625,0
2252992,0
2253258,0
2253459,0
2253550,0
2253826,0
2254142,0
2254403,0
2254749,0
2254861,0
2255545,0
2255606,0
2255693,0
2256747,0
2258044,0
2258268,0
2258900,0
2259842,0
2259992,0
2260796,0
2260985,0
2261515,0
2261778,0
2262251,0
2262813,0
2263793,0
2264392,0
2264864,0
2265660,0
2266166,0
2266651,0
2266933,0
2267043,0
2267279,0
2268170,0
2268263,0
2269727,0
2269838,0
2270204,0
2270353,0
2271354,0
2271465,0
2272124,0
2272265,0
2272289,0
2272340,0
2272388,0
2272491,0
2272840,0
2273317,0
2273529,0
2273761,0
2273936,0
2274547,0
2274710,0
2275123,0
2275124,0
2275921,0
2276059,0
2276984,0
2277464,0
2277534,0
2277541,0
2278133,0
2278566,0
2278917,0
2279292,0
2279944,0
2280049,0
2280332,0
2280409,0
2280530,0
2281071,0
2281301,0
2281391,0
2281404,0
2282014,0
2282690,0
2283459,0
2283786,0
2283906,0
2284567,0
2284739,0
2284959,0
2285396,0
2286314,0
2286984,0
2287183,0
2287548,0
2288949,0
2289007,0
2289137,0
2289340,0
2289423,0
2289617,0
2289829,0
2290022,0
2290067,0
2290335,0
2290409,0
2290626,0
2291810,0
2292246,0
2292612,0
2293681,0
2294082,0
2296543,0
2297019,0
2297885,0
2298899,0
2299130,0
2299417,0
2304205,0
2307302,0
2307342,0
2307569,0
2307679,0
2308316,0
2308621,0
2309121,0
2309549,0
2310336,0
2310578,0
2310674,0
2312677,0
2313830,0
2314430,0
2317306,0
2318281,0
2318660,0
2318845,0
2320191,0
2321466,0
2321693,0
2322871,0
2323905,0
2324262,0
2325947,0
2326518,0
2326901,0
2328358,0
2329682,0
2329687,0
2330257,0
2331993,0
2332069,0
2332616,0
2332618,0
2333796,0
2334301,0
2334531,0
2334579,0
2335365,1
2335771,0
2337176,0
2339025,0
2339778,0
2340307,0
2340736,0
2341481,0
2341995,0
2342252,0
2345225,0
2345562,0
2345727,0
2346254,0
2346651,0
2347977,0
2349271,0
2349528,0
2349682,0
2349908,0
2349990,0
2351260,0
2352009,0
2352012,0
2352744,0
2355086,0
2355491,0
2355918,0
2356029,0
2356292,0
2357048,0
2357209,0
2358778,0
2358790,0
2359604,0
2359613,0
2360177,0
2360526,0
2360528,0
2360544,0
2360633,0
2360641,0
2360649,0
2360654,0
2360686,0
2360688,0
2360691,0
2360707,0
2360719,0
2360774,0
2360791,0
2361466,0
2361650,0
2361718,0
2361825,0
2362257,0
2362423,0
2362554,0
2363275,0
2363517,0
2364161,0
2364377,0
2365700,0
2366001,0
2366294,0
2366508,0
2366520,0
2366534,0
2366837,0
2368671,0
2368765,0
2369222,0
2369248,0
2369266,0
2369610,0
2369844,0
2370186,0
2370520,0
2370906,0
2370979,0
2371116,0
2371279,0
2371690,0
2371814,0
2372498,0
2372621,0
2373148,0
2373302,0
2373393,0
2373603,0
2373658,0
2373751,0
2374372,0
2374564,0
2374572,0
2374637,0
2374723,0
2374778,0
2374812,0
2374844,0
2375274,0
2375911,0
2376329,0
2376741,0
2376898,0
2376927,0
2378297,0
2378522,0
2378986,0
2378998,0
2379141,0
2379249,0
2380650,0
2381256,0
2382637,0
2383415,0
2383749,0
2383986,0
2384080,0
2384921,0
2384943,0
2385383,0
2386842,0
2387057,0
2387288,0
2387377,0
2387439,0
2387711,0
2388043,0
2388598,0
2388672,0
2389271,0
2390200,0
2390376,0
2390466,0
2390952,0
2391160,0
2391490,0
2392307,0
2392667,0
2392680,0
2392755,0
2393346,0
2393736,0
2393765,0
2394192,0
2394440,0
2395541,0
2395707,0
2396005,0
2396297,0
2396547,0
2396640,0
2397059,0
2397156,0
2397347,0
2398185,0
2398565,0
2398788,0
2399134,0
2399885,0
2400128,0
2400549,0
2400989,0
2401348,0
2401349,0
2402133,0
2402163,0
2403112,0
2403262,0
2403309,0
2403490,0
2404601,0
2404692,0
2404798,0
2404836,0
2404853,0
2405358,0
2406373,0
2406398,0
2406647,0
2407042,0
2407334,0
2407763,0
2407857,0
2408310,0
2408787,0
2408838,0
2409158,0
2409714,0
2409735,0
2409956,0
2410040,0
2410049,0
2410703,0
2410768,0
2412315,0
2412559,0
2412822,0
2413407,0
2414588,0
2414634,0
2415157,0
2415325,0
2415346,0
2416113,0
2416172,0
2416652,0
2416720,0
2417295,0
2417685,0
2417982,0
2418141,0
2418374,0
2419215,0
2419343,0
2419658,0
2423506,0
2427572,0
2427671,0
2427830,0
2428324,0
2428527,0
2429439,0
2430069,0
2430264,0
2430723,0
2431757,0
2432202,0
2433975,0
2434197,0
2435495,0
2436426,0
2436955,0
2439667,0
2441266,0
2441571,0
2442898,0
2443417,0
2446871,0
2447231,0
2447684,0
2447726,0
2448396,0
2448564,0
2449615,0
2449673,0
2450282,0
2451202,0
2451216,0
2452604,0
2452688,0
2453681,0
2453828,0
2455151,0
2455493,0
2455519,0
2457372,0
2458718,0
2458894,0
2460506,0
2460716,0
2461016,0
2461388,0
2463896,0
2464121,0
2464779,0
2466725,0
2466759,0
2466887,0
2467320,0
2467570,0
2467970,0
2467998,0
2468644,0
2468667,0
2470453,0
2470960,0
2473341,0
2474862,0
2476099,0
2476104,0
2476755,0
2477362,0
2481177,0
2481926,0
2483831,0
2484083,0
2484110,0
2485228,0
2485276,0
2485310,0
2485312,0
2485331,0
2485334,0
2485340,0
2485349,0
2485357,0
2485360,0
2485366,0
2485405,0
2485417,0
2485457,0
2485933,0
2486089,0
2486733,0
2486917,0
2486925,0
2487379,0
2487477,0
2487768,0
2488274,0
2489126,0
2489732,0
2490048,0
2490158,0
2491182,0
2491698,0
2492734,0
2492803,0
2492923,0
2493060,0
2493090,0
2494069,0
2494865,0
2495140,0
2495892,0
2496022,0
2496396,0
2496612,0
2496684,0
2496860,0
2497590,0
2497894,0
2498248,0
2498259,0
2498462,0
2498593,0
2498869,0
2498976,0
2499346,0
2499882,0
2499965,0
2499970,0
2500067,0
2500819,0
2500990,0
2501119,0
2501163,0
2501361,0
2501699,0
2501964,0
2502323,0
2502438,0
2502698,0
2503134,0
2503229,0
2503744,0
2504099,0
2504688,0
2505417,0
2505862,0
2507066,0
2508867,0
2509520,0
2509741,0
2511282,0
2513411,0
2513545,0
2513664,0
2513802,0
2513880,0
2515447,0
2515504,0
2515642,0
2517178,0
2517814,0
2517862,0
2519680,0
2521852,0
2522932,0
2523615,0
2525501,0
2527270,0
2527408,0
2527429,0
2527434,0
2527438,0
2527504,0
2527739,0
2527811,0
2527822,0
2528290,0
2528372,0
2528490,0
2528581,0
2528720,0
2528996,0
2529068,0
2529156,0
2529225,0
2529366,0
2529736,0
2529841,0
2529935,0
2530496,0
2530585,0
2530616,0
2531165,0
2531480,0
2532058,0
2532316,0
2532407,0
2532597,0
2532853,0
2532947,0
2532995,0
2533062,0
2533565,0
2533732,0
2534229,0
2534302,0
2534342,0
2534470,0
2534577,0
2534997,0
2535074,0
2535264,0
2535727,0
2536097,0
2536140,0
2537344,0
2538247,0
2539148,0
2539337,0
2539397,0
2539399,0
2539756,0
2539854,0
2540068,0
2540276,0
2540282,0
2540493,0
2540637,0
2541165,0
2541670,0
2541798,0
2543006,0
2544599,0
2545521,0
2545961,0
2546267,0
2547027,0
2547367,0
2547785,0
2548227,0
2549012,0
2550257,0
2550455,0
2551341,0
2552709,0
2553537,0
2553746,0
2554744,0
2555047,0
2555259,0
2556072,0
2557399,0
2557907,0
2559332,0
2559503,0
2559925,0
2560046,0
2561040,0
2561567,0
2562229,0
2562546,0
2562597,0
2563802,0
2563811,0
2564619,0
2564746,0
2565589,0
2566074,0
2568090,0
2568094,0
2568425,0
2568435,0
2568598,0
2569594,0
2569748,0
2569896,0
2570207,0
2570524,0
2570562,0
2570894,0
2570916,0
2570941,0
2571009,0
2571058,0
2571658,0
2571881,0
2572012,0
2572045,0
2572055,0
2572099,0
2572110,0
2572171,0
2572417,0
2572461,0
2572509,0
2572677,0
2572699,0
2572754,0
2573120,0
2573427,0
2574666,0
2574735,0
2576952,0
2576999,0
2579500,0
2581451,0
2581532,0
2581773,0
2581895,0
2582015,0
2582091,0
2582219,0
2582341,0
2582481,0
2582536,0
2582790,0
2583199,0
2583302,0
2583367,0
2583539,0
2583583,0
2583590,0
2583755,0
2583910,0
2584147,0
2584183,0
2584364,0
2584399,0
2584511,0
2584513,0
2584530,0
2584761,0
2584795,0
2585169,0
2585384,0
2585411,0
2585504,0
2585780,0
2586188,0
2586348,0
2586357,0
2586417,0
2586438,0
2586653,0
2586774,0
2587007,0
2587286,0
2588364,0
2588488,0
2588684,0
2588746,0
2588851,0
2589036,0
2589610,0
2589818,0
2589877,0
2589987,0
2590086,0
2590246,0
2590436,0
2590942,0
2591028,0
2591035,0
2591373,0
2591722,0
2592064,0
27701,0
128027,1
133292,0
149900,0
154777,0
155937,0
161261,1
174376,0
180934,0
197146,0
205094,0
205811,0
213055,0
214646,0
218565,0
221454,1
247493,0
301999,0
302704,0
313480,0
328383,0
345053,0
346753,0
352534,0
360939,0
389602,0
399260,0
402103,1
444061,0
460351,0
468902,0
471515,0
472826,0
489431,0
494907,0
522123,0
574645,0
591487,0
597666,0
621956,0
623766,0
636053,0
645808,0
678483,0
682889,0
755703,0
836122,0
845487,0
846226,0
853509,0
865885,0
890014,0
900237,0
909177,0
954161,0
978061,0
1027981,0
1033916,0
1037446,0
1042323,0
1048940,0
1050487,0
1059324,0
1173947,0
1185725,0
1189044,0
1191407,0
1197480,0
1235024,0
1248131,0
1248674,0
1250301,0
1251195,0
1255000,0
1255635,0
1262011,0
1264879,0
1297208,0
1337646,0
1341181,0
1345230,0
1358996,0
1374128,0
1379855,0
1418735,0
1425680,0
1430901,0
1434032,0
1439021,0
1456732,0
1466639,0
1474210,0
1491444,1
1523835,0
1529276,0
1530497,0
1554580,0
1557239,0
1568976,0
1577167,0
1579283,0
1595585,0
1602517,0
1632875,0
1639426,0
1644093,0
1649407,0
1656376,0
1659157,0
1666527,0
1672095,0
1705682,0
1766888,0
1769516,0
1786302,0
1813861,0
1821949,0
1827234,0
1859163,0
1901746,0
1902967,0
1959393,0
2002598,0
2002802,0
2009384,0
2015923,0
2036947,0
2037983,0
2043817,0
2060873,0
2065908,0
2077399,0
2079605,0
2083715,0
2084753,0
2095381,0
2098513,0
2101388,0
2164001,0
2165127,0
2168681,0
2170748,0
2173643,0
2177843,0
2186590,0
2190962,0
2201541,0
2217702,0
2219006,0
2230492,0
2230863,0
2263246,0
2296762,0
2326298,0
2333452,0
2342474,0
2350396,0
2357367,0
2404885,0
2428932,0
2439685,0
2446904,0
2450984,0
2458309,0
2468534,0
2473149,0
2479403,0
2519372,0
2520533,0
2527174,1
2536691,1
2545707,0
2549585,0
2564501,0
2566209,0
2577258,0
2579772,0
2589228,0
3224,0
15722,0
23407,0
30241,0
42650,0
50693,0
53610,0
59856,0
67141,0
71384,0
91206,0
103572,0
107612,0
126795,0
133101,0
133597,0
134352,0
136489,0
136593,0
142854,0
144675,0
150599,0
158959,0
159136,0
162842,0
189032,0
190722,0
203279,0
204159,0
204766,0
206311,0
206343,1
209604,0
214124,0
218152,0
235692,0
237290,0
241003,0
252901,0
258434,0
258715,0
260865,1
266725,0
270469,0
279589,0
283956,0
286635,0
296672,0
305780,0
307958,1
313912,0
334648,0
337176,0
337971,0
340571,0
342118,0
344443,0
347349,0
351699,0
369487,0
370272,0
373946,0
381414,0
386187,1
390555,0
391466,0
392250,0
400226,0
403881,0
405210,0
408823,0
430598,0
436011,0
448041,0
452981,0
459597,0
459875,1
460130,1
463582,0
467492,0
467508,0
481576,0
483859,0
489391,0
507365,0
511521,0
539078,0
546543,0
560641,0
567270,0
578109,0
584367,0
584786,0
587062,0
588134,0
588231,0
594853,0
598100,0
607065,0
609845,0
619043,0
625839,0
627619,0
636420,0
638336,0
642353,0
644955,0
665147,0
676549,0
696434,0
699045,0
700097,0
705904,0
736976,0
747296,0
749701,0
816103,0
816327,0
834309,0
834586,0
835181,0
836550,0
852077,0
862323,0
865493,0
865620,0
870768,0
873931,0
877827,1
878393,0
878472,0
886903,0
891203,0
894733,0
898078,0
908372,0
914566,0
915249,0
924486,0
926781,0
927544,0
932018,0
937924,0
966077,0
976566,0
1001690,0
1009019,0
1010305,0
1024345,0
1025299,0
1027546,0
1041244,0
1043687,0
1054724,0
1065363,0
1065806,1
1066509,0
1103785,0
1105399,0
1106899,0
1134644,0
1136809,1
1138192,0
1163609,1
1165509,0
1166725,0
1179675,0
1181740,0
1184134,0
1184494,0
1188036,0
1188974,0
1192798,0
1202530,0
1204739,0
1205630,0
1206725,0
1230958,0
1250045,0
1256434,0
1258482,0
1264383,0
1275949,0
1298751,0
1306738,0
1317242,0
1319008,0
1324984,0
1325108,0
1325672,0
1329961,0
1337080,0
1343470,0
1345074,0
1345447,0
1347008,0
1352419,0
1357056,0
1359469,0
1363623,0
1370060,0
1372769,0
1374618,0
1379595,0
1387976,0
1393046,0
1394654,0
1396391,0
1398564,0
1400446,0
1401004,0
1406232,0
1412087,0
1413059,0
1417648,0
1421139,0
1425108,0
1425745,0
1427253,0
1428171,0
1428713,0
1432967,0
1439490,0
1439562,0
1440800,0
1442484,0
1442848,1
1443541,0
1443989,0
1447753,0
1454480,0
1455948,0
1464952,1
1465440,0
1465484,0
1476233,0
1483692,0
1486206,0
1487795,0
1491070,0
1494441,1
1497983,0
1519834,0
1539236,0
1539861,0
1540886,0
1548118,0
1557571,0
1562506,0
1570996,0
1571599,0
1573288,0
1578897,0
1583273,0
1588149,0
1598027,0
1600743,0
1603304,0
1604390,0
1609275,0
1620605,0
1634809,0
1638888,0
1639883,0
1646988,0
1647329,0
1649655,0
1651989,0
1661316,0
1662327,0
1662845,0
1663000,0
1687107,0
1700770,0
1705463,0
1719029,0
1727836,0
1734609,0
1749238,0
1751194,0
1752543,0
1754590,0
1758722,0
1762228,0
1764224,0
1765222,0
1765764,0
1766225,0
1768856,0
1772511,0
1781749,0
1786199,0
1787985,0
1797316,0
1798089,0
1803328,0
1809949,0
1812061,0
1812181,0
1819023,0
1820556,0
1821047,1
1825823,0
1838160,0
1839094,0
1841513,0
1842409,0
1844228,0
1848848,0
1856658,0
1859367,0
1859418,0
1861086,0
1861224,0
1884906,0
1907842,0
1912534,0
1914744,0
1917483,0
1927437,0
1930829,0
1941664,0
1946535,0
1949085,0
1953666,0
1953915,0
1956745,0
1957621,0
1961523,0
1962223,0
1963156,0
1965497,0
1967171,0
1969378,0
1973584,0
1973688,0
1975922,0
1978244,0
1978510,0
1980879,0
1982164,0
1982560,0
1984219,0
1986813,0
1987647,0
1992580,0
1993220,0
1999659,0
1999983,0
2002430,0
2009395,0
2010517,0
2018721,0
2022637,0
2039148,0
2042801,0
2043296,0
2043734,0
2045865,0
2047249,0
2047946,0
2048508,0
2050091,0
2051049,0
2056078,0
2056967,0
2059084,0
2061560,0
2063507,0
2068530,0
2073488,0
2074138,0
2079291,0
2079663,0
2079712,0
2081037,0
2084320,0
2085881,0
2088955,0
2090343,0
2104223,0
2113058,0
2116155,0
2126710,0
2147671,0
2159219,0
2168791,0
2170989,0
2171743,1
2181681,1
2181829,0
2185652,0
2194193,0
2200165,0
2204719,0
2210017,0
2214587,0
2214644,0
2224940,0
2227713,0
2232238,0
2237068,0
2247892,0
2254966,1
2259473,0
2278634,0
2279477,0
2284749,0
2286422,0
2297810,0
2299334,0
2303867,0
2306365,0
2312395,0
2317498,0
2319884,0
2320012,0
2330831,0
2345181,0
2346101,0
2357435,0
2362354,0
2373071,0
2373626,0
2374678,0
2381271,0
2381877,0
2386789,0
2388954,0
2391096,0
2392659,0
2415861,0
2419287,0
2424781,0
2425357,0
2425431,0
2429491,1
2434390,0
2435347,0
2439794,0
2446280,1
2449649,0
2459491,0
2462516,0
2472778,0
2473619,0
2473845,0
2482910,1
2491671,0
2494811,0
2498129,0
2509533,0
2511381,0
2513583,0
2514324,0
2516235,0
2516660,0
2518937,0
2521638,0
2522860,0
2528427,0
2538339,0
2542313,0
2550567,0
2562424,0
2565426,0
2567202,0
2568923,0
2571929,0
2577695,0
2580360,0
2582332,0
2586445,0
2588690,0
2589528,0
2591937,0
92756,0
99425,0
117694,0
153371,0
169989,0
280395,0
299610,0
302049,0
374452,0
374721,0
379362,0
390343,0
447845,0
511397,0
564264,0
584337,0
605117,0
655926,0
676345,0
728012,0
732356,0
784296,0
1028844,0
1072402,0
1077820,0
1099176,0
1107838,0
1147519,0
1150677,0
1165092,0
1182318,0
1186639,0
1265098,0
1318552,0
1331734,0
1354754,0
1363591,0
1406615,0
1447489,0
1452624,0
1477474,0
1494555,0
1567886,0
1605473,0
1675549,0
1698093,0
1814070,0
1816196,0
1921119,0
1930039,0
1931559,0
1996484,0
2012349,0
2031043,0
2031897,0
2037566,0
2057568,0
2080077,0
2104087,0
2107615,1
2114483,0
2123750,0
2125185,0
2152112,0
2160482,0
2173018,0
2174035,0
2177770,0
2188500,0
2228632,0
2252981,0
2253259,0
2268396,0
2351988,0
2361112,0
2370398,0
2382884,0
2389741,0
2393053,0
2491460,0
2494236,0
2495886,0
2503349,0
2504950,0
2509170,0
2518199,0
2528220,0
2532502,0
2543020,0
2582105,0
2587333,0
1583382,1
1014826,0
1986412,1
56087,0
703361,0
1674598,0
1795902,1
1818776,0
1851983,0
2074085,0
2095927,0
2125973,0
2511714,1
2558094,1
